120 5463
2 3 -3
3 1 17
3 2 5
4 3 15
5 2 16
6 1 20
7 3 -8
7 5 5
7 6 20
8 2 -3
8 4 1
8 6 -2
9 1 3
9 4 -1
9 5 15
10 1 9
10 2 6
10 3 20
11 3 5
11 5 -6
11 6 13
11 8 19
11 9 5
11 10 17
12 2 7
12 4 1
12 6 -1
12 7 -6
12 9 10
12 10 14
13 1 -5
13 4 12
13 5 3
13 7 9
13 8 -9
13 10 4
14 1 6
14 2 20
14 3 1
14 7 -4
14 8 7
14 9 12
15 1 8
15 2 -5
15 3 4
15 4 -3
15 5 7
15 6 -7
16 3 4
16 5 3
16 6 -4
16 8 -2
16 9 13
16 10 2
16 12 -6
16 13 6
16 14 17
16 15 3
17 2 -4
17 4 5
17 6 8
17 7 2
17 9 -7
17 10 14
17 11 10
17 13 -2
17 14 -1
17 15 5
18 1 -7
18 4 13
18 5 19
18 7 -3
18 8 7
18 10 16
18 11 -5
18 12 12
18 14 -5
18 15 13
19 1 -3
19 2 10
19 3 16
19 7 -1
19 8 -9
19 9 4
19 11 -4
19 12 -8
19 13 -10
19 15 -1
20 1 3
20 2 4
20 3 8
20 4 -2
20 5 4
20 6 15
20 11 4
20 12 14
20 13 1
20 14 -5
21 1 2
21 2 -5
21 3 18
21 4 8
21 5 6
21 6 -3
21 7 -2
21 8 1
21 9 20
21 10 19
22 3 -6
22 5 4
22 6 -4
22 8 4
22 9 -4
22 10 15
22 12 16
22 13 14
22 14 18
22 15 8
22 17 -10
22 18 7
22 19 2
22 20 19
22 21 20
23 2 -4
23 4 -10
23 6 -9
23 7 1
23 9 -3
23 10 18
23 11 9
23 13 -8
23 14 14
23 15 -6
23 16 -5
23 18 7
23 19 4
23 20 -5
23 21 14
24 1 14
24 4 -2
24 5 3
24 7 1
24 8 5
24 10 10
24 11 1
24 12 13
24 14 18
24 15 6
24 16 -8
24 17 18
24 19 -6
24 20 14
24 21 -6
25 1 15
25 2 -6
25 3 16
25 7 4
25 8 18
25 9 17
25 11 -1
25 12 9
25 13 -6
25 15 3
25 16 -3
25 17 16
25 18 9
25 20 6
25 21 12
26 1 -4
26 2 19
26 3 5
26 4 -9
26 5 18
26 6 10
26 11 -5
26 12 -10
26 13 5
26 14 -2
26 16 -7
26 17 -8
26 18 -7
26 19 -4
26 21 -3
27 1 16
27 2 4
27 3 14
27 4 -3
27 5 12
27 6 9
27 7 12
27 8 10
27 9 20
27 10 -9
27 16 -3
27 17 6
27 18 -7
27 19 12
27 20 15
28 1 2
28 2 12
28 3 9
28 4 6
28 5 8
28 6 6
28 7 10
28 8 6
28 9 20
28 10 11
28 11 7
28 12 -1
28 13 -4
28 14 11
28 15 -10
29 3 13
29 5 11
29 6 4
29 8 8
29 9 -7
29 10 6
29 12 7
29 13 -8
29 14 8
29 15 -9
29 17 11
29 18 -1
29 19 -7
29 20 1
29 21 6
29 23 -6
29 24 -3
29 25 -5
29 26 13
29 27 -10
29 28 -2
30 2 8
30 4 1
30 6 6
30 7 5
30 9 16
30 10 -6
30 11 15
30 13 18
30 14 5
30 15 -1
30 16 1
30 18 13
30 19 6
30 20 9
30 21 15
30 22 12
30 24 14
30 25 -4
30 26 5
30 27 17
30 28 6
31 1 5
31 4 -9
31 5 20
31 7 4
31 8 7
31 10 7
31 11 -5
31 12 14
31 14 4
31 15 11
31 16 18
31 17 2
31 19 2
31 20 -7
31 21 4
31 22 4
31 23 2
31 25 15
31 26 17
31 27 15
31 28 -4
32 1 10
32 2 20
32 3 -3
32 7 -7
32 8 -8
32 9 -9
32 11 20
32 12 -10
32 13 1
32 15 -10
32 16 -7
32 17 -8
32 18 3
32 20 20
32 21 6
32 22 -10
32 23 -6
32 24 6
32 26 -10
32 27 4
32 28 3
33 1 2
33 2 17
33 3 5
33 4 3
33 5 15
33 6 14
33 11 11
33 12 14
33 13 -6
33 14 18
33 16 10
33 17 18
33 18 13
33 19 8
33 21 16
33 22 1
33 23 10
33 24 -5
33 25 11
33 27 -6
33 28 2
34 1 -5
34 2 2
34 3 17
34 4 10
34 5 -10
34 6 -5
34 7 -9
34 8 -8
34 9 10
34 10 -5
34 16 7
34 17 -2
34 18 5
34 19 2
34 20 20
34 22 17
34 23 -3
34 24 18
34 25 2
34 26 18
34 28 6
35 1 16
35 2 4
35 3 17
35 4 6
35 5 18
35 6 -3
35 7 2
35 8 -1
35 9 6
35 10 -6
35 11 9
35 12 -2
35 13 -2
35 14 -7
35 15 17
35 22 14
35 23 8
35 24 -2
35 25 13
35 26 -2
35 27 8
36 1 -7
36 2 19
36 3 12
36 4 -1
36 5 11
36 6 10
36 7 13
36 8 11
36 9 9
36 10 19
36 11 -3
36 12 2
36 13 6
36 14 17
36 15 20
36 16 -4
36 17 13
36 18 -10
36 19 3
36 20 -1
36 21 5
37 3 -7
37 5 1
37 6 3
37 8 13
37 9 -5
37 10 13
37 12 9
37 13 2
37 14 19
37 15 15
37 17 19
37 18 8
37 19 18
37 20 -4
37 21 4
37 23 -2
37 24 6
37 25 -4
37 26 -5
37 27 20
37 28 11
37 30 19
37 31 13
37 32 -7
37 33 10
37 34 -3
37 35 -1
37 36 -3
38 2 3
38 4 16
38 6 -4
38 7 10
38 9 9
38 10 -5
38 11 15
38 13 4
38 14 17
38 15 6
38 16 -10
38 18 19
38 19 20
38 20 16
38 21 2
38 22 -5
38 24 -6
38 25 16
38 26 -1
38 27 -10
38 28 -4
38 29 11
38 31 9
38 32 -9
38 33 -10
38 34 16
38 35 -8
38 36 19
39 1 -4
39 4 2
39 5 4
39 7 -8
39 8 16
39 10 2
39 11 7
39 12 -6
39 14 15
39 15 -1
39 16 2
39 17 -8
39 19 20
39 20 15
39 21 5
39 22 15
39 23 10
39 25 -10
39 26 20
39 27 19
39 28 1
39 29 6
39 30 18
39 32 4
39 33 3
39 34 17
39 35 3
39 36 -5
40 1 17
40 2 12
40 3 15
40 7 -1
40 8 10
40 9 3
40 11 -1
40 12 2
40 13 20
40 15 16
40 16 -9
40 17 9
40 18 -1
40 20 18
40 21 -4
40 22 17
40 23 20
40 24 12
40 26 -4
40 27 18
40 28 -6
40 29 4
40 30 19
40 31 -4
40 33 17
40 34 14
40 35 -3
40 36 4
41 1 12
41 2 19
41 3 -9
41 4 -7
41 5 -10
41 6 19
41 11 17
41 12 18
41 13 17
41 14 15
41 16 -10
41 17 -9
41 18 4
41 19 -8
41 21 -1
41 22 16
41 23 9
41 24 19
41 25 20
41 27 13
41 28 6
41 29 9
41 30 -1
41 31 20
41 32 -6
41 34 16
41 35 2
41 36 14
42 1 -5
42 2 -7
42 3 -2
42 4 13
42 5 10
42 6 -9
42 7 17
42 8 -3
42 9 17
42 10 20
42 16 13
42 17 -6
42 18 15
42 19 20
42 20 -5
42 22 19
42 23 -5
42 24 2
42 25 1
42 26 -7
42 28 20
42 29 -4
42 30 -9
42 31 17
42 32 10
42 33 16
42 35 1
42 36 -10
43 1 1
43 2 -2
43 3 -8
43 4 5
43 5 -2
43 6 -6
43 7 19
43 8 3
43 9 -3
43 10 13
43 11 4
43 12 7
43 13 19
43 14 9
43 15 12
43 22 -7
43 23 1
43 24 3
43 25 -4
43 26 8
43 27 1
43 29 2
43 30 16
43 31 -10
43 32 -6
43 33 6
43 34 -7
43 36 4
44 1 8
44 2 8
44 3 20
44 4 8
44 5 14
44 6 -10
44 7 7
44 8 13
44 9 -1
44 10 4
44 11 -7
44 12 1
44 13 -10
44 14 12
44 15 -6
44 16 -10
44 17 -3
44 18 12
44 19 1
44 20 15
44 21 4
44 29 17
44 30 -8
44 31 16
44 32 4
44 33 11
44 34 9
44 35 3
45 1 -4
45 2 6
45 3 5
45 4 16
45 5 -1
45 6 -8
45 7 5
45 8 4
45 9 15
45 10 -4
45 11 -9
45 12 3
45 13 -2
45 14 -8
45 15 2
45 16 -7
45 17 -8
45 18 4
45 19 2
45 20 2
45 21 20
45 22 10
45 23 7
45 24 -2
45 25 15
45 26 -6
45 27 -1
45 28 4
46 3 -10
46 5 9
46 6 -7
46 8 -6
46 9 12
46 10 -1
46 12 17
46 13 18
46 14 -5
46 15 8
46 17 -3
46 18 15
46 19 -7
46 20 18
46 21 -2
46 23 -3
46 24 3
46 25 10
46 26 12
46 27 20
46 28 -3
46 30 6
46 31 14
46 32 -10
46 33 -8
46 34 4
46 35 1
46 36 9
46 38 4
46 39 20
46 40 -1
46 41 6
46 42 -3
46 43 3
46 44 17
46 45 4
47 2 -5
47 4 -6
47 6 -7
47 7 -10
47 9 18
47 10 15
47 11 12
47 13 4
47 14 17
47 15 14
47 16 -7
47 18 -8
47 19 -7
47 20 5
47 21 -4
47 22 9
47 24 13
47 25 17
47 26 5
47 27 12
47 28 1
47 29 3
47 31 13
47 32 13
47 33 -9
47 34 14
47 35 7
47 36 15
47 37 7
47 39 11
47 40 15
47 41 -9
47 42 -10
47 43 15
47 44 3
47 45 1
48 1 5
48 4 -6
48 5 -1
48 7 2
48 8 13
48 10 17
48 11 2
48 12 -4
48 14 14
48 15 6
48 16 14
48 17 -8
48 19 3
48 20 -5
48 21 8
48 22 16
48 23 11
48 25 -5
48 26 12
48 27 3
48 28 -1
48 29 5
48 30 -4
48 32 1
48 33 6
48 34 3
48 35 -7
48 36 10
48 37 -2
48 38 -1
48 40 10
48 41 -7
48 42 5
48 43 10
48 44 9
48 45 -10
49 1 18
49 2 4
49 3 -10
49 7 -6
49 8 16
49 9 11
49 11 -10
49 12 13
49 13 4
49 15 -2
49 16 5
49 17 -7
49 18 9
49 20 -7
49 21 17
49 22 1
49 23 7
49 24 11
49 26 12
49 27 12
49 28 4
49 29 15
49 30 4
49 31 3
49 33 -7
49 34 -4
49 35 16
49 36 4
49 37 7
49 38 7
49 39 20
49 41 5
49 42 16
49 43 18
49 44 6
49 45 -6
50 1 11
50 2 19
50 3 -5
50 4 4
50 5 -7
50 6 20
50 11 -8
50 12 1
50 13 -2
50 14 3
50 16 19
50 17 1
50 18 14
50 19 3
50 21 8
50 22 12
50 23 13
50 24 3
50 25 1
50 27 -7
50 28 -3
50 29 19
50 30 12
50 31 5
50 32 -5
50 34 8
50 35 13
50 36 3
50 37 15
50 38 -2
50 39 6
50 40 19
50 42 19
50 43 3
50 44 2
50 45 -1
51 1 20
51 2 -3
51 3 17
51 4 4
51 5 10
51 6 10
51 7 11
51 8 11
51 9 3
51 10 3
51 16 4
51 17 2
51 18 -1
51 19 -7
51 20 -2
51 22 13
51 23 16
51 24 -4
51 25 -9
51 26 3
51 28 2
51 29 -10
51 30 -10
51 31 3
51 32 12
51 33 17
51 35 5
51 36 3
51 37 -8
51 38 5
51 39 4
51 40 -1
51 41 13
51 43 8
51 44 15
51 45 12
52 1 6
52 2 19
52 3 16
52 4 -8
52 5 17
52 6 -2
52 7 17
52 8 -5
52 9 -1
52 10 -3
52 11 -8
52 12 -2
52 13 20
52 14 10
52 15 12
52 22 -2
52 23 -1
52 24 -9
52 25 16
52 26 10
52 27 -4
52 29 19
52 30 -5
52 31 7
52 32 11
52 33 -6
52 34 15
52 36 1
52 37 -6
52 38 6
52 39 1
52 40 8
52 41 -4
52 42 -6
52 44 -9
52 45 1
53 1 14
53 2 -8
53 3 -6
53 4 -10
53 5 9
53 6 -5
53 7 -3
53 8 -8
53 9 -9
53 10 -2
53 11 7
53 12 15
53 13 4
53 14 -7
53 15 -8
53 16 11
53 17 19
53 18 12
53 19 -3
53 20 14
53 21 8
53 29 -10
53 30 1
53 31 -2
53 32 15
53 33 6
53 34 20
53 35 8
53 37 9
53 38 8
53 39 -2
53 40 -2
53 41 -3
53 42 1
53 43 19
53 45 15
54 1 3
54 2 -9
54 3 7
54 4 11
54 5 13
54 6 -9
54 7 -2
54 8 -1
54 9 -5
54 10 3
54 11 12
54 12 12
54 13 2
54 14 4
54 15 -10
54 16 19
54 17 1
54 18 -3
54 19 6
54 20 4
54 21 -4
54 22 12
54 23 11
54 24 20
54 25 14
54 26 14
54 27 15
54 28 -9
54 37 19
54 38 20
54 39 -4
54 40 -3
54 41 3
54 42 -1
54 43 15
54 44 -7
55 1 1
55 2 -2
55 3 12
55 4 20
55 5 19
55 6 9
55 7 11
55 8 -4
55 9 5
55 10 17
55 11 2
55 12 -6
55 13 3
55 14 8
55 15 8
55 16 9
55 17 -1
55 18 7
55 19 -8
55 20 11
55 21 10
55 22 9
55 23 17
55 24 11
55 25 16
55 26 -8
55 27 6
55 28 12
55 29 10
55 30 10
55 31 10
55 32 15
55 33 8
55 34 11
55 35 -1
55 36 -8
56 3 13
56 5 -4
56 6 17
56 8 -2
56 9 3
56 10 1
56 12 16
56 13 -9
56 14 -10
56 15 14
56 17 14
56 18 -6
56 19 18
56 20 9
56 21 -7
56 23 18
56 24 12
56 25 -7
56 26 -8
56 27 11
56 28 10
56 30 1
56 31 8
56 32 4
56 33 16
56 34 -3
56 35 15
56 36 20
56 38 1
56 39 20
56 40 15
56 41 2
56 42 -4
56 43 16
56 44 18
56 45 14
56 47 18
56 48 -1
56 49 -9
56 50 10
56 51 -3
56 52 3
56 53 16
56 54 -8
56 55 6
57 2 -5
57 4 2
57 6 -8
57 7 -10
57 9 16
57 10 -5
57 11 -1
57 13 16
57 14 10
57 15 -8
57 16 16
57 18 2
57 19 10
57 20 -6
57 21 20
57 22 -5
57 24 3
57 25 -2
57 26 17
57 27 -1
57 28 -1
57 29 5
57 31 14
57 32 14
57 33 6
57 34 -3
57 35 -9
57 36 -3
57 37 6
57 39 5
57 40 20
57 41 5
57 42 15
57 43 3
57 44 16
57 45 18
57 46 1
57 48 16
57 49 -5
57 50 20
57 51 -2
57 52 -4
57 53 -10
57 54 -3
57 55 8
58 1 1
58 4 -4
58 5 4
58 7 -2
58 8 15
58 10 -4
58 11 19
58 12 8
58 14 18
58 15 15
58 16 2
58 17 17
58 19 18
58 20 17
58 21 8
58 22 14
58 23 -6
58 25 13
58 26 -7
58 27 -4
58 28 3
58 29 -1
58 30 -4
58 32 12
58 33 -2
58 34 -8
58 35 8
58 36 7
58 37 20
58 38 10
58 40 -7
58 41 -3
58 42 -1
58 43 3
58 44 13
58 45 4
58 46 -3
58 47 -4
58 49 16
58 50 -2
58 51 18
58 52 14
58 53 2
58 54 18
58 55 17
59 1 4
59 2 -8
59 3 -1
59 7 -2
59 8 17
59 9 14
59 11 -7
59 12 8
59 13 -5
59 15 2
59 16 15
59 17 10
59 18 -7
59 20 12
59 21 8
59 22 14
59 23 16
59 24 2
59 26 4
59 27 11
59 28 -7
59 29 16
59 30 -1
59 31 9
59 33 -7
59 34 7
59 35 17
59 36 -3
59 37 -10
59 38 -8
59 39 5
59 41 9
59 42 3
59 43 16
59 44 16
59 45 -7
59 46 17
59 47 12
59 48 1
59 50 -7
59 51 4
59 52 8
59 53 11
59 54 -10
59 55 14
60 1 -3
60 2 3
60 3 -1
60 4 -9
60 5 5
60 6 12
60 11 5
60 12 2
60 13 20
60 14 16
60 16 20
60 17 18
60 18 -10
60 19 9
60 21 -10
60 22 -1
60 23 -2
60 24 -8
60 25 13
60 27 6
60 28 -8
60 29 -5
60 30 -2
60 31 4
60 32 4
60 34 7
60 35 11
60 36 -6
60 37 9
60 38 20
60 39 4
60 40 9
60 42 7
60 43 18
60 44 -4
60 45 12
60 46 1
60 47 14
60 48 -1
60 49 -9
60 51 4
60 52 9
60 53 -1
60 54 2
60 55 12
61 1 -7
61 2 7
61 3 10
61 4 -4
61 5 2
61 6 -2
61 7 -6
61 8 15
61 9 6
61 10 16
61 16 -3
61 17 14
61 18 -3
61 19 -3
61 20 -2
61 22 19
61 23 12
61 24 14
61 25 6
61 26 9
61 28 12
61 29 -6
61 30 -4
61 31 -1
61 32 7
61 33 13
61 35 -10
61 36 13
61 37 -5
61 38 -6
61 39 -9
61 40 -1
61 41 -3
61 43 -2
61 44 6
61 45 10
61 46 2
61 47 -4
61 48 6
61 49 19
61 50 11
61 52 7
61 53 3
61 54 5
61 55 -2
62 1 6
62 2 -3
62 3 -7
62 4 -2
62 5 -9
62 6 -2
62 7 12
62 8 -3
62 9 -3
62 10 -9
62 11 15
62 12 8
62 13 9
62 14 14
62 15 20
62 22 -10
62 23 11
62 24 -4
62 25 4
62 26 5
62 27 -9
62 29 -1
62 30 8
62 31 2
62 32 1
62 33 16
62 34 9
62 36 4
62 37 1
62 38 13
62 39 1
62 40 17
62 41 7
62 42 2
62 44 16
62 45 14
62 46 -3
62 47 -9
62 48 20
62 49 18
62 50 -3
62 51 -1
62 53 1
62 54 -10
62 55 6
63 1 -8
63 2 3
63 3 8
63 4 -6
63 5 19
63 6 5
63 7 -5
63 8 9
63 9 17
63 10 1
63 11 -2
63 12 10
63 13 -7
63 14 -6
63 15 14
63 16 -9
63 17 18
63 18 6
63 19 10
63 20 6
63 21 7
63 29 4
63 30 1
63 31 4
63 32 -6
63 33 15
63 34 12
63 35 16
63 37 16
63 38 4
63 39 13
63 40 2
63 41 4
63 42 18
63 43 8
63 45 -5
63 46 -4
63 47 6
63 48 17
63 49 6
63 50 -4
63 51 6
63 52 -2
63 54 10
63 55 8
64 1 -3
64 2 16
64 3 -4
64 4 11
64 5 18
64 6 15
64 7 -10
64 8 4
64 9 12
64 10 5
64 11 -9
64 12 11
64 13 -10
64 14 14
64 15 3
64 16 -2
64 17 -9
64 18 6
64 19 8
64 20 18
64 21 8
64 22 -3
64 23 -6
64 24 9
64 25 7
64 26 19
64 27 17
64 28 1
64 37 19
64 38 -4
64 39 15
64 40 9
64 41 -5
64 42 19
64 43 9
64 44 7
64 46 16
64 47 5
64 48 2
64 49 6
64 50 -3
64 51 19
64 52 19
64 53 4
64 55 3
65 1 -5
65 2 -7
65 3 17
65 4 -10
65 5 20
65 6 6
65 7 6
65 8 9
65 9 18
65 10 -2
65 11 7
65 12 -8
65 13 -9
65 14 15
65 15 -1
65 16 19
65 17 7
65 18 4
65 19 6
65 20 -2
65 21 -2
65 22 14
65 23 14
65 24 14
65 25 7
65 26 -10
65 27 -7
65 28 15
65 29 2
65 30 -9
65 31 -3
65 32 8
65 33 -2
65 34 20
65 35 7
65 36 -1
65 46 -4
65 47 -1
65 48 4
65 49 4
65 50 7
65 51 -4
65 52 2
65 53 3
65 54 18
66 1 2
66 2 9
66 3 8
66 4 6
66 5 14
66 6 16
66 7 7
66 8 -8
66 9 -7
66 10 16
66 11 -3
66 12 6
66 13 16
66 14 9
66 15 17
66 16 1
66 17 19
66 18 10
66 19 -2
66 20 -4
66 21 1
66 22 -10
66 23 14
66 24 9
66 25 20
66 26 17
66 27 5
66 28 7
66 29 -10
66 30 14
66 31 -10
66 32 -5
66 33 -4
66 34 -10
66 35 -4
66 36 19
66 37 3
66 38 6
66 39 -2
66 40 12
66 41 19
66 42 -1
66 43 17
66 44 10
66 45 2
67 3 6
67 5 -5
67 6 20
67 8 10
67 9 20
67 10 10
67 12 -7
67 13 14
67 14 -9
67 15 -9
67 17 4
67 18 10
67 19 15
67 20 -2
67 21 -9
67 23 13
67 24 -2
67 25 5
67 26 -10
67 27 -10
67 28 10
67 30 7
67 31 9
67 32 -3
67 33 -2
67 34 3
67 35 -6
67 36 -8
67 38 16
67 39 13
67 40 12
67 41 -6
67 42 20
67 43 13
67 44 6
67 45 15
67 47 12
67 48 1
67 49 1
67 50 16
67 51 -1
67 52 2
67 53 -5
67 54 14
67 55 6
67 57 -10
67 58 13
67 59 3
67 60 -7
67 61 -10
67 62 6
67 63 -10
67 64 15
67 65 18
67 66 20
68 2 8
68 4 19
68 6 -10
68 7 -4
68 9 3
68 10 -3
68 11 14
68 13 -6
68 14 -3
68 15 -2
68 16 13
68 18 1
68 19 -9
68 20 4
68 21 10
68 22 2
68 24 9
68 25 19
68 26 13
68 27 14
68 28 12
68 29 7
68 31 17
68 32 -6
68 33 1
68 34 10
68 35 -3
68 36 4
68 37 -8
68 39 -1
68 40 -3
68 41 -2
68 42 4
68 43 -7
68 44 20
68 45 9
68 46 -4
68 48 -9
68 49 9
68 50 -1
68 51 3
68 52 -1
68 53 -10
68 54 1
68 55 18
68 56 8
68 58 12
68 59 1
68 60 -5
68 61 8
68 62 -1
68 63 8
68 64 -4
68 65 19
68 66 16
69 1 10
69 4 2
69 5 2
69 7 -2
69 8 7
69 10 7
69 11 11
69 12 -6
69 14 4
69 15 20
69 16 -1
69 17 9
69 19 14
69 20 -5
69 21 3
69 22 3
69 23 6
69 25 -1
69 26 6
69 27 -2
69 28 -7
69 29 5
69 30 -9
69 32 -10
69 33 16
69 34 8
69 35 10
69 36 -2
69 37 15
69 38 4
69 40 -8
69 41 -6
69 42 -7
69 43 -8
69 44 -4
69 45 -9
69 46 11
69 47 17
69 49 17
69 50 -7
69 51 6
69 52 5
69 53 2
69 54 -7
69 55 -8
69 56 11
69 57 12
69 59 7
69 60 20
69 61 -8
69 62 17
69 63 12
69 64 2
69 65 -1
69 66 -2
70 1 13
70 2 15
70 3 1
70 7 13
70 8 -5
70 9 -4
70 11 -3
70 12 4
70 13 19
70 15 8
70 16 16
70 17 -4
70 18 -2
70 20 -4
70 21 15
70 22 11
70 23 4
70 24 -5
70 26 -9
70 27 10
70 28 -8
70 29 14
70 30 6
70 31 10
70 33 19
70 34 -7
70 35 5
70 36 16
70 37 18
70 38 -4
70 39 11
70 41 4
70 42 11
70 43 10
70 44 3
70 45 9
70 46 -2
70 47 17
70 48 11
70 50 14
70 51 -5
70 52 -2
70 53 3
70 54 -2
70 55 -9
70 56 16
70 57 3
70 58 -4
70 60 -7
70 61 3
70 62 -1
70 63 19
70 64 -5
70 65 6
70 66 -10
71 1 7
71 2 6
71 3 12
71 4 15
71 5 -9
71 6 -6
71 11 2
71 12 17
71 13 -6
71 14 -8
71 16 1
71 17 13
71 18 -2
71 19 -3
71 21 -6
71 22 4
71 23 1
71 24 13
71 25 -8
71 27 -8
71 28 -7
71 29 11
71 30 8
71 31 3
71 32 -4
71 34 13
71 35 20
71 36 2
71 37 11
71 38 19
71 39 4
71 40 4
71 42 -8
71 43 -7
71 44 -8
71 45 -3
71 46 -8
71 47 15
71 48 6
71 49 -8
71 51 11
71 52 6
71 53 4
71 54 10
71 55 4
71 56 1
71 57 -6
71 58 4
71 59 -5
71 61 -9
71 62 18
71 63 6
71 64 3
71 65 -7
71 66 16
72 1 11
72 2 1
72 3 -2
72 4 5
72 5 -6
72 6 -5
72 7 18
72 8 13
72 9 -9
72 10 14
72 16 17
72 17 15
72 18 1
72 19 1
72 20 -6
72 22 5
72 23 2
72 24 -7
72 25 9
72 26 19
72 28 -3
72 29 20
72 30 19
72 31 -1
72 32 17
72 33 3
72 35 -4
72 36 19
72 37 3
72 38 -3
72 39 16
72 40 9
72 41 -4
72 43 18
72 44 7
72 45 20
72 46 14
72 47 13
72 48 -9
72 49 12
72 50 3
72 52 -7
72 53 -4
72 54 6
72 55 20
72 56 18
72 57 6
72 58 19
72 59 10
72 60 2
72 62 2
72 63 19
72 64 20
72 65 9
72 66 -10
73 1 -5
73 2 6
73 3 17
73 4 9
73 5 2
73 6 4
73 7 12
73 8 -10
73 9 19
73 10 5
73 11 4
73 12 4
73 13 15
73 14 18
73 15 18
73 22 12
73 23 3
73 24 20
73 25 -5
73 26 12
73 27 -8
73 29 15
73 30 13
73 31 14
73 32 6
73 33 8
73 34 -8
73 36 5
73 37 17
73 38 12
73 39 1
73 40 -2
73 41 3
73 42 1
73 44 -2
73 45 14
73 46 -5
73 47 3
73 48 -1
73 49 8
73 50 -5
73 51 20
73 53 17
73 54 -3
73 55 3
73 56 11
73 57 -9
73 58 6
73 59 -7
73 60 18
73 61 4
73 63 5
73 64 18
73 65 -1
73 66 -7
74 1 9
74 2 -7
74 3 -1
74 4 -10
74 5 18
74 6 18
74 7 2
74 8 6
74 9 8
74 10 14
74 11 2
74 12 -3
74 13 -2
74 14 20
74 15 -4
74 16 12
74 17 -10
74 18 12
74 19 9
74 20 8
74 21 7
74 29 1
74 30 9
74 31 -6
74 32 -4
74 33 8
74 34 20
74 35 -1
74 37 -4
74 38 9
74 39 2
74 40 11
74 41 -10
74 42 18
74 43 17
74 45 -8
74 46 -2
74 47 18
74 48 9
74 49 9
74 50 15
74 51 8
74 52 5
74 54 -2
74 55 16
74 56 8
74 57 1
74 58 5
74 59 -9
74 60 9
74 61 -5
74 62 4
74 64 20
74 65 4
74 66 -2
75 1 7
75 2 -4
75 3 -9
75 4 -7
75 5 3
75 6 8
75 7 -3
75 8 16
75 9 9
75 10 -1
75 11 16
75 12 -10
75 13 -5
75 14 -7
75 15 -7
75 16 7
75 17 -4
75 18 4
75 19 -10
75 20 20
75 21 -6
75 22 2
75 23 18
75 24 -9
75 25 18
75 26 19
75 27 19
75 28 16
75 37 -1
75 38 12
75 39 -8
75 40 1
75 41 7
75 42 10
75 43 14
75 44 5
75 46 -10
75 47 -4
75 48 5
75 49 4
75 50 -4
75 51 -3
75 52 10
75 53 5
75 55 -6
75 56 10
75 57 16
75 58 -9
75 59 10
75 60 12
75 61 12
75 62 -7
75 63 -4
75 65 5
75 66 -6
76 1 20
76 2 8
76 3 7
76 4 -4
76 5 18
76 6 12
76 7 1
76 8 20
76 9 -8
76 10 8
76 11 5
76 12 -7
76 13 15
76 14 13
76 15 -6
76 16 5
76 17 13
76 18 6
76 19 -6
76 20 5
76 21 2
76 22 11
76 23 3
76 24 8
76 25 9
76 26 1
76 27 14
76 28 3
76 29 13
76 30 -3
76 31 1
76 32 12
76 33 -6
76 34 8
76 35 -6
76 36 9
76 46 15
76 47 15
76 48 1
76 49 3
76 50 15
76 51 16
76 52 3
76 53 8
76 54 17
76 56 19
76 57 -10
76 58 -5
76 59 18
76 60 17
76 61 -6
76 62 -2
76 63 9
76 64 8
76 66 -5
77 1 -7
77 2 4
77 3 9
77 4 6
77 5 13
77 6 6
77 7 -6
77 8 -2
77 9 -8
77 10 20
77 11 1
77 12 -3
77 13 2
77 14 18
77 15 3
77 16 16
77 17 -7
77 18 1
77 19 6
77 20 -1
77 21 20
77 22 1
77 23 9
77 24 13
77 25 -7
77 26 19
77 27 6
77 28 9
77 29 -5
77 30 4
77 31 19
77 32 19
77 33 11
77 34 14
77 35 17
77 36 11
77 37 -7
77 38 12
77 39 15
77 40 11
77 41 13
77 42 6
77 43 10
77 44 9
77 45 -1
77 56 7
77 57 -7
77 58 3
77 59 -7
77 60 7
77 61 3
77 62 -2
77 63 -4
77 64 13
77 65 11
78 1 1
78 2 9
78 3 -4
78 4 19
78 5 8
78 6 -8
78 7 6
78 8 16
78 9 15
78 10 10
78 11 3
78 12 6
78 13 -5
78 14 -3
78 15 7
78 16 11
78 17 8
78 18 20
78 19 3
78 20 15
78 21 14
78 22 20
78 23 15
78 24 -1
78 25 17
78 26 6
78 27 9
78 28 14
78 29 20
78 30 8
78 31 6
78 32 13
78 33 7
78 34 -1
78 35 10
78 36 -10
78 37 12
78 38 6
78 39 13
78 40 -6
78 41 -9
78 42 -2
78 43 -4
78 44 15
78 45 -10
78 46 16
78 47 -5
78 48 14
78 49 2
78 50 16
78 51 -9
78 52 1
78 53 -10
78 54 -9
78 55 14
79 3 9
79 5 17
79 6 19
79 8 -7
79 9 -2
79 10 7
79 12 19
79 13 17
79 14 7
79 15 17
79 17 20
79 18 9
79 19 -9
79 20 15
79 21 20
79 23 8
79 24 1
79 25 14
79 26 2
79 27 -8
79 28 -10
79 30 6
79 31 -3
79 32 -1
79 33 19
79 34 11
79 35 -1
79 36 20
79 38 -7
79 39 4
79 40 3
79 41 -10
79 42 -2
79 43 -3
79 44 15
79 45 1
79 47 -8
79 48 1
79 49 20
79 50 12
79 51 17
79 52 -3
79 53 8
79 54 4
79 55 4
79 57 -1
79 58 7
79 59 20
79 60 -9
79 61 -7
79 62 2
79 63 -9
79 64 14
79 65 15
79 66 8
79 68 14
79 69 -4
79 70 4
79 71 -2
79 72 9
79 73 6
79 74 14
79 75 -1
79 76 11
79 77 -10
79 78 -8
80 2 -2
80 4 -5
80 6 3
80 7 -9
80 9 19
80 10 14
80 11 9
80 13 18
80 14 -7
80 15 3
80 16 -5
80 18 6
80 19 1
80 20 -4
80 21 8
80 22 6
80 24 14
80 25 8
80 26 15
80 27 8
80 28 1
80 29 11
80 31 16
80 32 -9
80 33 -6
80 34 -6
80 35 -6
80 36 -5
80 37 -9
80 39 5
80 40 -9
80 41 8
80 42 16
80 43 -1
80 44 18
80 45 13
80 46 -5
80 48 -7
80 49 2
80 50 -6
80 51 14
80 52 13
80 53 19
80 54 6
80 55 7
80 56 12
80 58 12
80 59 -2
80 60 20
80 61 1
80 62 14
80 63 12
80 64 16
80 65 20
80 66 11
80 67 6
80 69 18
80 70 -9
80 71 -1
80 72 -4
80 73 8
80 74 4
80 75 8
80 76 10
80 77 5
80 78 20
81 1 9
81 4 -2
81 5 13
81 7 9
81 8 -5
81 10 5
81 11 17
81 12 18
81 14 19
81 15 6
81 16 11
81 17 -7
81 19 -6
81 20 -6
81 21 16
81 22 12
81 23 -1
81 25 10
81 26 1
81 27 18
81 28 2
81 29 -8
81 30 7
81 32 16
81 33 -8
81 34 -3
81 35 5
81 36 13
81 37 -5
81 38 11
81 40 4
81 41 -9
81 42 4
81 43 20
81 44 -10
81 45 15
81 46 -2
81 47 1
81 49 -3
81 50 -1
81 51 -4
81 52 14
81 53 -10
81 54 3
81 55 2
81 56 15
81 57 -2
81 59 4
81 60 -6
81 61 -8
81 62 12
81 63 4
81 64 -6
81 65 -4
81 66 -4
81 67 19
81 68 1
81 70 -1
81 71 -7
81 72 -5
81 73 11
81 74 13
81 75 6
81 76 9
81 77 -4
81 78 18
82 1 5
82 2 -6
82 3 -10
82 7 -5
82 8 12
82 9 -8
82 11 1
82 12 5
82 13 8
82 15 -5
82 16 15
82 17 2
82 18 -9
82 20 17
82 21 18
82 22 -6
82 23 10
82 24 6
82 26 7
82 27 5
82 28 -5
82 29 10
82 30 18
82 31 3
82 33 -3
82 34 11
82 35 11
82 36 -3
82 37 18
82 38 -2
82 39 2
82 41 8
82 42 20
82 43 -4
82 44 -10
82 45 15
82 46 17
82 47 -1
82 48 5
82 50 -9
82 51 -1
82 52 19
82 53 2
82 54 19
82 55 7
82 56 2
82 57 -1
82 58 -8
82 60 13
82 61 -7
82 62 6
82 63 20
82 64 15
82 65 6
82 66 1
82 67 15
82 68 1
82 69 -4
82 71 -7
82 72 -2
82 73 -10
82 74 9
82 75 10
82 76 5
82 77 12
82 78 7
83 1 6
83 2 1
83 3 -1
83 4 1
83 5 -3
83 6 6
83 11 4
83 12 -5
83 13 -10
83 14 10
83 16 11
83 17 4
83 18 5
83 19 -6
83 21 17
83 22 3
83 23 4
83 24 20
83 25 14
83 27 8
83 28 -6
83 29 2
83 30 3
83 31 -4
83 32 14
83 34 -7
83 35 1
83 36 15
83 37 -2
83 38 -3
83 39 17
83 40 6
83 42 -2
83 43 -1
83 44 1
83 45 -6
83 46 4
83 47 2
83 48 18
83 49 9
83 51 14
83 52 19
83 53 4
83 54 7
83 55 -8
83 56 10
83 57 2
83 58 6
83 59 15
83 61 6
83 62 18
83 63 -3
83 64 1
83 65 -2
83 66 12
83 67 -9
83 68 -6
83 69 -3
83 70 -4
83 72 -10
83 73 16
83 74 13
83 75 6
83 76 -6
83 77 6
83 78 -9
84 1 -5
84 2 11
84 3 9
84 4 18
84 5 -8
84 6 16
84 7 -3
84 8 19
84 9 18
84 10 10
84 16 9
84 17 2
84 18 7
84 19 -3
84 20 -10
84 22 6
84 23 12
84 24 16
84 25 10
84 26 -8
84 28 17
84 29 7
84 30 -1
84 31 -7
84 32 -2
84 33 7
84 35 -6
84 36 10
84 37 11
84 38 19
84 39 20
84 40 -3
84 41 18
84 43 7
84 44 6
84 45 14
84 46 12
84 47 4
84 48 19
84 49 17
84 50 -5
84 52 16
84 53 6
84 54 -10
84 55 12
84 56 6
84 57 -8
84 58 12
84 59 6
84 60 -5
84 62 -5
84 63 -3
84 64 -8
84 65 7
84 66 15
84 67 -2
84 68 -6
84 69 -2
84 70 9
84 71 10
84 73 -7
84 74 18
84 75 10
84 76 9
84 77 12
84 78 13
85 1 13
85 2 17
85 3 4
85 4 18
85 5 6
85 6 -7
85 7 -3
85 8 7
85 9 1
85 10 -8
85 11 18
85 12 18
85 13 -6
85 14 5
85 15 8
85 22 -10
85 23 -6
85 24 -9
85 25 1
85 26 1
85 27 -3
85 29 11
85 30 4
85 31 11
85 32 17
85 33 2
85 34 14
85 36 14
85 37 10
85 38 19
85 39 -4
85 40 -10
85 41 15
85 42 -2
85 44 10
85 45 -7
85 46 -10
85 47 4
85 48 8
85 49 11
85 50 6
85 51 16
85 53 1
85 54 9
85 55 17
85 56 8
85 57 14
85 58 15
85 59 15
85 60 17
85 61 13
85 63 -2
85 64 13
85 65 13
85 66 -10
85 67 1
85 68 7
85 69 6
85 70 5
85 71 20
85 72 11
85 74 16
85 75 20
85 76 20
85 77 18
85 78 -10
86 1 4
86 2 -3
86 3 -7
86 4 9
86 5 -4
86 6 -10
86 7 -2
86 8 11
86 9 9
86 10 10
86 11 2
86 12 5
86 13 15
86 14 -10
86 15 10
86 16 2
86 17 4
86 18 18
86 19 16
86 20 18
86 21 11
86 29 18
86 30 13
86 31 2
86 32 -8
86 33 -6
86 34 6
86 35 8
86 37 9
86 38 -3
86 39 -6
86 40 -1
86 41 -6
86 42 11
86 43 20
86 45 4
86 46 17
86 47 6
86 48 6
86 49 -9
86 50 -9
86 51 -1
86 52 -2
86 54 15
86 55 -8
86 56 17
86 57 11
86 58 1
86 59 19
86 60 18
86 61 16
86 62 6
86 64 -8
86 65 14
86 66 -6
86 67 19
86 68 2
86 69 12
86 70 -7
86 71 3
86 72 7
86 73 6
86 75 17
86 76 14
86 77 13
86 78 11
87 1 17
87 2 10
87 3 4
87 4 -4
87 5 15
87 6 -4
87 7 13
87 8 11
87 9 14
87 10 17
87 11 14
87 12 -2
87 13 9
87 14 10
87 15 6
87 16 -3
87 17 -9
87 18 13
87 19 -2
87 20 8
87 21 14
87 22 13
87 23 7
87 24 -1
87 25 20
87 26 14
87 27 16
87 28 9
87 37 3
87 38 7
87 39 3
87 40 -10
87 41 -8
87 42 11
87 43 17
87 44 8
87 46 -9
87 47 9
87 48 18
87 49 -6
87 50 5
87 51 4
87 52 3
87 53 17
87 55 -2
87 56 16
87 57 15
87 58 16
87 59 18
87 60 11
87 61 -1
87 62 18
87 63 5
87 65 -9
87 66 -10
87 67 7
87 68 3
87 69 -10
87 70 -7
87 71 11
87 72 13
87 73 -5
87 74 8
87 76 -8
87 77 -5
87 78 14
88 1 -3
88 2 11
88 3 2
88 4 14
88 5 15
88 6 -6
88 7 10
88 8 16
88 9 -2
88 10 14
88 11 8
88 12 1
88 13 9
88 14 5
88 15 2
88 16 5
88 17 -7
88 18 18
88 19 4
88 20 -8
88 21 20
88 22 17
88 23 19
88 24 5
88 25 -5
88 26 8
88 27 15
88 28 5
88 29 10
88 30 1
88 31 -7
88 32 3
88 33 16
88 34 -8
88 35 5
88 36 -1
88 46 7
88 47 -5
88 48 9
88 49 20
88 50 -5
88 51 -3
88 52 3
88 53 16
88 54 3
88 56 9
88 57 16
88 58 5
88 59 17
88 60 17
88 61 18
88 62 9
88 63 6
88 64 7
88 66 -8
88 67 -9
88 68 -4
88 69 -3
88 70 1
88 71 -10
88 72 18
88 73 8
88 74 2
88 75 -8
88 77 -2
88 78 -6
89 1 14
89 2 10
89 3 6
89 4 -7
89 5 11
89 6 12
89 7 -8
89 8 -8
89 9 19
89 10 -9
89 11 14
89 12 10
89 13 20
89 14 5
89 15 10
89 16 5
89 17 12
89 18 -3
89 19 -2
89 20 5
89 21 -1
89 22 20
89 23 7
89 24 -9
89 25 -7
89 26 -10
89 27 20
89 28 20
89 29 14
89 30 14
89 31 -10
89 32 -5
89 33 4
89 34 -3
89 35 -4
89 36 9
89 37 2
89 38 19
89 39 6
89 40 -5
89 41 -3
89 42 20
89 43 -4
89 44 4
89 45 -6
89 56 -1
89 57 4
89 58 11
89 59 -6
89 60 20
89 61 -7
89 62 -2
89 63 -8
89 64 -6
89 65 13
89 67 13
89 68 8
89 69 -1
89 70 -5
89 71 -9
89 72 16
89 73 14
89 74 7
89 75 -1
89 76 5
89 78 16
90 1 17
90 2 -2
90 3 10
90 4 6
90 5 7
90 6 19
90 7 7
90 8 7
90 9 17
90 10 6
90 11 -1
90 12 -3
90 13 4
90 14 -4
90 15 -4
90 16 15
90 17 -3
90 18 -3
90 19 14
90 20 12
90 21 3
90 22 12
90 23 -9
90 24 14
90 25 8
90 26 -5
90 27 13
90 28 4
90 29 2
90 30 5
90 31 13
90 32 17
90 33 -6
90 34 -9
90 35 2
90 36 19
90 37 -7
90 38 -3
90 39 4
90 40 19
90 41 8
90 42 17
90 43 5
90 44 -5
90 45 8
90 46 -1
90 47 -4
90 48 -5
90 49 17
90 50 -6
90 51 -9
90 52 18
90 53 -4
90 54 12
90 55 -1
90 67 -5
90 68 9
90 69 -7
90 70 -4
90 71 19
90 72 7
90 73 19
90 74 -10
90 75 -1
90 76 4
90 77 16
91 1 3
91 2 1
91 3 2
91 4 15
91 5 7
91 6 11
91 7 -2
91 8 7
91 9 5
91 10 -7
91 11 10
91 12 1
91 13 4
91 14 1
91 15 15
91 16 1
91 17 8
91 18 20
91 19 4
91 20 -9
91 21 3
91 22 8
91 23 14
91 24 8
91 25 1
91 26 13
91 27 8
91 28 17
91 29 -8
91 30 7
91 31 5
91 32 3
91 33 15
91 34 -2
91 35 2
91 36 8
91 37 8
91 38 9
91 39 4
91 40 13
91 41 -9
91 42 7
91 43 -8
91 44 -1
91 45 16
91 46 18
91 47 -5
91 48 9
91 49 -3
91 50 17
91 51 -2
91 52 11
91 53 3
91 54 -1
91 55 -6
91 56 16
91 57 -8
91 58 -8
91 59 -3
91 60 11
91 61 8
91 62 15
91 63 -3
91 64 18
91 65 -6
91 66 17
92 3 15
92 5 -2
92 6 -2
92 8 10
92 9 -7
92 10 9
92 12 -3
92 13 18
92 14 4
92 15 -4
92 17 20
92 18 -1
92 19 -1
92 20 13
92 21 -4
92 23 -8
92 24 7
92 25 11
92 26 1
92 27 19
92 28 17
92 30 -4
92 31 7
92 32 -9
92 33 3
92 34 6
92 35 -1
92 36 13
92 38 20
92 39 15
92 40 18
92 41 -2
92 42 13
92 43 2
92 44 -1
92 45 -4
92 47 10
92 48 5
92 49 19
92 50 -3
92 51 15
92 52 -4
92 53 3
92 54 -3
92 55 1
92 57 15
92 58 12
92 59 20
92 60 13
92 61 3
92 62 -5
92 63 -9
92 64 -2
92 65 -10
92 66 -8
92 68 -7
92 69 3
92 70 15
92 71 13
92 72 6
92 73 6
92 74 11
92 75 6
92 76 -3
92 77 17
92 78 8
92 80 11
92 81 2
92 82 -5
92 83 7
92 84 13
92 85 6
92 86 -5
92 87 6
92 88 -8
92 89 8
92 90 19
92 91 13
93 2 -10
93 4 -9
93 6 9
93 7 2
93 9 9
93 10 -10
93 11 -1
93 13 -5
93 14 3
93 15 11
93 16 -8
93 18 19
93 19 7
93 20 15
93 21 -3
93 22 15
93 24 16
93 25 -2
93 26 -7
93 27 5
93 28 1
93 29 6
93 31 -5
93 32 3
93 33 6
93 34 -2
93 35 6
93 36 -7
93 37 13
93 39 -4
93 40 13
93 41 3
93 42 -4
93 43 -1
93 44 9
93 45 1
93 46 11
93 48 19
93 49 2
93 50 -6
93 51 -10
93 52 18
93 53 4
93 54 9
93 55 19
93 56 -2
93 58 19
93 59 -7
93 60 15
93 61 -2
93 62 1
93 63 -5
93 64 14
93 65 -4
93 66 -5
93 67 8
93 69 20
93 70 -4
93 71 -6
93 72 7
93 73 12
93 74 17
93 75 2
93 76 1
93 77 -1
93 78 -5
93 79 19
93 81 -2
93 82 -7
93 83 10
93 84 -8
93 85 8
93 86 14
93 87 -1
93 88 -6
93 89 -10
93 90 -3
93 91 5
94 1 2
94 4 1
94 5 1
94 7 -3
94 8 -8
94 10 -6
94 11 8
94 12 2
94 14 9
94 15 -1
94 16 14
94 17 -10
94 19 19
94 20 -1
94 21 -2
94 22 -2
94 23 5
94 25 -7
94 26 8
94 27 12
94 28 17
94 29 -10
94 30 3
94 32 12
94 33 2
94 34 14
94 35 13
94 36 -1
94 37 9
94 38 20
94 40 9
94 41 -9
94 42 -8
94 43 9
94 44 10
94 45 -3
94 46 -10
94 47 -10
94 49 8
94 50 2
94 51 17
94 52 11
94 53 -10
94 54 -10
94 55 -5
94 56 19
94 57 8
94 59 -10
94 60 9
94 61 3
94 62 6
94 63 14
94 64 -7
94 65 15
94 66 20
94 67 1
94 68 10
94 70 -8
94 71 11
94 72 -7
94 73 -7
94 74 4
94 75 6
94 76 10
94 77 4
94 78 12
94 79 1
94 80 18
94 82 17
94 83 -9
94 84 17
94 85 -4
94 86 4
94 87 2
94 88 -8
94 89 18
94 90 -7
94 91 -3
95 1 -5
95 2 -1
95 3 7
95 7 20
95 8 -2
95 9 1
95 11 4
95 12 16
95 13 10
95 15 20
95 16 9
95 17 1
95 18 -7
95 20 -10
95 21 10
95 22 13
95 23 5
95 24 6
95 26 18
95 27 8
95 28 4
95 29 10
95 30 -2
95 31 9
95 33 2
95 34 18
95 35 -10
95 36 20
95 37 13
95 38 18
95 39 -6
95 41 19
95 42 15
95 43 1
95 44 14
95 45 20
95 46 7
95 47 3
95 48 -8
95 50 9
95 51 -2
95 52 19
95 53 -3
95 54 14
95 55 6
95 56 -5
95 57 12
95 58 18
95 60 5
95 61 5
95 62 -9
95 63 -7
95 64 5
95 65 13
95 66 7
95 67 8
95 68 9
95 69 5
95 71 -1
95 72 16
95 73 13
95 74 -4
95 75 -2
95 76 4
95 77 7
95 78 -9
95 79 13
95 80 9
95 81 -8
95 83 16
95 84 7
95 85 19
95 86 -9
95 87 8
95 88 2
95 89 3
95 90 -6
95 91 -1
96 1 12
96 2 6
96 3 6
96 4 -5
96 5 1
96 6 -5
96 11 19
96 12 -3
96 13 17
96 14 -6
96 16 18
96 17 16
96 18 -4
96 19 -6
96 21 20
96 22 14
96 23 -7
96 24 -2
96 25 -5
96 27 4
96 28 -8
96 29 12
96 30 11
96 31 -6
96 32 4
96 34 -1
96 35 -4
96 36 -7
96 37 -1
96 38 -4
96 39 16
96 40 5
96 42 -1
96 43 -2
96 44 -2
96 45 13
96 46 -2
96 47 12
96 48 -7
96 49 3
96 51 -1
96 52 -5
96 53 14
96 54 -3
96 55 -10
96 56 9
96 57 15
96 58 -8
96 59 2
96 61 17
96 62 -5
96 63 3
96 64 4
96 65 16
96 66 16
96 67 6
96 68 -2
96 69 -4
96 70 4
96 72 -3
96 73 13
96 74 -4
96 75 -1
96 76 5
96 77 -3
96 78 16
96 79 18
96 80 18
96 81 20
96 82 -7
96 84 5
96 85 -8
96 86 3
96 87 -2
96 88 14
96 89 19
96 90 -9
96 91 -5
97 1 14
97 2 3
97 3 -10
97 4 8
97 5 14
97 6 1
97 7 9
97 8 17
97 9 -4
97 10 -4
97 16 11
97 17 5
97 18 -7
97 19 -5
97 20 -10
97 22 4
97 23 -5
97 24 8
97 25 7
97 26 4
97 28 -2
97 29 7
97 30 -9
97 31 1
97 32 2
97 33 -7
97 35 -5
97 36 -1
97 37 20
97 38 -1
97 39 -2
97 40 -9
97 41 4
97 43 12
97 44 10
97 45 18
97 46 -10
97 47 -6
97 48 11
97 49 4
97 50 4
97 52 11
97 53 9
97 54 -1
97 55 13
97 56 -4
97 57 18
97 58 -10
97 59 -10
97 60 -5
97 62 -5
97 63 13
97 64 10
97 65 3
97 66 16
97 67 -2
97 68 17
97 69 -6
97 70 7
97 71 -2
97 73 4
97 74 -9
97 75 2
97 76 9
97 77 14
97 78 -5
97 79 19
97 80 4
97 81 12
97 82 13
97 83 -10
97 85 7
97 86 13
97 87 13
97 88 -10
97 89 14
97 90 -8
97 91 -7
98 1 -8
98 2 16
98 3 15
98 4 12
98 5 7
98 6 8
98 7 12
98 8 -9
98 9 -4
98 10 9
98 11 -9
98 12 -3
98 13 18
98 14 5
98 15 -5
98 22 6
98 23 -5
98 24 -1
98 25 -1
98 26 18
98 27 5
98 29 17
98 30 -5
98 31 4
98 32 -5
98 33 20
98 34 10
98 36 -9
98 37 -10
98 38 9
98 39 1
98 40 19
98 41 6
98 42 5
98 44 3
98 45 -10
98 46 10
98 47 3
98 48 2
98 49 13
98 50 5
98 51 -5
98 53 -1
98 54 -1
98 55 -3
98 56 6
98 57 -9
98 58 10
98 59 -7
98 60 -4
98 61 -2
98 63 1
98 64 -1
98 65 13
98 66 -8
98 67 3
98 68 2
98 69 9
98 70 6
98 71 -5
98 72 -3
98 74 6
98 75 12
98 76 -9
98 77 15
98 78 5
98 79 -4
98 80 19
98 81 13
98 82 12
98 83 16
98 84 4
98 86 19
98 87 12
98 88 19
98 89 18
98 90 -3
98 91 14
99 1 11
99 2 15
99 3 5
99 4 -2
99 5 13
99 6 7
99 7 3
99 8 4
99 9 5
99 10 -5
99 11 19
99 12 -5
99 13 -8
99 14 18
99 15 -1
99 16 -4
99 17 19
99 18 17
99 19 8
99 20 3
99 21 -9
99 29 1
99 30 9
99 31 1
99 32 -5
99 33 14
99 34 1
99 35 8
99 37 -2
99 38 -2
99 39 14
99 40 15
99 41 13
99 42 -1
99 43 1
99 45 6
99 46 -9
99 47 3
99 48 -5
99 49 8
99 50 13
99 51 15
99 52 5
99 54 8
99 55 8
99 56 20
99 57 7
99 58 -8
99 59 -7
99 60 2
99 61 4
99 62 15
99 64 2
99 65 4
99 66 -8
99 67 -7
99 68 20
99 69 18
99 70 15
99 71 18
99 72 -1
99 73 14
99 75 20
99 76 16
99 77 7
99 78 -9
99 79 4
99 80 7
99 81 -4
99 82 18
99 83 -9
99 84 17
99 85 -10
99 87 -9
99 88 -9
99 89 -9
99 90 -8
99 91 19
100 1 13
100 2 3
100 3 5
100 4 13
100 5 -4
100 6 19
100 7 1
100 8 -7
100 9 -10
100 10 -8
100 11 -7
100 12 -5
100 13 -6
100 14 -10
100 15 -8
100 16 15
100 17 6
100 18 9
100 19 -9
100 20 2
100 21 -9
100 22 1
100 23 -7
100 24 -3
100 25 8
100 26 -1
100 27 16
100 28 -4
100 37 12
100 38 11
100 39 5
100 40 17
100 41 5
100 42 16
100 43 -2
100 44 4
100 46 16
100 47 10
100 48 19
100 49 -4
100 50 9
100 51 4
100 52 -7
100 53 -9
100 55 12
100 56 3
100 57 18
100 58 1
100 59 18
100 60 -8
100 61 -4
100 62 1
100 63 -3
100 65 5
100 66 -7
100 67 9
100 68 -3
100 69 -10
100 70 17
100 71 -9
100 72 14
100 73 19
100 74 16
100 76 4
100 77 1
100 78 2
100 79 -7
100 80 8
100 81 3
100 82 -7
100 83 7
100 84 18
100 85 20
100 86 -1
100 88 9
100 89 10
100 90 15
100 91 2
101 1 14
101 2 -9
101 3 4
101 4 10
101 5 -3
101 6 12
101 7 -8
101 8 10
101 9 -10
101 10 19
101 11 18
101 12 7
101 13 9
101 14 20
101 15 20
101 16 18
101 17 2
101 18 -1
101 19 2
101 20 13
101 21 14
101 22 14
101 23 20
101 24 -9
101 25 5
101 26 -8
101 27 3
101 28 -7
101 29 -10
101 30 5
101 31 13
101 32 16
101 33 5
101 34 1
101 35 4
101 36 -3
101 46 -10
101 47 -6
101 48 2
101 49 18
101 50 -9
101 51 -9
101 52 18
101 53 9
101 54 -7
101 56 6
101 57 -6
101 58 -6
101 59 20
101 60 8
101 61 12
101 62 -9
101 63 12
101 64 -6
101 66 7
101 67 6
101 68 -5
101 69 -10
101 70 19
101 71 6
101 72 -7
101 73 7
101 74 -9
101 75 3
101 77 -10
101 78 6
101 79 -3
101 80 17
101 81 -9
101 82 13
101 83 15
101 84 2
101 85 -9
101 86 -5
101 87 -2
101 89 -5
101 90 -10
101 91 14
102 1 18
102 2 -10
102 3 9
102 4 15
102 5 20
102 6 16
102 7 15
102 8 6
102 9 16
102 10 1
102 11 -3
102 12 -8
102 13 -5
102 14 15
102 15 4
102 16 12
102 17 17
102 18 19
102 19 18
102 20 5
102 21 -8
102 22 -9
102 23 2
102 24 7
102 25 16
102 26 -6
102 27 -1
102 28 8
102 29 -8
102 30 19
102 31 9
102 32 8
102 33 8
102 34 19
102 35 12
102 36 18
102 37 7
102 38 14
102 39 6
102 40 7
102 41 13
102 42 17
102 43 -10
102 44 -8
102 45 9
102 56 20
102 57 -4
102 58 -4
102 59 5
102 60 -1
102 61 18
102 62 9
102 63 12
102 64 10
102 65 16
102 67 -10
102 68 -4
102 69 9
102 70 14
102 71 16
102 72 10
102 73 4
102 74 -2
102 75 -3
102 76 -9
102 78 12
102 79 -2
102 80 -4
102 81 -9
102 82 -2
102 83 -3
102 84 -9
102 85 17
102 86 13
102 87 12
102 88 18
102 90 1
102 91 -2
103 1 -4
103 2 13
103 3 12
103 4 12
103 5 -1
103 6 10
103 7 5
103 8 1
103 9 15
103 10 6
103 11 20
103 12 1
103 13 12
103 14 19
103 15 9
103 16 -5
103 17 9
103 18 18
103 19 19
103 20 11
103 21 7
103 22 18
103 23 13
103 24 8
103 25 4
103 26 2
103 27 3
103 28 8
103 29 -5
103 30 -9
103 31 -3
103 32 11
103 33 18
103 34 15
103 35 -4
103 36 -3
103 37 -7
103 38 5
103 39 16
103 40 8
103 41 5
103 42 -9
103 43 7
103 44 7
103 45 17
103 46 18
103 47 10
103 48 -9
103 49 13
103 50 19
103 51 10
103 52 11
103 53 6
103 54 -1
103 55 6
103 67 19
103 68 -6
103 69 7
103 70 -3
103 71 -8
103 72 -2
103 73 18
103 74 -2
103 75 -5
103 76 3
103 77 -9
103 79 5
103 80 9
103 81 5
103 82 5
103 83 -9
103 84 8
103 85 2
103 86 5
103 87 -1
103 88 20
103 89 9
103 91 -2
104 1 -1
104 2 8
104 3 -5
104 4 -2
104 5 -3
104 6 2
104 7 -3
104 8 9
104 9 14
104 10 20
104 11 1
104 12 -5
104 13 15
104 14 17
104 15 10
104 16 7
104 17 20
104 18 -1
104 19 -8
104 20 -9
104 21 20
104 22 14
104 23 -9
104 24 10
104 25 15
104 26 -6
104 27 20
104 28 7
104 29 12
104 30 -1
104 31 18
104 32 -8
104 33 -7
104 34 19
104 35 -7
104 36 -8
104 37 -3
104 38 5
104 39 -1
104 40 -2
104 41 6
104 42 16
104 43 1
104 44 14
104 45 -3
104 46 4
104 47 18
104 48 3
104 49 -9
104 50 11
104 51 18
104 52 4
104 53 -4
104 54 2
104 55 4
104 56 4
104 57 -5
104 58 -8
104 59 17
104 60 10
104 61 -1
104 62 12
104 63 -7
104 64 -10
104 65 13
104 66 20
104 79 -2
104 80 9
104 81 11
104 82 8
104 83 14
104 84 11
104 85 13
104 86 -2
104 87 -4
104 88 7
104 89 2
104 90 -10
105 1 2
105 2 2
105 3 6
105 4 18
105 5 -10
105 6 -5
105 7 12
105 8 -3
105 9 1
105 10 4
105 11 7
105 12 18
105 13 11
105 14 3
105 15 -2
105 16 6
105 17 -3
105 18 5
105 19 -2
105 20 2
105 21 -4
105 22 6
105 23 17
105 24 -8
105 25 -2
105 26 -4
105 27 -2
105 28 5
105 29 5
105 30 20
105 31 -1
105 32 20
105 33 12
105 34 15
105 35 14
105 36 3
105 37 9
105 38 -9
105 39 -5
105 40 9
105 41 10
105 42 10
105 43 16
105 44 -10
105 45 17
105 46 -7
105 47 12
105 48 11
105 49 8
105 50 15
105 51 -7
105 52 6
105 53 5
105 54 11
105 55 -7
105 56 -2
105 57 18
105 58 5
105 59 11
105 60 10
105 61 3
105 62 3
105 63 -8
105 64 15
105 65 6
105 66 -9
105 67 11
105 68 -3
105 69 12
105 70 6
105 71 2
105 72 3
105 73 5
105 74 15
105 75 13
105 76 16
105 77 16
105 78 -3
106 3 -10
106 5 15
106 6 3
106 8 7
106 9 14
106 10 10
106 12 3
106 13 -7
106 14 20
106 15 -10
106 17 7
106 18 4
106 19 9
106 20 -9
106 21 4
106 23 5
106 24 2
106 25 19
106 26 -1
106 27 2
106 28 -9
106 30 5
106 31 17
106 32 2
106 33 3
106 34 10
106 35 6
106 36 -10
106 38 -5
106 39 16
106 40 10
106 41 7
106 42 19
106 43 16
106 44 3
106 45 12
106 47 14
106 48 14
106 49 -10
106 50 10
106 51 9
106 52 16
106 53 -10
106 54 8
106 55 -8
106 57 6
106 58 4
106 59 17
106 60 8
106 61 -10
106 62 -6
106 63 -8
106 64 12
106 65 -7
106 66 12
106 68 -7
106 69 8
106 70 -9
106 71 -1
106 72 -6
106 73 4
106 74 -9
106 75 -2
106 76 8
106 77 -9
106 78 -1
106 80 -5
106 81 16
106 82 8
106 83 18
106 84 -1
106 85 9
106 86 -1
106 87 18
106 88 2
106 89 20
106 90 18
106 91 11
106 93 18
106 94 20
106 95 17
106 96 11
106 97 -1
106 98 2
106 99 3
106 100 9
106 101 18
106 102 13
106 103 17
106 104 -10
106 105 -4
107 2 5
107 4 -7
107 6 5
107 7 17
107 9 9
107 10 -9
107 11 9
107 13 -6
107 14 15
107 15 18
107 16 7
107 18 16
107 19 15
107 20 13
107 21 13
107 22 -8
107 24 -9
107 25 -5
107 26 11
107 27 8
107 28 15
107 29 -10
107 31 -9
107 32 2
107 33 15
107 34 5
107 35 12
107 36 -1
107 37 -7
107 39 1
107 40 1
107 41 9
107 42 -10
107 43 20
107 44 -6
107 45 15
107 46 18
107 48 -9
107 49 13
107 50 13
107 51 15
107 52 1
107 53 1
107 54 -7
107 55 15
107 56 2
107 58 -2
107 59 20
107 60 -4
107 61 17
107 62 -7
107 63 -2
107 64 -10
107 65 -1
107 66 17
107 67 6
107 69 -9
107 70 19
107 71 14
107 72 -9
107 73 -6
107 74 -5
107 75 5
107 76 11
107 77 -8
107 78 -8
107 79 11
107 81 -7
107 82 5
107 83 16
107 84 -6
107 85 9
107 86 -3
107 87 16
107 88 6
107 89 -1
107 90 10
107 91 6
107 92 8
107 94 -2
107 95 5
107 96 6
107 97 -7
107 98 3
107 99 18
107 100 7
107 101 6
107 102 17
107 103 6
107 104 6
107 105 -7
108 1 20
108 4 5
108 5 -3
108 7 15
108 8 -1
108 10 1
108 11 13
108 12 12
108 14 1
108 15 -1
108 16 17
108 17 8
108 19 20
108 20 16
108 21 -7
108 22 20
108 23 -5
108 25 20
108 26 4
108 27 20
108 28 -9
108 29 9
108 30 7
108 32 -6
108 33 4
108 34 16
108 35 9
108 36 4
108 37 -3
108 38 19
108 40 10
108 41 -8
108 42 -3
108 43 17
108 44 19
108 45 20
108 46 13
108 47 3
108 49 -3
108 50 18
108 51 7
108 52 1
108 53 13
108 54 8
108 55 17
108 56 19
108 57 -3
108 59 -8
108 60 4
108 61 18
108 62 -2
108 63 -8
108 64 -1
108 65 -5
108 66 15
108 67 -9
108 68 12
108 70 -1
108 71 4
108 72 7
108 73 14
108 74 18
108 75 8
108 76 -9
108 77 19
108 78 11
108 79 -2
108 80 -8
108 82 -2
108 83 14
108 84 11
108 85 10
108 86 4
108 87 9
108 88 19
108 89 1
108 90 -4
108 91 -1
108 92 18
108 93 -5
108 95 15
108 96 -1
108 97 -5
108 98 9
108 99 12
108 100 13
108 101 4
108 102 9
108 103 16
108 104 2
108 105 2
109 1 -6
109 2 -7
109 3 -4
109 7 19
109 8 6
109 9 -6
109 11 6
109 12 10
109 13 18
109 15 -3
109 16 7
109 17 20
109 18 3
109 20 17
109 21 -9
109 22 -2
109 23 9
109 24 4
109 26 8
109 27 11
109 28 -6
109 29 9
109 30 12
109 31 17
109 33 12
109 34 16
109 35 -2
109 36 -4
109 37 -1
109 38 7
109 39 -7
109 41 16
109 42 8
109 43 1
109 44 10
109 45 18
109 46 6
109 47 15
109 48 -6
109 50 5
109 51 -4
109 52 -10
109 53 -7
109 54 3
109 55 5
109 56 -3
109 57 -9
109 58 -10
109 60 -10
109 61 3
109 62 17
109 63 8
109 64 -5
109 65 19
109 66 -3
109 67 1
109 68 13
109 69 6
109 71 -4
109 72 4
109 73 9
109 74 -6
109 75 20
109 76 20
109 77 2
109 78 16
109 79 -1
109 80 -2
109 81 10
109 83 12
109 84 -5
109 85 -3
109 86 17
109 87 -5
109 88 -1
109 89 15
109 90 12
109 91 1
109 92 19
109 93 17
109 94 12
109 96 -6
109 97 11
109 98 8
109 99 3
109 100 3
109 101 4
109 102 20
109 103 -2
109 104 13
109 105 -8
110 1 -3
110 2 20
110 3 5
110 4 15
110 5 6
110 6 -7
110 11 12
110 12 6
110 13 15
110 14 -8
110 16 2
110 17 9
110 18 20
110 19 8
110 21 -10
110 22 14
110 23 2
110 24 7
110 25 8
110 27 18
110 28 13
110 29 1
110 30 8
110 31 20
110 32 -2
110 34 11
110 35 5
110 36 11
110 37 -9
110 38 19
110 39 4
110 40 -10
110 42 2
110 43 14
110 44 4
110 45 -6
110 46 -2
110 47 -3
110 48 10
110 49 -7
110 51 7
110 52 -5
110 53 -7
110 54 2
110 55 6
110 56 19
110 57 4
110 58 9
110 59 -5
110 61 11
110 62 8
110 63 12
110 64 -7
110 65 3
110 66 4
110 67 -6
110 68 7
110 69 -6
110 70 -10
110 72 -1
110 73 18
110 74 -2
110 75 19
110 76 -8
110 77 -6
110 78 3
110 79 -9
110 80 5
110 81 3
110 82 -8
110 84 13
110 85 11
110 86 18
110 87 14
110 88 2
110 89 16
110 90 -1
110 91 -8
110 92 -5
110 93 3
110 94 17
110 95 11
110 97 4
110 98 8
110 99 1
110 100 3
110 101 5
110 102 16
110 103 -9
110 104 1
110 105 2
111 1 4
111 2 8
111 3 -5
111 4 4
111 5 2
111 6 12
111 7 7
111 8 15
111 9 12
111 10 1
111 16 11
111 17 14
111 18 -8
111 19 -1
111 20 10
111 22 -1
111 23 -1
111 24 -2
111 25 18
111 26 13
111 28 -1
111 29 3
111 30 19
111 31 -7
111 32 14
111 33 -4
111 35 2
111 36 7
111 37 -1
111 38 4
111 39 20
111 40 12
111 41 7
111 43 -6
111 44 2
111 45 14
111 46 4
111 47 2
111 48 -9
111 49 4
111 50 -3
111 52 -4
111 53 -10
111 54 15
111 55 16
111 56 6
111 57 8
111 58 16
111 59 8
111 60 3
111 62 20
111 63 15
111 64 5
111 65 20
111 66 1
111 67 19
111 68 15
111 69 16
111 70 -3
111 71 16
111 73 6
111 74 13
111 75 7
111 76 6
111 77 3
111 78 3
111 79 15
111 80 -9
111 81 -3
111 82 13
111 83 20
111 85 3
111 86 -8
111 87 20
111 88 6
111 89 8
111 90 5
111 91 10
111 92 10
111 93 -3
111 94 17
111 95 12
111 96 18
111 98 -10
111 99 11
111 100 5
111 101 16
111 102 -8
111 103 13
111 104 6
111 105 8
112 1 20
112 2 5
112 3 15
112 4 -7
112 5 12
112 6 -7
112 7 9
112 8 4
112 9 -8
112 10 3
112 11 6
112 12 14
112 13 3
112 14 18
112 15 14
112 22 9
112 23 7
112 24 8
112 25 10
112 26 2
112 27 3
112 29 17
112 30 12
112 31 3
112 32 15
112 33 16
112 34 -4
112 36 4
112 37 -1
112 38 12
112 39 -3
112 40 15
112 41 7
112 42 5
112 44 19
112 45 1
112 46 14
112 47 7
112 48 11
112 49 -9
112 50 19
112 51 15
112 53 10
112 54 9
112 55 17
112 56 14
112 57 8
112 58 18
112 59 4
112 60 -5
112 61 9
112 63 5
112 64 -10
112 65 15
112 66 -1
112 67 20
112 68 -8
112 69 -7
112 70 19
112 71 20
112 72 -6
112 74 -7
112 75 -6
112 76 19
112 77 11
112 78 10
112 79 9
112 80 -3
112 81 19
112 82 -3
112 83 5
112 84 13
112 86 2
112 87 20
112 88 8
112 89 -4
112 90 6
112 91 9
112 92 13
112 93 -8
112 94 6
112 95 3
112 96 18
112 97 -5
112 99 14
112 100 -5
112 101 15
112 102 13
112 103 4
112 104 -9
112 105 1
113 1 4
113 2 2
113 3 8
113 4 19
113 5 -2
113 6 2
113 7 2
113 8 8
113 9 18
113 10 6
113 11 20
113 12 15
113 13 3
113 14 3
113 15 19
113 16 5
113 17 5
113 18 -4
113 19 17
113 20 6
113 21 -8
113 29 19
113 30 -3
113 31 2
113 32 1
113 33 2
113 34 12
113 35 15
113 37 19
113 38 2
113 39 -10
113 40 17
113 41 -10
113 42 8
113 43 6
113 45 13
113 46 -7
113 47 -7
113 48 4
113 49 1
113 50 20
113 51 20
113 52 1
113 54 7
113 55 -5
113 56 10
113 57 -5
113 58 9
113 59 20
113 60 -2
113 61 15
113 62 -1
113 64 5
113 65 -7
113 66 6
113 67 -8
113 68 -9
113 69 14
113 70 -1
113 71 19
113 72 9
113 73 20
113 75 -1
113 76 -10
113 77 5
113 78 -1
113 79 -1
113 80 10
113 81 -4
113 82 19
113 83 8
113 84 19
113 85 14
113 87 14
113 88 10
113 89 -9
113 90 11
113 91 15
113 92 8
113 93 20
113 94 -6
113 95 5
113 96 2
113 97 14
113 98 9
113 100 -1
113 101 -4
113 102 15
113 103 12
113 104 1
113 105 8
114 1 5
114 2 16
114 3 18
114 4 5
114 5 12
114 6 -5
114 7 -6
114 8 9
114 9 17
114 10 10
114 11 -10
114 12 16
114 13 10
114 14 19
114 15 7
114 16 17
114 17 -4
114 18 20
114 19 -8
114 20 7
114 21 7
114 22 20
114 23 -4
114 24 13
114 25 9
114 26 -1
114 27 16
114 28 20
114 37 -5
114 38 -4
114 39 -7
114 40 -6
114 41 -5
114 42 6
114 43 -1
114 44 2
114 46 2
114 47 -2
114 48 5
114 49 10
114 50 1
114 51 -1
114 52 -1
114 53 9
114 55 -2
114 56 -4
114 57 3
114 58 -10
114 59 12
114 60 19
114 61 8
114 62 19
114 63 16
114 65 -2
114 66 -8
114 67 2
114 68 -4
114 69 6
114 70 -10
114 71 -3
114 72 11
114 73 2
114 74 17
114 76 16
114 77 -2
114 78 19
114 79 13
114 80 -4
114 81 -1
114 82 18
114 83 12
114 84 -5
114 85 16
114 86 12
114 88 6
114 89 -3
114 90 18
114 91 20
114 92 -3
114 93 -10
114 94 11
114 95 1
114 96 2
114 97 8
114 98 9
114 99 -3
114 101 -7
114 102 1
114 103 4
114 104 3
114 105 1
115 1 15
115 2 12
115 3 4
115 4 11
115 5 6
115 6 9
115 7 8
115 8 11
115 9 -2
115 10 -2
115 11 -5
115 12 -4
115 13 2
115 14 -3
115 15 -8
115 16 1
115 17 -3
115 18 15
115 19 20
115 20 17
115 21 18
115 22 3
115 23 18
115 24 14
115 25 8
115 26 15
115 27 15
115 28 19
115 29 10
115 30 -3
115 31 -9
115 32 13
115 33 7
115 34 10
115 35 10
115 36 16
115 46 -9
115 47 16
115 48 16
115 49 15
115 50 -9
115 51 20
115 52 -7
115 53 18
115 54 19
115 56 -5
115 57 16
115 58 -3
115 59 7
115 60 13
115 61 3
115 62 19
115 63 -6
115 64 13
115 66 12
115 67 8
115 68 -3
115 69 10
115 70 -4
115 71 13
115 72 18
115 73 17
115 74 12
115 75 8
115 77 9
115 78 12
115 79 -6
115 80 -6
115 81 7
115 82 -4
115 83 -10
115 84 16
115 85 15
115 86 20
115 87 7
115 89 18
115 90 4
115 91 5
115 92 -10
115 93 -2
115 94 20
115 95 -2
115 96 8
115 97 7
115 98 -3
115 99 17
115 100 2
115 102 19
115 103 1
115 104 16
115 105 16
116 1 -9
116 2 13
116 3 -7
116 4 3
116 5 -10
116 6 13
116 7 -9
116 8 3
116 9 5
116 10 2
116 11 -7
116 12 -1
116 13 13
116 14 -6
116 15 -10
116 16 20
116 17 13
116 18 -10
116 19 -4
116 20 4
116 21 -5
116 22 11
116 23 18
116 24 10
116 25 -4
116 26 7
116 27 16
116 28 2
116 29 14
116 30 19
116 31 5
116 32 14
116 33 12
116 34 20
116 35 -4
116 36 13
116 37 -8
116 38 4
116 39 13
116 40 7
116 41 -1
116 42 18
116 43 -10
116 44 -3
116 45 14
116 56 -10
116 57 14
116 58 12
116 59 20
116 60 -7
116 61 12
116 62 -6
116 63 4
116 64 1
116 65 -7
116 67 7
116 68 14
116 69 12
116 70 1
116 71 -6
116 72 18
116 73 16
116 74 -1
116 75 18
116 76 -7
116 78 14
116 79 -5
116 80 16
116 81 8
116 82 18
116 83 -3
116 84 8
116 85 -9
116 86 -10
116 87 -1
116 88 -10
116 90 -6
116 91 6
116 92 14
116 93 12
116 94 5
116 95 8
116 96 20
116 97 -7
116 98 17
116 99 20
116 100 -2
116 101 4
116 103 -9
116 104 11
116 105 -2
117 1 12
117 2 7
117 3 -6
117 4 -7
117 5 3
117 6 20
117 7 -6
117 8 -10
117 9 3
117 10 -5
117 11 -1
117 12 1
117 13 -4
117 14 -2
117 15 11
117 16 6
117 17 2
117 18 3
117 19 2
117 20 19
117 21 20
117 22 5
117 23 18
117 24 10
117 25 -1
117 26 -1
117 27 -5
117 28 -1
117 29 2
117 30 -8
117 31 1
117 32 9
117 33 -7
117 34 2
117 35 17
117 36 -2
117 37 13
117 38 6
117 39 -8
117 40 -8
117 41 -2
117 42 -5
117 43 1
117 44 14
117 45 -5
117 46 -10
117 47 2
117 48 -1
117 49 -9
117 50 -3
117 51 12
117 52 10
117 53 9
117 54 -8
117 55 16
117 67 -4
117 68 -7
117 69 -1
117 70 12
117 71 4
117 72 -1
117 73 14
117 74 -2
117 75 9
117 76 -10
117 77 -9
117 79 17
117 80 2
117 81 -3
117 82 13
117 83 2
117 84 -9
117 85 6
117 86 1
117 87 -7
117 88 11
117 89 14
117 91 11
117 92 7
117 93 -6
117 94 -8
117 95 15
117 96 4
117 97 12
117 98 15
117 99 16
117 100 -2
117 101 12
117 102 3
117 104 -6
117 105 2
118 1 -9
118 2 -7
118 3 16
118 4 4
118 5 17
118 6 -2
118 7 12
118 8 3
118 9 14
118 10 -1
118 11 5
118 12 10
118 13 2
118 14 7
118 15 5
118 16 12
118 17 -8
118 18 1
118 19 -8
118 20 4
118 21 -1
118 22 -3
118 23 13
118 24 19
118 25 9
118 26 5
118 27 14
118 28 10
118 29 -7
118 30 14
118 31 12
118 32 19
118 33 -8
118 34 6
118 35 -6
118 36 6
118 37 2
118 38 20
118 39 -8
118 40 7
118 41 10
118 42 -1
118 43 16
118 44 -6
118 45 11
118 46 1
118 47 -9
118 48 2
118 49 6
118 50 15
118 51 16
118 52 -3
118 53 15
118 54 12
118 55 -7
118 56 8
118 57 18
118 58 9
118 59 -6
118 60 -7
118 61 -9
118 62 -6
118 63 -2
118 64 -1
118 65 2
118 66 10
118 79 -5
118 80 7
118 81 18
118 82 4
118 83 8
118 84 18
118 85 19
118 86 -4
118 87 7
118 88 11
118 89 15
118 90 7
118 92 14
118 93 19
118 94 -6
118 95 15
118 96 2
118 97 6
118 98 14
118 99 20
118 100 -10
118 101 -2
118 102 16
118 103 17
118 105 9
119 1 19
119 2 -4
119 3 5
119 4 17
119 5 10
119 6 12
119 7 -7
119 8 11
119 9 -9
119 10 -5
119 11 4
119 12 -3
119 13 8
119 14 19
119 15 -2
119 16 -4
119 17 -2
119 18 16
119 19 -9
119 20 2
119 21 -7
119 22 7
119 23 9
119 24 -6
119 25 20
119 26 -2
119 27 7
119 28 16
119 29 13
119 30 -8
119 31 14
119 32 13
119 33 -2
119 34 16
119 35 13
119 36 5
119 37 5
119 38 -2
119 39 -10
119 40 -9
119 41 13
119 42 5
119 43 14
119 44 -8
119 45 1
119 46 -2
119 47 9
119 48 14
119 49 19
119 50 -10
119 51 15
119 52 15
119 53 -2
119 54 -5
119 55 9
119 56 19
119 57 7
119 58 9
119 59 2
119 60 -6
119 61 15
119 62 -3
119 63 18
119 64 -2
119 65 19
119 66 16
119 67 -5
119 68 19
119 69 3
119 70 -4
119 71 15
119 72 -4
119 73 14
119 74 10
119 75 13
119 76 8
119 77 8
119 78 -1
119 92 9
119 93 -8
119 94 3
119 95 -8
119 96 17
119 97 18
119 98 16
119 99 17
119 100 19
119 101 4
119 102 6
119 103 13
119 104 14
120 1 7
120 2 14
120 3 -9
120 4 9
120 5 -8
120 6 -10
120 7 16
120 8 -9
120 9 20
120 10 20
120 11 1
120 12 5
120 13 13
120 14 -4
120 15 6
120 16 19
120 17 18
120 18 10
120 19 18
120 20 5
120 21 -3
120 22 -10
120 23 8
120 24 -2
120 25 -1
120 26 18
120 27 -1
120 28 13
120 29 7
120 30 -4
120 31 4
120 32 -3
120 33 -6
120 34 7
120 35 19
120 36 -2
120 37 9
120 38 -8
120 39 -5
120 40 13
120 41 17
120 42 8
120 43 1
120 44 -8
120 45 8
120 46 -1
120 47 17
120 48 12
120 49 20
120 50 18
120 51 7
120 52 10
120 53 20
120 54 -8
120 55 1
120 56 12
120 57 9
120 58 -5
120 59 -10
120 60 5
120 61 20
120 62 -3
120 63 8
120 64 19
120 65 15
120 66 -10
120 67 -2
120 68 19
120 69 -3
120 70 14
120 71 17
120 72 -7
120 73 10
120 74 18
120 75 14
120 76 19
120 77 15
120 78 -2
120 79 -10
120 80 9
120 81 15
120 82 16
120 83 -10
120 84 13
120 85 8
120 86 -5
120 87 8
120 88 5
120 89 17
120 90 -10
160 91 16
