125 6962
2 3 19
2 1 -9
3 1 -9
4 2 13
5 1 -9
5 2 5
5 3 7
5 4 -8
6 1 6
6 2 -9
6 3 12
6 4 10
6 5 -10
7 1 12
7 2 -3
7 3 -8
7 4 9
7 5 -7
7 6 -2
8 1 10
8 2 19
8 3 -8
8 4 7
8 5 -5
8 6 17
8 7 17
9 1 9
9 2 -10
9 3 -6
9 4 12
9 5 -6
9 6 14
9 7 -7
9 8 8
10 1 -9
10 2 -6
10 3 8
10 4 12
10 5 2
10 6 -9
10 7 8
10 8 -3
10 9 15
11 1 1
11 2 9
11 3 -1
11 4 4
11 5 -4
11 6 2
11 7 20
11 8 -5
11 9 19
11 10 12
12 2 10
12 3 15
12 4 9
12 5 1
12 6 8
12 7 7
12 10 8
12 11 -7
13 1 9
13 3 16
13 4 4
13 5 -3
13 6 -5
13 7 7
13 8 -2
13 9 2
13 10 4
13 11 15
13 12 10
14 1 19
14 2 16
14 3 9
14 4 -2
14 5 -9
14 8 18
14 9 12
14 10 -9
14 11 -7
14 12 -7
15 1 4
15 3 17
15 4 -2
15 5 -6
15 7 11
15 8 14
15 9 16
15 10 13
15 13 12
15 14 14
16 1 18
16 2 14
16 4 8
16 5 1
16 6 20
16 7 16
16 8 18
16 9 -9
16 10 5
16 11 -10
16 12 4
16 13 10
16 14 14
16 15 -1
17 1 20
17 2 -9
17 3 -2
17 4 13
17 5 -6
17 6 -7
17 7 16
17 8 2
17 9 10
17 10 -8
17 11 -10
17 12 6
17 13 -8
17 14 -5
17 15 16
17 16 16
18 1 3
18 2 -5
18 3 18
18 4 1
18 5 -9
18 6 -10
18 7 2
18 8 10
18 9 4
18 10 -10
18 11 1
18 12 -8
18 13 -3
18 14 14
18 15 1
18 16 -5
18 17 7
19 1 -10
19 2 -2
19 3 10
19 4 3
19 5 -1
19 6 -2
19 7 10
19 8 15
19 9 16
19 10 12
19 11 13
19 12 7
19 13 -9
19 14 5
19 15 9
19 16 13
19 17 12
19 18 4
20 1 -6
20 3 16
20 4 2
20 6 17
20 7 9
20 8 11
20 9 -2
20 11 15
20 12 13
20 13 13
20 14 12
20 15 4
20 16 -2
20 17 16
20 18 15
21 1 18
21 2 1
21 3 17
21 4 3
21 5 5
21 6 -10
21 7 14
21 8 7
21 9 2
21 10 9
21 11 -2
21 12 12
21 13 11
21 14 3
21 15 18
21 17 -1
21 18 -10
21 19 11
21 20 14
22 1 20
22 2 -7
22 6 -8
22 7 7
22 8 -9
22 9 4
22 10 3
22 11 5
22 12 -4
22 13 13
22 14 -8
22 15 20
22 16 3
22 17 14
22 18 -3
22 19 -8
22 20 15
22 21 3
23 1 -4
23 2 -10
23 3 3
23 4 18
23 6 -1
23 7 -10
23 8 -10
23 9 9
23 10 3
23 11 -1
23 12 -2
23 13 -1
23 14 -8
23 15 17
23 17 8
23 18 -6
23 19 -6
23 20 2
23 21 -8
24 1 10
24 2 -2
24 3 2
24 4 11
24 5 19
24 6 -6
24 7 17
24 8 19
24 9 15
24 10 20
24 11 1
24 12 2
24 13 15
24 14 6
24 15 -6
24 16 15
24 17 18
24 18 -2
24 19 -3
24 20 16
24 22 -6
24 23 -6
25 1 15
25 2 2
25 3 -8
25 5 -10
25 6 8
25 7 -3
25 8 -8
25 9 -6
25 10 -7
25 11 3
25 12 -3
25 13 9
25 14 11
25 15 15
25 17 -3
25 18 18
25 19 18
25 20 6
25 22 -6
25 24 4
26 1 -7
26 2 15
26 3 -5
26 4 12
26 5 3
26 6 -9
26 7 19
26 8 -6
26 10 8
26 12 -9
26 13 19
26 14 16
26 15 17
26 16 20
26 17 11
26 18 10
26 19 8
26 20 19
26 21 11
26 22 16
26 23 15
26 24 8
26 25 -4
27 1 6
27 2 8
27 3 11
27 4 16
27 6 17
27 7 19
27 8 -10
27 9 4
27 10 2
27 11 -6
27 12 13
27 13 5
27 14 19
27 15 13
27 16 17
27 17 9
27 19 4
27 20 -3
27 22 8
27 23 19
27 24 4
27 25 -2
28 1 20
28 2 -6
28 3 1
28 4 10
28 6 17
28 7 -7
28 8 16
28 9 14
28 10 -3
28 11 11
28 12 16
28 13 14
28 15 1
28 16 14
28 17 18
28 18 -10
28 19 -1
28 20 -9
28 21 3
28 22 4
28 23 3
28 24 5
28 26 15
28 27 -5
29 1 16
29 2 3
29 3 5
29 4 -6
29 5 11
29 6 20
29 7 -9
29 8 -2
29 9 19
29 11 16
29 12 -7
29 13 3
29 14 -6
29 15 14
29 17 12
29 18 14
29 19 -9
29 20 9
29 21 18
29 22 14
29 23 20
29 24 20
29 25 5
29 26 -9
29 27 -7
29 28 -7
30 1 -2
30 2 18
30 3 10
30 4 3
30 5 9
30 6 16
30 8 -10
30 9 11
30 10 17
30 11 15
30 12 4
30 13 -7
30 14 11
30 15 3
30 16 7
30 19 15
30 20 7
30 22 20
30 23 3
30 24 -6
30 25 17
30 26 6
30 27 -7
30 28 17
30 29 5
31 1 2
31 2 10
31 5 9
31 7 13
31 8 -3
31 9 12
31 10 7
31 11 15
31 12 19
31 13 1
31 14 -6
31 15 7
31 16 -2
31 17 3
31 18 20
31 19 6
31 20 -6
31 21 6
31 23 16
31 24 10
31 25 3
31 26 -3
31 29 -2
31 30 19
32 1 14
32 2 13
32 3 11
32 4 11
32 5 15
32 6 19
32 7 10
32 8 20
32 10 13
32 11 -6
32 12 17
32 13 6
32 14 17
32 16 14
32 17 14
32 18 -7
32 19 -6
32 20 -4
32 21 8
32 22 5
32 24 6
32 25 18
32 26 8
32 27 2
32 28 -4
32 29 2
32 30 9
32 31 -1
33 1 1
33 2 18
33 3 20
33 4 13
33 6 3
33 7 3
33 8 12
33 9 4
33 11 -1
33 13 1
33 14 5
33 15 -9
33 16 -6
33 18 -8
33 19 -3
33 20 -1
33 21 -4
33 22 -1
33 23 3
33 24 16
33 25 4
33 26 12
33 27 1
33 28 11
33 29 -9
33 30 8
33 31 -4
33 32 11
34 1 8
34 2 12
34 5 3
34 6 -10
34 7 -1
34 8 -9
34 9 -9
34 11 13
34 12 3
34 13 -10
34 14 2
34 15 9
34 16 14
34 17 -1
34 18 -7
34 19 5
34 20 -5
34 21 -4
34 22 19
34 23 12
34 24 -4
34 25 7
34 26 16
34 27 -8
34 28 13
34 29 19
34 30 7
34 31 20
34 33 13
35 1 -8
35 2 13
35 4 -1
35 5 16
35 6 5
35 7 12
35 8 -3
35 9 -2
35 10 -8
35 11 2
35 12 14
35 13 14
35 15 18
35 16 2
35 17 -3
35 18 8
35 19 3
35 21 18
35 22 18
35 23 -2
35 24 9
35 26 8
35 27 -1
35 28 4
35 29 1
35 30 12
35 31 -1
35 32 -2
35 33 6
35 34 -8
36 1 -8
36 2 -2
36 3 -3
36 4 13
36 5 11
36 6 19
36 7 18
36 8 15
36 9 -2
36 10 19
36 11 8
36 12 12
36 13 17
36 14 -10
36 15 2
36 16 18
36 17 -4
36 18 12
36 19 11
36 20 5
36 21 14
36 22 7
36 23 12
36 24 12
36 25 1
36 26 11
36 27 -2
36 28 16
36 29 -4
36 30 8
36 31 7
36 32 19
36 34 -6
36 35 1
37 2 14
37 3 10
37 4 3
37 5 -7
37 6 6
37 7 -8
37 8 16
37 9 10
37 10 12
37 11 18
37 12 -1
37 13 9
37 14 15
37 15 17
37 16 -2
37 17 6
37 18 7
37 19 -9
37 20 16
37 21 12
37 23 15
37 24 19
37 25 15
37 27 -7
37 28 -10
37 29 2
37 30 -9
37 31 1
37 32 4
37 33 3
37 34 8
37 35 3
37 36 16
38 1 18
38 2 -4
38 3 19
38 4 10
38 6 19
38 7 4
38 8 -9
38 9 -4
38 10 9
38 11 14
38 12 5
38 13 -3
38 14 -10
38 16 1
38 17 14
38 18 14
38 19 2
38 20 5
38 22 15
38 23 -8
38 24 2
38 26 11
38 27 8
38 29 -6
38 30 12
38 31 -8
38 32 20
38 33 -1
38 34 16
38 35 4
38 36 8
38 37 -10
39 1 2
39 2 -5
39 3 4
39 4 6
39 5 5
39 6 -6
39 7 4
39 8 7
39 9 10
39 10 -10
39 11 -1
39 12 15
39 13 18
39 14 -1
39 15 -4
39 16 -5
39 17 3
39 18 3
39 19 -2
39 20 -6
39 21 5
39 22 2
39 23 11
39 24 10
39 25 17
39 26 7
39 27 6
39 28 -6
39 29 13
39 30 1
39 31 18
39 32 -6
39 33 -5
39 34 14
39 35 2
39 36 8
39 37 -4
39 38 12
40 1 18
40 2 18
40 3 3
40 4 -1
40 5 -9
40 6 -2
40 7 -2
40 9 11
40 10 7
40 11 7
40 12 -10
40 13 20
40 14 8
40 15 17
40 17 19
40 18 11
40 19 -10
40 20 12
40 21 -4
40 22 3
40 23 20
40 24 -8
40 25 -8
40 26 14
40 27 4
40 28 -4
40 29 6
40 30 4
40 31 -6
40 32 -4
40 33 -5
40 34 -3
40 35 -1
40 36 -2
40 38 5
40 39 -3
41 1 19
41 2 5
41 3 10
41 4 -9
41 5 -9
41 6 -1
41 7 14
41 8 18
41 9 9
41 10 -4
41 11 19
41 12 6
41 13 12
41 14 -8
41 15 2
41 16 -3
41 17 11
41 18 15
41 19 10
41 20 1
41 21 14
41 22 6
41 24 12
41 25 -9
41 26 19
41 27 5
41 28 12
41 29 8
41 30 7
41 31 3
41 32 -10
41 33 17
41 34 14
41 35 -9
41 36 14
41 38 20
41 39 -8
41 40 -10
42 2 17
42 4 -10
42 5 5
42 6 -2
42 7 -9
42 8 -2
42 9 10
42 10 7
42 11 19
42 12 -10
42 13 17
42 15 5
42 16 -1
42 18 1
42 19 -10
42 20 16
42 21 19
42 22 1
42 23 16
42 24 13
42 26 -1
42 27 20
42 28 2
42 29 14
42 30 1
42 31 -4
42 32 3
42 33 -6
42 35 14
42 36 2
42 37 17
42 38 15
42 39 10
42 40 5
42 41 9
43 1 1
43 2 5
43 3 16
43 4 7
43 5 -3
43 6 1
43 7 -1
43 8 12
43 9 9
43 10 18
43 11 -2
43 13 5
43 14 -8
43 15 -2
43 16 14
43 18 -3
43 19 14
43 20 19
43 21 -6
43 22 -5
43 23 8
43 24 14
43 25 -1
43 26 -8
43 27 6
43 28 -10
43 29 14
43 30 20
43 31 -1
43 32 4
43 33 -8
43 34 9
43 35 15
43 36 3
43 38 17
43 39 11
43 40 9
43 41 4
43 42 -5
44 1 14
44 2 -10
44 3 -3
44 4 4
44 5 -4
44 6 1
44 7 4
44 9 -8
44 10 14
44 11 4
44 12 1
44 13 5
44 14 20
44 15 3
44 17 7
44 18 20
44 19 -3
44 20 2
44 21 1
44 22 1
44 23 4
44 24 4
44 25 17
44 26 -1
44 28 18
44 29 -7
44 31 8
44 32 -1
44 33 1
44 34 14
44 35 5
44 36 7
44 37 -2
44 38 15
44 39 10
44 40 20
44 41 5
44 42 13
44 43 3
45 1 14
45 2 5
45 3 -10
45 4 7
45 5 -9
45 6 9
45 7 3
45 8 -3
45 9 -2
45 10 -8
45 11 20
45 12 7
45 13 3
45 14 10
45 15 -1
45 16 1
45 17 16
45 18 -3
45 19 7
45 20 5
45 21 -8
45 22 -3
45 23 -6
45 24 20
45 25 1
45 26 10
45 27 -10
45 28 -9
45 29 13
45 30 -7
45 31 9
45 32 -2
45 33 20
45 34 20
45 35 3
45 36 -9
45 37 19
45 38 5
45 39 -10
45 40 18
45 41 1
45 42 8
45 43 -5
45 44 20
46 1 -5
46 2 2
46 3 2
46 4 -6
46 5 2
46 6 4
46 7 3
46 8 17
46 10 -2
46 11 10
46 12 -6
46 13 10
46 14 20
46 15 -4
46 16 -3
46 17 9
46 18 12
46 19 4
46 20 -9
46 21 -9
46 22 -3
46 23 19
46 24 6
46 25 16
46 26 9
46 27 3
46 28 -6
46 30 5
46 31 17
46 32 13
46 33 5
46 34 8
46 35 -7
46 36 10
46 37 9
46 39 -10
46 40 19
46 41 9
46 43 13
46 44 18
46 45 -6
47 1 -5
47 2 -4
47 3 -8
47 4 12
47 5 16
47 6 -2
47 7 -2
47 8 15
47 9 9
47 10 14
47 11 16
47 12 5
47 13 -6
47 14 17
47 15 -3
47 16 9
47 17 17
47 18 -10
47 19 -10
47 20 -7
47 21 4
47 22 -7
47 23 10
47 24 1
47 25 5
47 26 -4
47 27 7
47 28 14
47 29 -2
47 30 4
47 31 -7
47 32 4
47 33 5
47 34 -10
47 35 -10
47 36 3
47 37 6
47 38 -3
47 39 4
47 40 -6
47 41 8
47 42 18
47 43 -5
47 44 7
47 45 9
48 1 5
48 2 14
48 3 20
48 5 11
48 6 9
48 7 -6
48 8 20
48 9 -5
48 10 7
48 11 20
48 12 -1
48 14 -2
48 15 12
48 16 -2
48 17 19
48 18 5
48 19 1
48 20 10
48 21 -2
48 22 15
48 23 7
48 24 -6
48 25 -9
48 26 1
48 27 -3
48 29 8
48 30 7
48 31 4
48 32 -8
48 33 -3
48 34 16
48 35 -9
48 36 1
48 38 -2
48 39 5
48 40 -4
48 41 1
48 42 6
48 43 -6
48 44 20
48 45 -6
48 46 1
48 47 -3
49 1 16
49 2 20
49 3 8
49 4 3
49 5 -1
49 6 -9
49 7 4
49 8 1
49 9 -7
49 10 14
49 11 18
49 12 8
49 13 -1
49 14 18
49 15 18
49 16 -5
49 17 -9
49 18 -3
49 19 19
49 20 16
49 21 10
49 22 9
49 23 11
49 24 11
49 25 7
49 26 -2
49 27 4
49 28 15
49 29 19
49 30 -1
49 31 -10
49 32 7
49 33 -1
49 34 -4
49 35 10
49 36 4
49 37 -9
49 38 -5
49 39 -1
49 40 -4
49 42 5
49 43 14
49 44 -8
49 45 -7
49 46 7
49 47 14
49 48 1
50 1 1
50 2 2
50 3 -5
50 4 13
50 5 4
50 6 -4
50 7 -6
50 8 -4
50 9 -2
50 10 6
50 11 6
50 12 6
50 13 -6
50 14 18
50 15 -1
50 16 3
50 18 6
50 19 -3
50 20 -4
50 21 7
50 22 -6
50 24 9
50 25 -3
50 26 -6
50 28 19
50 29 -9
50 31 20
50 32 -6
50 33 10
50 34 -10
50 35 -3
50 37 -9
50 38 8
50 39 -5
50 40 -6
50 41 -8
50 42 14
50 43 -7
50 44 -4
50 45 1
50 47 18
50 48 17
50 49 18
51 1 -8
51 2 -3
51 3 20
51 4 8
51 5 8
51 6 8
51 7 17
51 8 2
51 9 10
51 10 20
51 12 19
51 13 -2
51 14 1
51 16 8
51 17 1
51 18 -6
51 19 2
51 20 14
51 21 19
51 22 18
51 23 14
51 24 14
51 25 2
51 26 3
51 27 18
51 28 -6
51 29 -5
51 30 7
51 31 -8
51 33 -7
51 34 20
51 35 12
51 37 -4
51 39 16
51 40 4
51 41 18
51 43 -4
51 44 3
51 45 9
51 46 4
51 47 13
51 49 16
51 50 8
52 1 17
52 2 20
52 3 -5
52 4 18
52 5 -9
52 6 -3
52 7 3
52 8 -10
52 9 -7
52 10 11
52 11 8
52 12 -1
52 13 9
52 14 4
52 15 -5
52 16 16
52 17 18
52 19 14
52 20 -1
52 21 -5
52 22 -3
52 23 -6
52 24 -3
52 25 4
52 27 -2
52 28 8
52 29 4
52 30 16
52 31 7
52 32 -1
52 33 -8
52 34 -10
52 35 20
52 36 -10
52 37 16
52 38 14
52 39 17
52 40 8
52 41 9
52 42 4
52 43 -6
52 44 -2
52 45 15
52 47 3
52 49 11
52 50 -9
52 51 17
53 3 15
53 4 -5
53 5 -8
53 6 -5
53 7 -10
53 8 18
53 9 10
53 10 15
53 11 6
53 12 -2
53 13 14
53 14 8
53 15 18
53 17 18
53 18 15
53 19 -2
53 20 -3
53 21 -3
53 22 -10
53 23 4
53 24 8
53 25 17
53 26 14
53 27 3
53 28 9
53 30 8
53 31 16
53 32 -1
53 33 13
53 34 10
53 35 15
53 36 -8
53 37 -8
53 38 -1
53 39 -5
53 40 -4
53 41 -7
53 42 16
53 43 -4
53 45 -4
53 46 -10
53 47 -7
53 48 7
53 49 -5
53 50 -1
53 51 2
53 52 -10
54 1 6
54 2 1
54 3 -2
54 4 6
54 5 -8
54 6 -4
54 7 11
54 8 -2
54 9 -3
54 11 8
54 12 12
54 13 9
54 14 -5
54 15 -5
54 16 7
54 17 8
54 18 -3
54 19 1
54 20 11
54 21 15
54 22 4
54 23 4
54 24 16
54 25 -9
54 26 -2
54 27 10
54 28 15
54 29 4
54 31 9
54 32 17
54 33 9
54 34 12
54 35 20
54 36 -1
54 37 -6
54 38 3
54 39 -10
54 40 17
54 41 7
54 42 1
54 43 -5
54 44 -5
54 45 -2
54 46 13
54 47 4
54 48 7
54 49 9
54 50 16
54 51 -3
54 52 -3
54 53 -1
55 1 -7
55 3 3
55 4 12
55 5 10
55 6 -9
55 7 2
55 8 5
55 9 -9
55 10 -7
55 11 7
55 12 -7
55 13 -8
55 14 10
55 15 7
55 16 3
55 17 -6
55 18 -5
55 19 12
55 20 15
55 21 8
55 22 8
55 23 13
55 24 8
55 25 2
55 26 17
55 27 -9
55 28 18
55 29 -10
55 30 14
55 31 7
55 32 -2
55 33 19
55 34 19
55 35 6
55 36 16
55 37 13
55 38 -3
55 39 14
55 40 -7
55 42 2
55 43 7
55 44 19
55 45 5
55 46 -10
55 47 7
55 49 2
55 50 7
55 51 10
55 52 15
55 54 13
56 4 -5
56 5 9
56 6 20
56 7 5
56 8 -2
56 9 -2
56 10 17
56 11 -5
56 12 10
56 13 -5
56 14 -7
56 15 3
56 16 2
56 18 19
56 19 10
56 20 15
56 21 12
56 22 1
56 23 5
56 24 1
56 25 -10
56 27 -2
56 28 4
56 29 -7
56 30 19
56 31 -8
56 32 -1
56 33 -6
56 34 -8
56 35 17
56 37 14
56 38 12
56 40 19
56 41 -10
56 42 11
56 43 7
56 45 -7
56 46 16
56 47 9
56 48 10
56 49 -6
56 50 5
56 51 5
56 52 -2
56 53 -2
56 54 15
57 1 -7
57 2 3
57 4 -10
57 5 14
57 6 -2
57 7 -6
57 8 -7
57 9 -4
57 10 -10
57 11 13
57 12 7
57 13 -10
57 14 14
57 16 3
57 17 11
57 19 -4
57 20 8
57 22 -7
57 23 4
57 24 15
57 25 10
57 26 4
57 28 6
57 29 2
57 30 -7
57 31 -7
57 32 18
57 33 12
57 34 -10
57 35 -3
57 36 3
57 37 8
57 38 -10
57 39 13
57 40 -2
57 41 -7
57 42 -2
57 43 9
57 45 -4
57 46 13
57 47 15
57 50 15
57 51 -9
57 52 9
57 54 10
57 55 7
57 56 4
58 1 -1
58 2 7
58 3 2
58 4 9
58 5 9
58 6 4
58 9 4
58 10 4
58 11 -3
58 12 10
58 13 15
58 14 -9
58 15 -7
58 16 13
58 17 -1
58 18 3
58 19 20
58 20 14
58 21 17
58 22 6
58 23 -5
58 24 9
58 25 18
58 26 12
58 27 4
58 28 3
58 29 -3
58 30 -3
58 31 -1
58 32 17
58 33 3
58 35 3
58 36 -2
58 37 19
58 38 1
58 39 -7
58 40 -5
58 41 -5
58 42 16
58 43 14
58 44 15
58 45 15
58 46 17
58 47 10
58 48 3
58 49 14
58 51 -2
58 52 1
58 53 9
58 54 -2
58 55 4
58 56 2
58 57 13
59 1 -6
59 2 3
59 3 8
59 4 6
59 5 -4
59 6 -6
59 7 -7
59 8 4
59 9 7
59 10 2
59 12 -5
59 13 -9
59 14 16
59 15 -2
59 16 8
59 17 6
59 18 3
59 19 14
59 20 -8
59 21 12
59 22 9
59 23 -2
59 24 -2
59 25 5
59 26 -9
59 27 -6
59 28 17
59 29 -7
59 30 13
59 31 -7
59 32 8
59 33 -8
59 34 8
59 35 2
59 36 7
59 37 12
59 38 14
59 40 15
59 41 6
59 42 -1
59 43 -5
59 44 16
59 45 9
59 46 4
59 47 12
59 48 16
59 50 -1
59 51 -7
59 52 13
59 53 7
59 54 14
59 55 -7
59 56 -10
59 57 4
59 58 2
60 1 -10
60 2 4
60 3 4
60 4 -2
60 5 2
60 6 7
60 7 -5
60 8 11
60 9 3
60 10 13
60 11 15
60 12 15
60 13 -2
60 14 19
60 15 6
60 16 17
60 18 -9
60 20 20
60 21 18
60 22 10
60 23 19
60 24 -5
60 25 -10
60 26 -5
60 27 -5
60 28 -3
60 29 4
60 30 17
60 31 17
60 32 -8
60 33 4
60 34 17
60 35 -4
60 37 6
60 38 20
60 39 -8
60 40 16
60 41 -10
60 42 13
60 43 19
60 44 2
60 45 7
60 46 -4
60 47 -6
60 48 11
60 49 10
60 50 -3
60 51 13
60 52 -1
60 53 -6
60 54 20
60 55 3
60 56 -5
60 57 4
60 58 5
60 59 19
61 1 20
61 2 -5
61 3 -2
61 4 6
61 5 -1
61 6 -4
61 7 12
61 8 -1
61 9 14
61 10 3
61 11 -7
61 12 1
61 13 4
61 14 11
61 15 -3
61 16 17
61 17 1
61 18 -10
61 20 13
61 21 9
61 23 18
61 24 1
61 25 11
61 26 12
61 27 -2
61 28 4
61 29 9
61 30 20
61 31 1
61 32 4
61 33 6
61 34 -9
61 37 10
61 38 2
61 39 -1
61 40 -8
61 41 -5
61 43 -6
61 44 3
61 45 14
61 46 12
61 48 -5
61 49 16
61 50 11
61 51 -7
61 53 9
61 54 12
61 55 8
61 56 4
61 57 19
61 58 -5
61 59 -5
61 60 -8
62 1 -1
62 2 -7
62 3 8
62 4 18
62 5 -8
62 6 17
62 7 5
62 8 1
62 9 -10
62 10 6
62 11 12
62 12 4
62 13 7
62 14 -2
62 15 -3
62 16 19
62 17 20
62 19 16
62 20 -2
62 22 -1
62 23 19
62 25 -3
62 26 18
62 28 8
62 29 4
62 30 1
62 31 12
62 33 20
62 35 3
62 36 4
62 37 -8
62 38 -5
62 39 5
62 40 12
62 41 -4
62 42 -2
62 43 3
62 44 -7
62 45 7
62 46 -1
62 48 -10
62 49 1
62 50 15
62 51 8
62 52 -6
62 53 20
62 54 12
62 55 -3
62 56 3
62 57 3
62 58 -3
62 59 8
62 60 18
62 61 -7
63 1 -7
63 2 3
63 3 15
63 4 -8
63 5 16
63 6 -10
63 7 11
63 8 6
63 9 -10
63 10 -2
63 11 -1
63 12 9
63 13 -3
63 15 10
63 16 13
63 17 18
63 18 -4
63 19 -9
63 20 -8
63 21 -2
63 22 -6
63 23 3
63 24 3
63 26 -5
63 27 -1
63 28 16
63 29 -3
63 30 -10
63 31 2
63 33 2
63 34 -4
63 35 -7
63 36 -10
63 37 -5
63 38 19
63 39 10
63 40 14
63 41 -5
63 43 10
63 44 11
63 45 11
63 46 12
63 47 6
63 48 14
63 49 20
63 50 3
63 52 -4
63 53 8
63 54 11
63 56 -7
63 57 -1
63 58 19
63 59 -9
63 60 8
63 61 -5
63 62 19
64 1 -3
64 2 -5
64 3 2
64 4 14
64 5 -2
64 6 17
64 7 14
64 8 20
64 10 -8
64 11 -2
64 12 13
64 13 18
64 15 5
64 18 12
64 19 1
64 20 15
64 21 12
64 22 3
64 23 -7
64 24 10
64 26 9
64 27 -3
64 29 -4
64 30 -3
64 31 3
64 32 -7
64 33 -7
64 35 6
64 36 8
64 37 -5
64 38 20
64 39 13
64 40 18
64 41 3
64 42 20
64 43 19
64 44 6
64 45 -6
64 46 -8
64 47 2
64 48 7
64 49 18
64 50 5
64 51 5
64 52 20
64 53 -6
64 54 18
64 55 -4
64 56 11
64 57 15
64 58 -7
64 59 1
64 60 20
64 61 -5
64 62 5
64 63 -10
65 1 -1
65 2 8
65 4 12
65 5 -4
65 7 1
65 8 -5
65 9 -7
65 10 -6
65 11 -5
65 12 4
65 14 -1
65 15 -4
65 16 15
65 17 18
65 19 1
65 20 4
65 21 5
65 22 -8
65 23 1
65 24 8
65 25 11
65 26 18
65 27 18
65 28 20
65 29 13
65 30 -2
65 31 13
65 32 8
65 33 5
65 34 17
65 35 -7
65 36 2
65 37 8
65 38 6
65 39 -4
65 40 5
65 41 10
65 42 -2
65 44 15
65 45 13
65 46 2
65 47 -8
65 48 19
65 49 20
65 50 8
65 51 -7
65 52 3
65 53 18
65 54 6
65 55 12
65 56 18
65 57 12
65 58 19
65 60 4
65 61 6
65 62 -3
65 63 5
65 64 19
66 1 9
66 3 6
66 4 7
66 5 10
66 6 -1
66 7 4
66 8 19
66 9 13
66 10 1
66 11 19
66 12 -4
66 13 -7
66 14 3
66 15 7
66 16 -8
66 17 10
66 18 10
66 19 5
66 20 3
66 22 9
66 23 13
66 24 17
66 25 20
66 26 11
66 27 -9
66 28 -7
66 29 3
66 30 9
66 31 10
66 32 2
66 33 -9
66 34 4
66 35 12
66 36 16
66 37 12
66 38 16
66 39 -3
66 40 -5
66 41 4
66 42 4
66 43 1
66 44 -5
66 45 1
66 46 18
66 47 -5
66 48 -5
66 49 2
66 50 8
66 51 11
66 52 4
66 53 20
66 54 15
66 55 15
66 57 12
66 58 -10
66 59 2
66 60 12
66 62 14
66 63 -7
66 64 -3
66 65 -2
67 2 4
67 3 4
67 4 11
67 5 -1
67 6 5
67 7 4
67 8 16
67 9 17
67 10 13
67 11 -1
67 12 3
67 13 -7
67 14 -4
67 16 9
67 17 5
67 18 15
67 19 -4
67 20 -6
67 21 -4
67 22 1
67 23 14
67 24 18
67 25 -5
67 26 20
67 27 16
67 28 -9
67 29 4
67 30 -1
67 31 17
67 33 19
67 34 -4
67 35 -9
67 36 8
67 37 10
67 38 11
67 39 -1
67 40 -10
67 41 -6
67 42 -7
67 43 -9
67 44 8
67 45 14
67 46 11
67 47 -6
67 48 1
67 49 -1
67 50 -7
67 51 -3
67 52 -7
67 53 -5
67 54 11
67 55 -9
67 56 -3
67 57 17
67 58 7
67 59 17
67 60 19
67 61 -4
67 62 4
67 63 13
67 64 -9
67 65 -2
67 66 -2
68 1 16
68 2 2
68 3 17
68 5 7
68 6 10
68 7 15
68 8 8
68 9 -3
68 10 6
68 11 6
68 13 7
68 14 9
68 15 1
68 18 -9
68 19 10
68 20 12
68 21 2
68 22 4
68 23 -4
68 24 -2
68 25 -9
68 26 19
68 27 13
68 28 12
68 29 -10
68 31 -4
68 33 1
68 34 1
68 35 16
68 36 -4
68 37 -1
68 38 -4
68 39 13
68 40 13
68 41 -10
68 42 17
68 43 17
68 44 -7
68 45 15
68 46 -2
68 47 12
68 48 -7
68 49 6
68 50 11
68 51 -10
68 52 -3
68 53 -9
68 54 -6
68 55 14
68 56 5
68 57 5
68 58 -6
68 59 11
68 60 -7
68 61 2
68 63 9
68 64 2
68 65 6
68 66 16
68 67 19
69 1 13
69 2 19
69 3 -1
69 5 -2
69 6 2
69 7 6
69 8 -9
69 10 13
69 11 -10
69 12 17
69 13 -3
69 14 6
69 15 13
69 16 3
69 17 -10
69 18 -3
69 19 18
69 20 2
69 21 10
69 22 11
69 24 -7
69 25 9
69 26 9
69 27 -2
69 28 3
69 29 -1
69 30 11
69 31 12
69 32 20
69 33 -8
69 34 -9
69 35 13
69 36 -1
69 37 -8
69 38 18
69 39 16
69 40 5
69 41 6
69 42 -8
69 43 -7
69 44 -3
69 45 17
69 46 4
69 47 -10
69 48 -8
69 50 2
69 52 13
69 53 -9
69 54 -2
69 55 3
69 56 6
69 57 -9
69 58 3
69 59 -10
69 60 4
69 61 -6
69 62 17
69 63 -10
69 64 15
69 65 19
69 66 -3
69 67 18
69 68 16
70 1 20
70 2 10
70 3 14
70 4 14
70 5 7
70 7 -1
70 8 -1
70 9 8
70 10 -4
70 11 -9
70 12 15
70 13 10
70 14 -4
70 15 14
70 16 10
70 17 -6
70 18 -6
70 19 18
70 21 1
70 22 -6
70 24 1
70 25 -5
70 26 -4
70 27 -4
70 28 3
70 29 16
70 30 2
70 31 6
70 32 3
70 33 6
70 34 3
70 35 13
70 36 11
70 37 9
70 38 6
70 39 10
70 40 -9
70 42 4
70 44 14
70 45 -10
70 46 13
70 47 -5
70 48 -6
70 49 -7
70 50 -5
70 51 -9
70 52 6
70 53 10
70 54 -5
70 55 16
70 56 16
70 57 1
70 58 -10
70 59 -6
70 60 -4
70 61 16
70 62 -7
70 63 -1
70 64 10
70 65 5
70 66 11
70 67 14
70 68 2
70 69 3
71 1 -7
71 2 10
71 3 -3
71 4 12
71 5 -3
71 6 18
71 7 7
71 8 -2
71 9 5
71 11 2
71 12 4
71 16 14
71 17 17
71 18 14
71 19 11
71 20 -6
71 22 3
71 23 10
71 24 -4
71 25 12
71 26 4
71 27 -7
71 28 2
71 29 7
71 31 -8
71 32 9
71 34 17
71 35 8
71 37 7
71 38 10
71 39 -4
71 40 14
71 41 17
71 42 -8
71 44 2
71 45 17
71 46 -4
71 47 13
71 48 17
71 49 16
71 50 -6
71 51 12
71 53 -5
71 54 8
71 55 -3
71 56 12
71 57 -6
71 58 -7
71 59 -4
71 60 -7
71 61 4
71 62 -4
71 63 18
71 64 9
71 65 7
71 66 9
71 67 1
71 68 13
71 69 2
71 70 -1
72 1 20
72 2 -6
72 3 5
72 4 15
72 5 7
72 6 -9
72 7 3
72 8 -8
72 9 -6
72 10 8
72 11 11
72 12 14
72 13 11
72 14 16
72 15 6
72 18 -5
72 19 4
72 20 8
72 21 -4
72 22 -2
72 23 11
72 24 -2
72 25 -5
72 27 17
72 29 19
72 30 -5
72 31 20
72 32 19
72 33 4
72 34 7
72 35 11
72 36 1
72 37 -3
72 38 -2
72 39 -7
72 40 -10
72 41 -4
72 42 18
72 43 6
72 44 19
72 45 -9
72 46 4
72 47 -9
72 48 5
72 49 15
72 50 -2
72 51 11
72 53 10
72 54 11
72 55 -9
72 56 -2
72 57 9
72 58 1
72 59 20
72 60 13
72 61 8
72 62 -6
72 63 11
72 64 -7
72 66 1
72 67 11
72 68 1
72 69 -5
72 70 3
72 71 20
73 1 15
73 2 -8
73 3 17
73 4 2
73 5 5
73 6 16
73 7 13
73 8 4
73 9 8
73 10 -2
73 11 -7
73 12 -9
73 13 12
73 15 1
73 16 20
73 17 18
73 18 -2
73 19 8
73 20 -2
73 21 -8
73 22 6
73 23 19
73 24 20
73 25 9
73 26 -6
73 27 -7
73 28 4
73 30 12
73 32 2
73 33 -4
73 34 15
73 35 14
73 37 -1
73 38 10
73 39 -9
73 41 2
73 42 5
73 44 6
73 45 2
73 46 4
73 47 16
73 48 14
73 49 15
73 50 -1
73 52 17
73 53 7
73 54 -7
73 55 -8
73 56 19
73 57 -5
73 58 -4
73 60 5
73 61 -3
73 62 -9
73 63 19
73 64 -4
73 65 19
73 66 8
73 67 -4
73 69 -9
73 70 -9
73 71 5
73 72 1
74 1 -1
74 2 7
74 3 16
74 4 4
74 6 17
74 7 6
74 8 -4
74 10 -8
74 11 20
74 12 8
74 13 -2
74 14 -2
74 15 -8
74 17 16
74 18 11
74 19 -3
74 21 -6
74 22 -4
74 23 -9
74 24 6
74 25 4
74 26 2
74 28 6
74 29 16
74 30 16
74 31 -6
74 32 19
74 33 1
74 34 -4
74 35 5
74 36 9
74 37 -8
74 38 11
74 39 -9
74 41 -5
74 42 7
74 43 14
74 44 5
74 45 1
74 46 1
74 47 -8
74 48 -7
74 49 5
74 50 -6
74 52 6
74 53 -10
74 54 5
74 56 3
74 58 10
74 59 17
74 60 -1
74 61 -7
74 62 -1
74 64 16
74 65 15
74 67 17
74 68 11
74 69 10
74 70 14
74 71 4
74 72 -1
74 73 -1
75 1 -3
75 3 7
75 4 -7
75 5 12
75 6 -6
75 7 -4
75 8 2
75 9 19
75 10 1
75 11 -5
75 12 6
75 13 5
75 14 16
75 16 -2
75 17 1
75 18 9
75 19 14
75 20 7
75 21 17
75 22 -3
75 23 6
75 24 9
75 25 -5
75 26 -5
75 27 -7
75 28 -3
75 29 13
75 30 -9
75 31 4
75 33 -5
75 35 9
75 38 1
75 39 10
75 41 7
75 42 5
75 43 15
75 44 2
75 45 -8
75 46 4
75 47 15
75 48 -4
75 49 9
75 50 4
75 51 3
75 52 9
75 53 -8
75 54 -8
75 55 17
75 56 6
75 57 -9
75 58 -1
75 60 11
75 61 -2
75 62 3
75 63 20
75 64 -9
75 65 -8
75 66 7
75 67 10
75 68 4
75 69 5
75 70 14
75 73 -8
75 74 8
76 1 20
76 2 -7
76 3 -3
76 5 17
76 6 4
76 7 8
76 8 8
76 9 19
76 10 15
76 11 13
76 13 1
76 14 4
76 15 18
76 17 16
76 18 17
76 19 18
76 20 -4
76 21 -4
76 22 19
76 23 -6
76 24 5
76 25 18
76 26 13
76 27 8
76 30 12
76 32 -6
76 33 -6
76 34 8
76 36 4
76 37 10
76 40 -9
76 41 8
76 42 18
76 43 -3
76 44 18
76 46 -1
76 47 19
76 48 16
76 49 13
76 51 18
76 52 -4
76 54 -5
76 55 -5
76 56 19
76 57 -8
76 58 3
76 59 14
76 60 14
76 61 -1
76 62 5
76 63 18
76 64 4
76 65 6
76 66 12
76 67 12
76 68 -10
76 69 13
76 70 15
76 71 14
76 73 15
76 74 13
77 1 -8
77 2 -2
77 3 12
77 5 14
77 6 17
77 7 -2
77 8 -4
77 9 -6
77 10 19
77 11 -4
77 12 3
77 13 13
77 14 19
77 16 3
77 17 14
77 18 7
77 19 15
77 20 9
77 21 -6
77 22 -5
77 23 5
77 24 -10
77 25 -9
77 26 -8
77 27 15
77 28 16
77 29 9
77 30 8
77 31 -6
77 32 -10
77 34 15
77 35 17
77 36 10
77 37 18
77 38 16
77 40 7
77 41 16
77 42 -8
77 43 14
77 44 18
77 45 -9
77 46 1
77 47 -5
77 48 11
77 49 14
77 50 8
77 51 -9
77 52 -7
77 53 9
77 54 -8
77 55 -10
77 56 -10
77 57 12
77 58 -2
77 59 1
77 60 8
77 61 -8
77 62 5
77 64 -4
77 65 16
77 66 5
77 67 3
77 68 1
77 69 1
77 70 -4
77 71 7
77 72 -4
77 73 3
77 74 -6
77 75 12
77 76 20
78 1 11
78 2 -7
78 3 -10
78 4 -2
78 5 6
78 8 -6
78 9 -10
78 10 3
78 11 2
78 14 -5
78 15 9
78 16 -9
78 17 14
78 18 -2
78 19 3
78 20 -4
78 22 11
78 23 -6
78 26 -7
78 27 17
78 28 -2
78 30 -7
78 31 10
78 32 -1
78 33 10
78 34 10
78 35 1
78 37 11
78 38 -10
78 39 3
78 40 5
78 41 3
78 42 -4
78 43 -9
78 44 7
78 45 9
78 46 1
78 47 1
78 48 -5
78 49 20
78 50 -5
78 51 9
78 52 5
78 53 -10
78 54 5
78 55 4
78 56 7
78 57 -7
78 58 18
78 59 11
78 60 11
78 61 18
78 62 12
78 63 14
78 64 -4
78 65 -8
78 66 18
78 67 16
78 69 -6
78 70 12
78 71 3
78 72 15
78 73 -1
78 74 11
78 75 20
78 76 1
78 77 2
79 1 19
79 2 8
79 3 3
79 4 16
79 5 -2
79 6 12
79 7 15
79 8 17
79 9 -2
79 10 16
79 11 6
79 12 -4
79 13 11
79 14 -3
79 16 16
79 17 18
79 18 1
79 19 -3
79 20 -3
79 21 -9
79 22 -4
79 23 20
79 24 -9
79 25 -9
79 27 18
79 29 6
79 30 -4
79 31 15
79 32 -1
79 33 18
79 34 1
79 37 -6
79 38 20
79 39 6
79 40 17
79 41 13
79 42 -1
79 43 17
79 44 7
79 45 8
79 46 -6
79 47 -8
79 48 2
79 49 -9
79 51 4
79 52 -3
79 53 19
79 54 10
79 55 -7
79 56 1
79 57 3
79 58 15
79 59 14
79 60 -1
79 62 -10
79 64 19
79 65 12
79 66 -1
79 67 -1
79 68 -10
79 69 8
79 70 -1
79 71 9
79 72 2
79 74 7
79 76 18
79 77 12
79 78 9
80 1 -4
80 2 8
80 4 -4
80 5 18
80 6 5
80 7 -10
80 8 -7
80 9 -6
80 10 17
80 11 18
80 12 6
80 13 -4
80 14 4
80 15 15
80 17 20
80 18 14
80 19 5
80 20 6
80 21 -3
80 22 19
80 23 -9
80 24 -5
80 25 -10
80 26 -5
80 27 20
80 28 1
80 29 9
80 30 20
80 31 10
80 32 -1
80 33 -4
80 34 -10
80 35 20
80 36 1
80 37 5
80 38 8
80 39 7
80 40 8
80 41 18
80 42 16
80 43 12
80 44 8
80 45 5
80 46 17
80 47 4
80 48 3
80 49 6
80 50 20
80 51 17
80 52 5
80 53 16
80 54 12
80 55 -9
80 56 20
80 57 -8
80 59 5
80 60 2
80 62 -6
80 63 7
80 65 5
80 66 -4
80 67 -2
80 68 -6
80 69 17
80 70 -3
80 71 -8
80 72 -3
80 73 3
80 74 4
80 75 14
80 77 5
80 78 19
80 79 3
81 1 16
81 2 11
81 3 1
81 4 19
81 5 -9
81 6 20
81 8 18
81 9 1
81 10 16
81 11 -6
81 12 1
81 13 -2
81 14 -3
81 15 20
81 16 4
81 17 -5
81 18 8
81 19 20
81 20 3
81 21 -1
81 22 -6
81 23 -6
81 24 17
81 25 -6
81 26 19
81 27 4
81 28 14
81 29 -5
81 30 18
81 31 11
81 32 10
81 33 19
81 34 7
81 37 2
81 38 -10
81 39 20
81 40 9
81 41 2
81 43 15
81 44 10
81 46 4
81 47 13
81 48 5
81 49 11
81 50 15
81 52 18
81 54 3
81 56 6
81 57 7
81 58 17
81 59 -5
81 60 13
81 61 8
81 62 17
81 63 2
81 64 4
81 66 19
81 67 10
81 69 2
81 70 8
81 71 -6
81 72 3
81 73 3
81 74 10
81 76 14
81 77 -8
81 78 -3
81 79 4
81 80 5
82 1 3
82 2 15
82 3 19
82 4 9
82 5 18
82 6 11
82 7 -5
82 8 17
82 9 6
82 10 -4
82 11 4
82 12 -6
82 13 -8
82 14 -3
82 15 9
82 16 15
82 17 3
82 18 -10
82 19 3
82 20 -2
82 21 19
82 22 9
82 23 2
82 24 -5
82 25 4
82 26 -4
82 27 -6
82 28 6
82 29 -6
82 30 -8
82 31 6
82 33 -1
82 34 4
82 35 8
82 36 17
82 37 2
82 38 -3
82 40 -1
82 41 11
82 43 20
82 44 -4
82 45 8
82 46 13
82 48 -7
82 49 2
82 51 -8
82 52 -3
82 53 10
82 54 -3
82 55 1
82 56 18
82 57 10
82 58 18
82 59 5
82 60 7
82 61 4
82 62 16
82 63 -4
82 64 13
82 65 -8
82 66 5
82 67 11
82 68 4
82 69 -3
82 70 6
82 71 8
82 72 11
82 74 7
82 75 1
82 76 9
82 77 17
82 78 1
82 79 -6
82 80 -6
82 81 9
83 1 8
83 2 19
83 5 11
83 7 18
83 8 11
83 9 5
83 11 -2
83 12 7
83 13 -3
83 14 -2
83 15 -10
83 16 5
83 18 3
83 20 14
83 21 11
83 22 20
83 23 15
83 25 20
83 27 15
83 28 8
83 29 3
83 30 -6
83 31 9
83 32 20
83 33 -3
83 34 -5
83 35 5
83 36 -6
83 37 4
83 38 -1
83 39 -7
83 40 5
83 41 -4
83 43 -5
83 44 5
83 45 16
83 48 12
83 49 14
83 50 9
83 51 19
83 52 -9
83 53 4
83 54 10
83 56 19
83 57 -4
83 58 1
83 59 20
83 60 12
83 62 2
83 63 -3
83 64 -3
83 65 7
83 66 -5
83 67 15
83 68 14
83 70 20
83 71 10
83 72 9
83 73 13
83 74 18
83 75 13
83 77 18
83 78 -3
83 79 17
83 80 19
83 81 12
83 82 -7
84 1 5
84 2 9
84 3 18
84 4 18
84 6 4
84 7 6
84 8 8
84 9 -10
84 10 -4
84 11 12
84 14 12
84 15 -4
84 16 10
84 17 -3
84 18 -3
84 19 19
84 20 -10
84 21 8
84 22 12
84 23 7
84 24 9
84 25 -5
84 26 18
84 27 -1
84 28 -10
84 29 -9
84 30 -1
84 31 15
84 32 16
84 33 -4
84 34 8
84 35 -5
84 36 -9
84 37 16
84 38 -10
84 40 -4
84 41 -3
84 42 10
84 43 9
84 44 6
84 45 16
84 46 10
84 48 1
84 49 18
84 50 16
84 51 -8
84 52 -1
84 54 18
84 55 3
84 57 4
84 58 -2
84 59 19
84 60 -9
84 61 -2
84 62 -10
84 63 -7
84 65 18
84 66 9
84 67 -9
84 68 8
84 69 1
84 71 1
84 72 18
84 73 9
84 74 -8
84 75 15
84 76 -1
84 77 -6
84 78 2
84 79 -2
84 80 -7
84 82 4
84 83 19
85 1 -10
85 2 -10
85 3 -9
85 5 8
85 6 -6
85 7 1
85 8 3
85 9 -7
85 10 8
85 11 -1
85 12 -9
85 13 19
85 14 2
85 15 6
85 16 18
85 17 18
85 18 1
85 19 8
85 20 -8
85 22 5
85 23 10
85 24 19
85 25 -9
85 26 16
85 27 7
85 29 -6
85 30 3
85 31 -7
85 32 13
85 33 1
85 34 4
85 35 10
85 37 10
85 38 13
85 39 11
85 41 4
85 42 7
85 43 -4
85 44 19
85 45 -7
85 46 4
85 47 20
85 48 6
85 49 -3
85 50 9
85 51 20
85 52 18
85 53 -9
85 54 -9
85 55 -2
85 56 5
85 57 -5
85 58 -6
85 59 8
85 60 2
85 61 5
85 62 11
85 63 -9
85 65 -5
85 66 -10
85 67 10
85 68 1
85 70 -10
85 71 -1
85 72 -5
85 73 6
85 74 19
85 75 18
85 76 9
85 77 19
85 78 -2
85 79 12
85 80 2
85 81 11
85 82 14
85 83 3
85 84 1
86 1 9
86 2 -9
86 3 7
86 4 20
86 5 9
86 6 17
86 8 14
86 9 8
86 10 7
86 12 1
86 13 20
86 14 2
86 15 19
86 16 12
86 17 5
86 18 -4
86 19 3
86 20 -2
86 22 2
86 23 -4
86 24 13
86 25 14
86 26 8
86 27 11
86 28 13
86 29 -4
86 30 19
86 31 -4
86 32 -2
86 34 2
86 35 11
86 36 5
86 37 -6
86 38 -6
86 39 -8
86 40 6
86 41 13
86 42 -3
86 43 16
86 44 4
86 45 8
86 46 18
86 47 7
86 48 7
86 49 11
86 50 19
86 51 4
86 52 -8
86 53 19
86 54 8
86 55 6
86 56 14
86 57 10
86 58 15
86 59 -9
86 60 18
86 61 17
86 62 10
86 63 8
86 65 13
86 66 13
86 67 11
86 68 15
86 69 8
86 70 -8
86 71 -8
86 72 11
86 74 6
86 75 1
86 76 -1
86 77 7
86 78 16
86 79 3
86 80 11
86 81 1
86 82 11
86 84 1
86 85 -5
87 2 9
87 3 3
87 4 7
87 5 -7
87 6 10
87 7 1
87 8 3
87 9 14
87 10 3
87 11 -4
87 12 9
87 13 -7
87 15 -3
87 16 20
87 17 13
87 18 -2
87 19 -2
87 20 9
87 21 11
87 22 15
87 23 -1
87 24 -5
87 25 7
87 26 13
87 27 15
87 28 19
87 29 3
87 30 8
87 32 8
87 33 17
87 34 3
87 35 7
87 36 18
87 37 8
87 38 -3
87 39 1
87 40 5
87 41 4
87 42 -1
87 43 6
87 44 15
87 45 -10
87 46 -3
87 47 11
87 48 4
87 50 8
87 51 -3
87 52 17
87 53 -2
87 54 12
87 56 6
87 57 2
87 58 8
87 59 -4
87 60 4
87 61 9
87 62 -6
87 63 5
87 64 5
87 65 -8
87 66 -9
87 68 17
87 69 8
87 70 13
87 71 -3
87 72 8
87 73 -2
87 74 -6
87 75 4
87 76 13
87 77 -7
87 78 -6
87 79 -1
87 80 6
87 82 6
87 83 19
87 84 8
87 85 17
87 86 -2
88 1 2
88 2 2
88 3 5
88 4 15
88 5 1
88 6 -10
88 7 -6
88 8 9
88 10 5
88 11 -4
88 14 7
88 15 13
88 16 -1
88 18 -4
88 19 -8
88 20 15
88 21 3
88 22 18
88 23 1
88 24 -9
88 25 -2
88 26 2
88 27 13
88 28 7
88 29 2
88 30 -7
88 31 16
88 32 16
88 33 -2
88 34 -4
88 35 19
88 38 16
88 39 -4
88 40 14
88 41 3
88 42 -3
88 43 7
88 44 -8
88 45 -7
88 46 14
88 47 17
88 48 -8
88 49 -1
88 51 8
88 52 8
88 53 -3
88 54 4
88 55 -7
88 56 6
88 57 -7
88 58 9
88 59 -4
88 60 -9
88 61 7
88 65 14
88 66 -3
88 67 -5
88 69 4
88 70 6
88 72 8
88 73 17
88 74 13
88 75 13
88 76 19
88 77 13
88 78 -5
88 79 4
88 80 3
88 81 -8
88 82 -6
88 83 8
88 84 15
88 85 -5
89 1 -5
89 2 -1
89 4 18
89 5 3
89 6 10
89 7 6
89 8 11
89 9 11
89 10 1
89 11 -1
89 13 2
89 15 17
89 17 7
89 18 13
89 19 1
89 20 13
89 21 14
89 22 20
89 23 5
89 24 16
89 25 2
89 26 6
89 27 4
89 28 17
89 29 16
89 30 10
89 32 11
89 34 3
89 35 -5
89 36 8
89 37 -5
89 38 4
89 39 15
89 40 -3
89 41 11
89 42 10
89 43 -5
89 44 20
89 45 2
89 46 -10
89 47 -10
89 48 19
89 49 13
89 52 9
89 53 8
89 54 9
89 55 -5
89 56 4
89 57 -7
89 58 6
89 59 -2
89 60 -3
89 61 6
89 62 -1
89 63 12
89 64 19
89 65 16
89 66 20
89 67 -8
89 69 -6
89 70 14
89 71 7
89 72 -6
89 73 -2
89 74 3
89 75 9
89 77 -8
89 78 -9
89 79 18
89 80 7
89 81 -2
89 83 9
89 84 5
89 86 6
89 87 -3
89 88 14
90 1 12
90 3 5
90 4 -2
90 5 2
90 6 5
90 7 2
90 8 17
90 9 20
90 10 -2
90 11 9
90 12 -10
90 13 8
90 14 7
90 15 -1
90 16 -3
90 17 9
90 18 -4
90 19 -3
90 20 4
90 21 -9
90 22 3
90 23 14
90 24 -7
90 25 -10
90 26 18
90 27 -10
90 28 9
90 29 18
90 30 10
90 31 10
90 32 1
90 33 4
90 34 15
90 37 8
90 38 -10
90 39 18
90 40 7
90 41 13
90 42 -3
90 43 7
90 45 16
90 46 -3
90 47 4
90 48 -8
90 49 11
90 50 18
90 51 3
90 52 11
90 53 3
90 54 15
90 55 -7
90 56 -10
90 57 18
90 59 4
90 60 18
90 61 1
90 62 -2
90 64 10
90 65 -4
90 67 6
90 68 6
90 69 20
90 70 -8
90 71 -4
90 72 16
90 74 2
90 76 7
90 79 2
90 80 7
90 81 -5
90 82 2
90 83 6
90 85 18
90 86 3
90 87 18
90 88 -1
90 89 10
91 1 -6
91 2 -9
91 3 17
91 4 20
91 5 -10
91 6 11
91 7 -7
91 8 -8
91 9 12
91 10 2
91 11 12
91 12 -4
91 13 15
91 14 20
91 15 11
91 16 14
91 17 -5
91 18 17
91 19 -1
91 21 2
91 23 10
91 25 10
91 26 -3
91 27 12
91 28 14
91 29 17
91 30 8
91 31 18
91 32 4
91 34 -10
91 35 -10
91 37 -3
91 38 7
91 39 8
91 40 6
91 41 20
91 42 18
91 43 -7
91 44 3
91 45 5
91 46 -3
91 47 7
91 48 15
91 49 -2
91 50 3
91 51 10
91 52 16
91 55 7
91 56 -4
91 57 -1
91 58 -4
91 59 8
91 60 5
91 61 -6
91 62 -5
91 63 14
91 64 3
91 65 -2
91 66 -6
91 67 17
91 68 1
91 69 7
91 70 -5
91 71 4
91 72 13
91 73 -1
91 74 16
91 75 15
91 76 5
91 77 13
91 78 10
91 79 16
91 80 2
91 81 20
91 82 5
91 84 18
91 85 6
91 86 17
91 87 2
91 88 12
91 89 18
92 1 19
92 2 16
92 3 2
92 4 -5
92 5 -6
92 6 17
92 7 6
92 8 -4
92 9 -9
92 10 7
92 11 6
92 13 -5
92 14 -3
92 15 5
92 16 4
92 17 13
92 18 -9
92 19 7
92 20 7
92 21 13
92 22 -3
92 23 12
92 24 -7
92 25 -10
92 26 6
92 27 16
92 28 4
92 29 16
92 30 -8
92 31 -5
92 32 9
92 33 -3
92 34 14
92 35 -5
92 36 15
92 37 9
92 38 1
92 39 17
92 40 3
92 41 16
92 42 13
92 44 19
92 45 4
92 46 -4
92 47 11
92 48 -8
92 49 5
92 50 15
92 51 12
92 53 19
92 54 -2
92 55 19
92 56 -5
92 57 6
92 58 19
92 59 10
92 61 1
92 62 16
92 63 -3
92 64 9
92 65 14
92 67 7
92 68 11
92 69 7
92 70 20
92 71 3
92 72 -2
92 73 18
92 74 13
92 75 9
92 76 11
92 77 15
92 78 -8
92 79 12
92 81 4
92 82 16
92 83 5
92 84 13
92 85 11
92 86 15
92 89 11
92 90 8
92 91 18
93 1 -1
93 2 20
93 3 6
93 5 -2
93 6 15
93 7 -8
93 8 -10
93 9 -9
93 10 11
93 11 1
93 12 1
93 13 14
93 15 -9
93 16 20
93 17 20
93 18 -8
93 19 18
93 20 -8
93 21 -1
93 22 14
93 23 -9
93 24 -9
93 25 -10
93 26 5
93 28 1
93 29 15
93 30 2
93 31 -7
93 32 -8
93 33 -3
93 34 1
93 35 -7
93 36 2
93 37 13
93 38 2
93 39 15
93 40 14
93 41 9
93 42 6
93 44 -5
93 46 -3
93 47 9
93 48 -3
93 49 5
93 51 -6
93 52 -7
93 53 16
93 54 -9
93 55 3
93 57 16
93 58 -6
93 59 8
93 60 12
93 61 -3
93 63 6
93 65 1
93 66 -4
93 67 -10
93 68 -8
93 69 -8
93 70 6
93 71 -8
93 72 -1
93 74 5
93 75 3
93 76 6
93 77 -5
93 78 -2
93 79 12
93 80 16
93 81 1
93 82 13
93 83 19
93 84 3
93 85 11
93 86 -3
93 88 -4
93 89 3
93 91 13
93 92 16
94 1 6
94 2 3
94 4 6
94 5 -6
94 6 15
94 7 17
94 8 14
94 9 -4
94 10 -7
94 11 19
94 12 6
94 13 -1
94 14 8
94 16 -2
94 17 19
94 18 10
94 19 -9
94 21 10
94 22 1
94 23 4
94 24 -8
94 25 20
94 26 5
94 27 15
94 28 3
94 29 -1
94 30 6
94 32 2
94 34 17
94 36 20
94 37 9
94 38 -10
94 39 -3
94 40 11
94 41 11
94 42 2
94 43 16
94 44 17
94 46 8
94 47 -9
94 48 8
94 49 -2
94 50 6
94 51 -1
94 52 3
94 53 12
94 55 4
94 56 15
94 57 1
94 58 -10
94 59 14
94 60 7
94 61 20
94 62 20
94 63 11
94 64 3
94 65 18
94 66 10
94 68 5
94 71 16
94 72 8
94 73 4
94 74 16
94 75 -7
94 76 1
94 77 16
94 78 8
94 79 17
94 80 10
94 81 15
94 83 5
94 84 10
94 85 -2
94 86 -7
94 87 9
94 88 -1
94 89 3
94 90 2
94 91 1
94 92 4
94 93 8
95 2 15
95 3 -1
95 4 1
95 6 -10
95 7 9
95 8 1
95 9 -4
95 11 -3
95 12 7
95 13 8
95 14 9
95 15 -9
95 16 1
95 17 -1
95 18 9
95 19 9
95 20 7
95 21 5
95 22 9
95 24 1
95 25 -2
95 27 18
95 28 -10
95 29 2
95 30 12
95 31 14
95 32 -7
95 33 6
95 34 -1
95 35 8
95 36 6
95 38 4
95 39 4
95 40 13
95 41 -7
95 42 2
95 43 8
95 44 9
95 45 2
95 46 19
95 47 9
95 49 6
95 50 11
95 52 16
95 53 19
95 54 5
95 56 -8
95 57 13
95 58 6
95 59 18
95 60 18
95 62 19
95 64 -9
95 65 19
95 67 8
95 68 -7
95 69 2
95 70 -2
95 71 -2
95 72 12
95 74 9
95 75 3
95 76 17
95 77 19
95 78 5
95 79 16
95 80 18
95 81 7
95 82 13
95 83 9
95 84 20
95 85 12
95 86 13
95 87 8
95 88 -1
95 89 -6
95 90 6
95 91 -5
95 92 13
95 93 7
95 94 1
96 1 2
96 2 9
96 3 15
96 4 -2
96 5 -9
96 6 -9
96 7 19
96 8 11
96 9 -10
96 10 20
96 11 8
96 12 10
96 13 17
96 14 10
96 16 4
96 17 10
96 18 -9
96 19 -4
96 20 14
96 21 11
96 22 5
96 23 -10
96 24 17
96 25 11
96 26 11
96 27 20
96 29 18
96 30 -6
96 31 4
96 32 -9
96 33 18
96 34 -5
96 35 11
96 36 8
96 37 3
96 38 11
96 39 -2
96 40 17
96 41 -1
96 42 12
96 43 -6
96 44 -9
96 45 -1
96 46 2
96 47 17
96 48 -1
96 49 7
96 50 -6
96 51 14
96 52 2
96 53 -5
96 54 -5
96 55 19
96 56 12
96 57 18
96 58 20
96 59 6
96 60 16
96 61 11
96 62 19
96 63 7
96 64 18
96 65 4
96 66 1
96 67 -10
96 68 6
96 69 3
96 70 -2
96 71 -10
96 72 -10
96 74 7
96 75 -2
96 76 10
96 77 11
96 78 7
96 79 5
96 80 -1
96 81 15
96 82 14
96 83 -6
96 84 -4
96 85 16
96 86 3
96 88 3
96 90 13
96 91 -5
96 92 8
96 93 4
96 95 -3
97 1 -10
97 2 13
97 3 -4
97 4 16
97 6 6
97 7 -6
97 8 14
97 9 -10
97 10 20
97 12 8
97 13 4
97 14 4
97 15 -7
97 16 18
97 18 18
97 19 -9
97 20 -10
97 21 13
97 22 4
97 23 -6
97 25 7
97 27 -1
97 28 9
97 29 14
97 30 -1
97 31 10
97 32 5
97 33 12
97 34 -3
97 35 -8
97 37 11
97 38 18
97 39 6
97 40 4
97 41 -3
97 42 -9
97 43 -6
97 45 7
97 46 -4
97 47 -4
97 48 2
97 49 -6
97 50 -7
97 51 20
97 53 1
97 54 6
97 55 6
97 56 1
97 57 10
97 58 -7
97 59 1
97 60 -10
97 61 3
97 63 13
97 64 7
97 65 -8
97 67 -2
97 68 16
97 69 5
97 70 -1
97 71 7
97 72 20
97 73 8
97 74 14
97 76 12
97 77 7
97 78 2
97 79 2
97 80 4
97 81 5
97 83 -5
97 84 10
97 85 -6
97 86 -6
97 87 6
97 88 9
97 89 -3
97 91 20
97 93 1
97 95 6
97 96 16
98 1 14
98 2 -1
98 3 9
98 4 7
98 5 9
98 6 -6
98 7 16
98 8 10
98 9 9
98 10 2
98 11 -3
98 12 15
98 13 2
98 14 -10
98 15 17
98 16 -5
98 17 -9
98 18 -9
98 19 20
98 20 9
98 21 -10
98 22 5
98 23 13
98 24 10
98 25 -4
98 27 2
98 28 -9
98 29 5
98 30 20
98 31 18
98 32 16
98 33 10
98 34 10
98 35 11
98 36 12
98 39 -3
98 40 10
98 41 18
98 42 -3
98 43 -8
98 44 -9
98 45 3
98 46 -7
98 47 16
98 48 7
98 49 -4
98 50 3
98 51 16
98 52 15
98 53 -8
98 54 7
98 55 5
98 56 17
98 57 7
98 61 10
98 62 -7
98 63 9
98 64 2
98 65 20
98 66 13
98 67 1
98 68 5
98 69 13
98 70 -2
98 71 4
98 72 4
98 73 -6
98 74 19
98 75 -2
98 76 19
98 77 -4
98 78 18
98 79 -8
98 80 10
98 81 5
98 82 14
98 83 -3
98 84 6
98 85 14
98 86 -3
98 87 -7
98 88 -4
98 89 1
98 90 5
98 91 -10
98 92 -5
98 93 5
98 94 -7
98 96 5
98 97 3
99 1 -2
99 2 20
99 3 -5
99 4 18
99 5 -10
99 6 18
99 7 -6
99 8 11
99 9 -9
99 10 8
99 11 -3
99 12 4
99 13 15
99 14 10
99 15 19
99 16 2
99 17 -9
99 18 2
99 19 17
99 20 -3
99 21 11
99 22 -3
99 23 6
99 24 -2
99 25 -2
99 26 -3
99 27 7
99 28 -1
99 29 10
99 30 -1
99 31 17
99 32 20
99 33 13
99 34 12
99 35 11
99 36 13
99 37 5
99 39 16
99 40 13
99 41 -8
99 42 19
99 43 5
99 44 -5
99 45 -7
99 48 18
99 49 9
99 50 10
99 51 7
99 52 9
99 53 3
99 54 -2
99 55 -9
99 56 5
99 57 19
99 58 2
99 59 -3
99 60 4
99 61 7
99 62 8
99 63 6
99 64 11
99 65 4
99 66 2
99 67 18
99 68 3
99 69 3
99 70 -4
99 71 -2
99 72 7
99 73 -10
99 74 13
99 75 -8
99 76 20
99 77 15
99 78 -7
99 79 -6
99 80 4
99 81 -10
99 83 2
99 84 -4
99 85 14
99 86 15
99 87 -6
99 88 2
99 89 7
99 90 14
99 91 2
99 92 -10
99 93 11
99 94 3
99 96 10
99 97 -9
99 98 20
100 1 -5
100 2 4
100 3 9
100 4 3
100 5 11
100 6 10
100 7 -7
100 8 4
100 9 13
100 10 -6
100 11 1
100 12 2
100 13 -6
100 14 15
100 15 18
100 16 7
100 17 9
100 18 -1
100 19 -8
100 21 19
100 22 -4
100 24 3
100 25 6
100 26 -3
100 27 13
100 28 15
100 29 14
100 30 18
100 31 -10
100 32 8
100 33 12
100 34 2
100 35 19
100 37 -5
100 38 18
100 39 18
100 40 19
100 41 -9
100 42 5
100 43 -10
100 44 -9
100 45 -5
100 46 -10
100 48 -3
100 50 -3
100 51 -10
100 52 13
100 53 14
100 54 5
100 56 -6
100 57 18
100 58 6
100 60 13
100 61 15
100 62 17
100 63 12
100 65 8
100 67 -2
100 68 -8
100 70 20
100 72 19
100 73 5
100 74 5
100 75 3
100 76 1
100 78 20
100 79 2
100 80 11
100 81 7
100 82 13
100 84 6
100 85 6
100 86 14
100 87 13
100 88 11
100 89 3
100 90 -6
100 91 12
100 92 18
100 93 -6
100 94 1
100 95 11
100 97 20
100 98 5
100 99 20
101 1 11
101 2 -3
101 3 15
101 4 1
101 5 8
101 6 -3
101 7 8
101 8 -6
101 9 16
101 10 3
101 11 16
101 12 -5
101 13 3
101 14 12
101 15 19
101 17 3
101 18 1
101 19 -5
101 20 -7
101 21 10
101 22 -7
101 23 11
101 24 18
101 25 10
101 26 -6
101 27 -5
101 28 -3
101 29 -7
101 30 2
101 31 5
101 32 18
101 33 4
101 34 2
101 35 5
101 36 17
101 37 -1
101 38 -2
101 39 4
101 40 6
101 41 -3
101 42 7
101 43 -4
101 44 3
101 45 -2
101 46 -5
101 47 -4
101 48 17
101 49 7
101 51 -6
101 52 5
101 53 13
101 54 -8
101 55 20
101 56 15
101 57 7
101 58 -6
101 59 -6
101 60 -1
101 61 15
101 62 7
101 64 16
101 65 1
101 66 11
101 67 -8
101 68 11
101 69 16
101 70 20
101 71 10
101 73 17
101 74 2
101 75 11
101 76 13
101 77 18
101 78 9
101 79 -5
101 80 4
101 81 9
101 82 3
101 83 -10
101 84 3
101 85 8
101 86 -2
101 87 -2
101 88 -8
101 89 7
101 90 20
101 91 6
101 92 6
101 93 13
101 94 7
101 95 -2
101 97 6
101 98 -9
101 99 -6
101 100 13
102 1 2
102 2 19
102 3 -8
102 4 19
102 5 9
102 6 -5
102 7 -9
102 8 4
102 9 -2
102 10 20
102 11 -4
102 14 16
102 15 -3
102 16 6
102 19 -5
102 20 -3
102 22 18
102 24 -1
102 25 -6
102 26 -7
102 27 12
102 28 1
102 29 12
102 30 17
102 31 -3
102 32 4
102 33 13
102 34 4
102 35 15
102 36 9
102 37 7
102 38 -9
102 39 -8
102 40 1
102 42 -8
102 43 2
102 44 -6
102 45 3
102 46 16
102 47 4
102 48 17
102 49 7
102 53 16
102 54 -1
102 55 11
102 56 17
102 57 20
102 58 14
102 59 11
102 60 -1
102 61 17
102 62 -1
102 64 -9
102 65 6
102 66 4
102 67 7
102 68 -1
102 69 -3
102 70 4
102 71 -2
102 72 13
102 73 -6
102 74 3
102 75 2
102 76 -6
102 77 5
102 78 12
102 79 11
102 80 -6
102 81 -5
102 82 16
102 83 15
102 84 7
102 85 10
102 86 5
102 87 2
102 88 20
102 89 13
102 90 12
102 91 -2
102 92 6
102 93 17
102 94 6
102 95 -3
102 96 -8
102 97 -10
102 98 10
102 100 -3
102 101 11
103 1 -10
103 2 4
103 3 -3
103 4 10
103 5 5
103 6 3
103 7 5
103 8 -7
103 9 3
103 10 -9
103 11 7
103 12 18
103 13 -9
103 14 7
103 15 14
103 17 19
103 18 -6
103 19 15
103 20 -10
103 21 -5
103 22 20
103 23 -4
103 24 -8
103 25 6
103 26 2
103 27 18
103 28 -6
103 29 12
103 30 9
103 31 -5
103 32 9
103 33 7
103 34 20
103 35 -5
103 38 2
103 39 -4
103 40 10
103 41 5
103 42 20
103 43 14
103 44 17
103 45 -9
103 46 6
103 49 10
103 50 16
103 52 -4
103 53 9
103 54 1
103 55 3
103 56 1
103 58 -10
103 59 -10
103 60 -1
103 61 18
103 62 -2
103 63 -2
103 64 7
103 65 6
103 66 10
103 67 -8
103 68 5
103 70 10
103 73 13
103 74 3
103 76 -10
103 77 -6
103 78 11
103 79 13
103 80 16
103 81 16
103 82 8
103 84 -2
103 85 16
103 86 -1
103 88 12
103 89 20
103 90 -1
103 91 -4
103 92 20
103 93 13
103 94 4
103 95 17
103 96 15
103 97 -2
103 98 -3
103 99 -4
103 100 -8
103 101 8
103 102 13
104 1 10
104 2 14
104 3 13
104 4 6
104 5 -9
104 7 8
104 8 18
104 9 18
104 10 15
104 11 17
104 13 -6
104 14 11
104 15 19
104 16 12
104 17 10
104 19 -1
104 20 6
104 21 1
104 22 6
104 23 10
104 24 7
104 25 15
104 26 -9
104 27 5
104 28 4
104 29 1
104 30 1
104 31 17
104 32 4
104 33 -9
104 34 -2
104 35 2
104 36 11
104 37 -7
104 39 -7
104 40 20
104 41 -6
104 42 3
104 43 13
104 44 8
104 45 20
104 46 4
104 47 5
104 48 15
104 49 3
104 50 5
104 51 14
104 52 -1
104 53 19
104 54 14
104 55 13
104 56 -1
104 57 16
104 58 12
104 59 3
104 60 -9
104 61 5
104 62 1
104 63 -10
104 64 -7
104 65 -2
104 66 -10
104 67 14
104 68 3
104 69 -9
104 70 -3
104 71 -2
104 72 -8
104 73 16
104 74 16
104 75 4
104 76 9
104 77 18
104 78 16
104 79 -1
104 80 -3
104 81 12
104 82 -7
104 83 19
104 84 -8
104 85 9
104 86 6
104 87 14
104 88 -7
104 89 5
104 90 -3
104 91 4
104 92 8
104 93 13
104 94 -7
104 95 14
104 96 -10
104 97 2
104 98 5
104 99 -3
104 100 12
104 102 -1
104 103 10
105 1 -3
105 2 10
105 3 -3
105 4 16
105 5 -5
105 7 -9
105 8 -9
105 9 -5
105 10 3
105 11 18
105 12 8
105 13 -3
105 14 -2
105 15 15
105 16 8
105 17 4
105 18 9
105 19 6
105 20 -3
105 21 -2
105 22 11
105 23 15
105 24 9
105 25 -9
105 26 11
105 27 -1
105 28 9
105 29 9
105 30 3
105 31 -1
105 32 14
105 33 18
105 34 19
105 35 12
105 37 -10
105 39 -2
105 40 10
105 41 2
105 42 15
105 43 17
105 44 2
105 45 18
105 47 3
105 48 5
105 50 -3
105 51 -1
105 52 14
105 53 -5
105 54 -10
105 55 10
105 56 -3
105 57 -9
105 59 9
105 60 3
105 61 2
105 62 -10
105 63 10
105 64 3
105 65 9
105 66 14
105 67 11
105 69 14
105 70 -9
105 71 -4
105 72 17
105 73 6
105 74 4
105 75 13
105 76 10
105 79 -5
105 80 17
105 81 18
105 82 17
105 83 9
105 84 -4
105 85 11
105 86 -4
105 87 9
105 88 10
105 89 -4
105 91 19
105 92 14
105 93 -2
105 94 -5
105 95 6
105 96 9
105 97 6
105 98 6
105 99 -9
105 100 -5
105 101 -9
105 102 12
106 2 -2
106 3 17
106 4 -10
106 5 20
106 6 -2
106 7 12
106 8 -2
106 9 -2
106 10 9
106 11 14
106 12 9
106 13 15
106 15 3
106 16 8
106 17 -8
106 18 -4
106 20 19
106 21 9
106 23 -10
106 24 5
106 25 15
106 26 2
106 27 -4
106 28 12
106 30 -10
106 31 8
106 32 18
106 33 -7
106 34 -9
106 35 -10
106 36 14
106 37 14
106 38 14
106 40 -9
106 41 -4
106 42 8
106 43 6
106 44 3
106 45 14
106 46 -3
106 47 -4
106 48 13
106 49 -4
106 50 16
106 51 2
106 52 5
106 53 -1
106 54 11
106 55 -1
106 57 -1
106 58 20
106 59 -10
106 60 19
106 61 13
106 62 11
106 63 -3
106 64 9
106 65 6
106 66 -6
106 67 -5
106 69 -8
106 70 14
106 71 17
106 72 16
106 73 18
106 74 14
106 75 16
106 76 -2
106 77 10
106 78 4
106 79 19
106 80 -1
106 81 14
106 82 -1
106 84 2
106 85 1
106 86 9
106 87 -2
106 88 -7
106 89 10
106 90 3
106 91 12
106 92 -4
106 93 7
106 95 -3
106 96 -8
106 97 5
106 98 -3
106 99 -5
106 100 20
106 101 17
106 102 12
106 104 7
106 105 13
107 1 -3
107 2 18
107 3 4
107 4 5
107 5 -2
107 6 4
107 7 12
107 8 -2
107 9 -2
107 10 10
107 11 11
107 12 -10
107 13 15
107 14 17
107 15 8
107 16 1
107 17 9
107 18 15
107 19 14
107 21 5
107 22 6
107 24 -8
107 25 -6
107 26 18
107 27 19
107 28 9
107 29 11
107 30 4
107 31 -4
107 32 -7
107 34 16
107 35 -1
107 36 6
107 37 15
107 38 20
107 39 3
107 40 12
107 41 14
107 43 14
107 44 -7
107 45 5
107 46 -1
107 47 -6
107 48 16
107 49 -7
107 51 -9
107 52 -8
107 53 12
107 54 9
107 55 2
107 56 12
107 57 -9
107 60 16
107 61 -1
107 62 7
107 63 -4
107 64 -1
107 65 19
107 66 -10
107 68 13
107 69 3
107 71 16
107 72 7
107 73 -4
107 74 18
107 75 18
107 76 8
107 78 20
107 79 7
107 80 6
107 81 15
107 82 -8
107 83 13
107 85 -4
107 86 14
107 87 -3
107 88 -8
107 89 -6
107 90 4
107 91 4
107 92 -8
107 93 20
107 94 -7
107 95 -8
107 96 4
107 97 15
107 98 2
107 99 19
107 100 5
107 101 14
107 102 20
107 103 10
107 104 19
107 105 -5
107 106 7
108 2 9
108 4 5
108 6 5
108 8 -7
108 10 9
108 11 11
108 12 12
108 15 3
108 16 9
108 17 18
108 18 20
108 19 12
108 21 -4
108 22 -8
108 23 -3
108 24 6
108 25 12
108 26 4
108 27 10
108 29 -9
108 31 20
108 34 20
108 35 3
108 36 8
108 37 4
108 39 -10
108 40 3
108 42 5
108 43 -5
108 44 18
108 45 9
108 46 19
108 47 -7
108 48 -9
108 49 20
108 50 7
108 51 20
108 52 18
108 53 -1
108 54 19
108 55 17
108 56 -8
108 57 -1
108 59 10
108 60 -7
108 61 -3
108 62 12
108 63 4
108 64 -5
108 65 -3
108 67 -2
108 68 -9
108 69 12
108 70 10
108 71 -1
108 72 3
108 74 10
108 76 -2
108 77 -2
108 78 3
108 80 4
108 81 3
108 82 7
108 83 -5
108 84 -1
108 85 11
108 86 6
108 87 4
108 88 14
108 89 7
108 90 2
108 91 -7
108 92 -8
108 93 -5
108 95 -8
108 96 20
108 97 2
108 98 -4
108 99 -4
108 100 17
108 101 -2
108 102 18
108 103 -7
108 104 -3
108 105 -5
108 106 1
108 107 1
109 2 18
109 3 13
109 4 -1
109 5 16
109 6 14
109 7 15
109 8 18
109 9 6
109 10 20
109 11 18
109 12 4
109 13 14
109 14 1
109 16 -1
109 17 -9
109 18 15
109 19 1
109 20 9
109 21 -3
109 22 20
109 23 1
109 24 10
109 25 2
109 26 7
109 27 -2
109 28 8
109 29 2
109 30 5
109 31 -9
109 32 -4
109 33 11
109 34 -8
109 35 11
109 37 8
109 38 -6
109 39 -1
109 40 16
109 41 -2
109 42 3
109 43 2
109 45 17
109 46 17
109 47 1
109 50 3
109 51 15
109 52 2
109 53 20
109 54 15
109 55 -2
109 56 17
109 57 -2
109 58 16
109 59 -5
109 60 -2
109 61 9
109 62 -5
109 63 12
109 64 -6
109 65 -6
109 66 7
109 67 -6
109 68 15
109 69 20
109 70 9
109 71 14
109 72 11
109 73 7
109 74 4
109 75 3
109 76 -2
109 77 4
109 78 -4
109 79 10
109 80 10
109 81 -8
109 82 6
109 83 13
109 84 -8
109 86 -1
109 87 13
109 88 10
109 89 -3
109 90 13
109 91 16
109 92 -1
109 94 17
109 95 5
109 97 5
109 98 5
109 100 -2
109 101 -1
109 102 15
109 104 16
109 105 10
109 106 -1
109 107 5
109 108 -4
110 1 17
110 2 5
110 3 -1
110 4 1
110 5 7
110 6 8
110 7 2
110 9 16
110 10 18
110 11 13
110 12 -3
110 13 -10
110 14 -7
110 15 -6
110 16 -3
110 17 14
110 18 13
110 19 7
110 20 17
110 22 11
110 23 -10
110 24 6
110 25 -4
110 26 11
110 27 2
110 28 8
110 29 10
110 30 7
110 31 7
110 32 6
110 33 5
110 34 -4
110 35 16
110 36 11
110 38 17
110 39 18
110 40 -7
110 41 4
110 42 3
110 43 10
110 44 4
110 45 -8
110 46 4
110 47 6
110 48 5
110 49 19
110 50 3
110 51 1
110 52 -3
110 53 -2
110 54 2
110 55 10
110 56 11
110 57 8
110 58 5
110 59 -1
110 60 -5
110 61 17
110 62 -4
110 63 13
110 65 10
110 66 13
110 67 8
110 68 11
110 69 13
110 70 10
110 71 18
110 72 14
110 73 -10
110 74 10
110 75 5
110 77 5
110 78 1
110 79 3
110 80 19
110 81 18
110 82 17
110 83 17
110 84 3
110 85 8
110 86 -5
110 87 16
110 88 -5
110 89 16
110 91 -4
110 92 12
110 93 -4
110 94 -8
110 95 15
110 96 -5
110 97 9
110 98 -2
110 99 8
110 100 16
110 101 13
110 103 12
110 104 9
110 105 -3
110 106 18
110 107 16
110 108 -4
110 109 9
111 1 14
111 2 -4
111 3 -7
111 4 -5
111 5 -4
111 6 -3
111 7 -9
111 8 19
111 9 3
111 10 5
111 11 8
111 12 8
111 13 17
111 14 19
111 15 -3
111 16 -10
111 18 13
111 19 -5
111 20 7
111 21 -10
111 22 7
111 23 -5
111 25 3
111 26 -5
111 27 -5
111 28 -4
111 29 8
111 30 10
111 32 15
111 33 1
111 34 12
111 35 -5
111 36 -6
111 37 -1
111 38 -3
111 39 2
111 40 17
111 42 7
111 43 7
111 44 -6
111 46 19
111 47 11
111 48 -4
111 49 20
111 50 4
111 51 -4
111 52 -4
111 53 -3
111 54 6
111 55 4
111 56 16
111 57 12
111 58 1
111 59 -1
111 60 6
111 61 20
111 62 10
111 63 19
111 64 -3
111 66 20
111 67 19
111 68 16
111 69 3
111 70 -8
111 71 6
111 72 6
111 73 16
111 74 12
111 75 3
111 76 -5
111 77 8
111 78 15
111 79 -9
111 80 3
111 81 -4
111 82 1
111 83 -10
111 84 -7
111 85 17
111 86 5
111 87 9
111 88 2
111 89 -8
111 90 7
111 91 -5
111 92 10
111 93 -1
111 94 5
111 95 -2
111 96 16
111 97 5
111 98 9
111 99 13
111 100 -5
111 101 -9
111 102 17
111 103 4
111 104 4
111 105 8
111 106 -9
111 107 -8
111 108 10
111 109 -10
111 110 10
112 1 -9
112 2 20
112 3 1
112 4 9
112 5 -1
112 6 -3
112 7 19
112 8 -2
112 9 11
112 10 20
112 12 11
112 13 5
112 14 -7
112 15 14
112 17 4
112 18 20
112 19 12
112 20 -1
112 21 -2
112 22 -5
112 23 20
112 24 7
112 25 -4
112 26 -7
112 27 -6
112 29 1
112 30 -8
112 31 2
112 32 11
112 33 -8
112 34 -9
112 35 -7
112 36 11
112 37 -6
112 39 4
112 41 11
112 42 -9
112 43 12
112 44 20
112 46 -8
112 47 10
112 48 3
112 49 -10
112 50 -8
112 51 6
112 52 17
112 53 13
112 54 4
112 55 18
112 56 11
112 57 8
112 58 2
112 59 5
112 60 16
112 61 6
112 63 -1
112 64 20
112 65 -1
112 66 8
112 67 7
112 68 11
112 69 10
112 71 19
112 72 15
112 73 -9
112 74 -10
112 76 20
112 77 -2
112 79 5
112 80 -3
112 82 12
112 83 5
112 84 5
112 86 11
112 87 19
112 88 4
112 90 2
112 91 9
112 92 17
112 93 -1
112 94 19
112 95 -10
112 96 8
112 97 8
112 98 12
112 99 -1
112 100 1
112 102 -2
112 103 -3
112 104 -7
112 106 13
112 107 -8
112 108 11
112 109 6
112 110 10
112 111 2
113 1 6
113 2 17
113 3 4
113 4 -4
113 5 12
113 6 -6
113 7 15
113 9 16
113 10 -5
113 11 3
113 12 10
113 13 6
113 14 -3
113 15 6
113 16 20
113 17 17
113 21 3
113 22 -3
113 23 15
113 24 4
113 25 11
113 27 11
113 28 3
113 29 5
113 31 -6
113 32 8
113 33 5
113 34 -8
113 35 -6
113 36 15
113 37 7
113 39 4
113 40 3
113 41 -3
113 44 3
113 45 -7
113 46 -6
113 47 17
113 48 18
113 49 -7
113 50 -9
113 52 15
113 53 -1
113 54 -6
113 55 6
113 57 -7
113 58 6
113 59 12
113 60 -8
113 61 -6
113 62 -5
113 63 9
113 65 18
113 66 -6
113 67 18
113 69 -3
113 70 11
113 71 4
113 72 7
113 73 7
113 74 2
113 76 -8
113 77 -7
113 78 3
113 79 -7
113 80 12
113 81 15
113 82 12
113 84 4
113 85 17
113 86 6
113 87 9
113 88 -3
113 89 -8
113 90 20
113 92 3
113 93 4
113 94 -1
113 95 3
113 96 18
113 97 3
113 98 12
113 99 -8
113 100 -6
113 101 -3
113 102 3
113 103 -7
113 104 -9
113 105 -5
113 106 6
113 107 10
113 108 10
113 109 20
113 110 1
113 111 5
113 112 14
114 1 1
114 2 20
114 3 9
114 4 1
114 5 5
114 7 -10
114 8 13
114 9 -4
114 10 6
114 11 2
114 13 -3
114 14 6
114 15 -6
114 16 9
114 17 19
114 18 2
114 19 -4
114 20 14
114 21 4
114 22 -8
114 23 9
114 25 9
114 26 15
114 27 1
114 28 2
114 29 2
114 30 10
114 31 9
114 32 5
114 33 -6
114 34 -8
114 35 -10
114 36 12
114 37 12
114 38 9
114 39 14
114 40 -7
114 41 16
114 42 2
114 43 1
114 44 -3
114 45 7
114 46 -10
114 47 19
114 48 17
114 49 6
114 50 16
114 51 -8
114 52 16
114 53 -10
114 54 12
114 55 5
114 56 -7
114 57 -10
114 58 10
114 59 4
114 60 -4
114 61 2
114 62 -3
114 63 -7
114 65 6
114 66 17
114 67 13
114 68 -8
114 69 8
114 70 -7
114 71 7
114 72 18
114 73 -2
114 74 10
114 75 15
114 76 5
114 77 18
114 78 -4
114 79 9
114 80 18
114 82 12
114 83 6
114 84 2
114 85 19
114 86 15
114 87 17
114 88 -4
114 89 9
114 90 14
114 91 19
114 92 -8
114 93 2
114 94 15
114 95 -8
114 96 -3
114 97 -5
114 98 -8
114 99 -9
114 100 9
114 101 8
114 102 14
114 103 -1
114 104 11
114 105 -6
114 106 10
114 107 16
114 108 17
114 109 12
114 110 5
114 111 1
114 112 10
114 113 -2
115 1 17
115 2 17
115 4 9
115 5 10
115 6 13
115 7 15
115 8 17
115 9 20
115 10 14
115 11 -5
115 12 10
115 13 -1
115 14 -4
115 15 -9
115 16 -8
115 17 1
115 18 1
115 19 -5
115 20 3
115 21 -4
115 22 -10
115 23 7
115 24 4
115 25 8
115 26 -1
115 27 7
115 28 5
115 29 -5
115 30 -3
115 31 -9
115 32 -9
115 34 -9
115 36 -7
115 37 2
115 38 14
115 39 -6
115 40 8
115 41 11
115 43 19
115 44 17
115 45 1
115 46 6
115 47 -3
115 48 -8
115 49 14
115 50 13
115 51 2
115 52 -8
115 53 17
115 54 1
115 55 7
115 56 -4
115 57 -5
115 58 10
115 59 -1
115 60 4
115 61 -8
115 62 16
115 65 16
115 68 2
115 69 15
115 70 8
115 71 -3
115 72 6
115 73 -8
115 74 16
115 75 5
115 76 -1
115 77 11
115 78 20
115 79 4
115 80 -8
115 81 -5
115 82 18
115 83 -1
115 84 -3
115 85 8
115 86 11
115 87 -5
115 88 10
115 89 5
115 90 1
115 91 1
115 92 9
115 93 6
115 95 19
115 97 -1
115 98 12
115 99 -1
115 100 7
115 101 4
115 102 11
115 103 -3
115 104 13
115 105 -10
115 106 -8
115 107 19
115 109 -7
115 110 18
115 111 14
115 112 -7
115 113 -1
115 114 12
116 1 13
116 2 4
116 3 8
116 4 4
116 5 -2
116 6 2
116 7 14
116 8 -1
116 10 -3
116 11 20
116 12 -7
116 13 9
116 14 8
116 15 -1
116 16 2
116 18 16
116 19 5
116 20 7
116 21 -8
116 22 1
116 23 13
116 24 -3
116 25 -4
116 26 4
116 28 4
116 29 -4
116 30 12
116 31 16
116 32 20
116 34 10
116 35 1
116 36 16
116 37 -2
116 38 4
116 39 2
116 40 5
116 42 1
116 43 16
116 44 -6
116 45 10
116 46 10
116 47 -8
116 48 17
116 49 18
116 50 10
116 51 5
116 53 6
116 54 -6
116 56 3
116 57 1
116 58 2
116 59 7
116 60 11
116 62 -10
116 63 18
116 64 9
116 65 20
116 66 16
116 67 6
116 68 3
116 70 -1
116 71 5
116 72 9
116 73 -9
116 74 12
116 75 -4
116 76 2
116 77 7
116 78 11
116 79 9
116 80 -6
116 81 20
116 82 1
116 83 13
116 84 17
116 85 3
116 86 20
116 89 2
116 91 -10
116 92 10
116 94 5
116 95 1
116 96 11
116 98 7
116 99 15
116 100 14
116 101 2
116 102 1
116 103 4
116 104 19
116 105 -5
116 106 14
116 107 -1
116 108 7
116 109 2
116 110 6
116 111 5
116 112 -8
116 113 14
116 114 -5
116 115 12
117 1 11
117 2 4
117 4 -7
117 5 16
117 6 15
117 7 11
117 8 11
117 9 12
117 10 -4
117 11 5
117 12 -5
117 13 -4
117 14 -1
117 15 -3
117 16 -5
117 17 2
117 18 -9
117 19 7
117 20 -9
117 21 6
117 22 7
117 23 -7
117 24 13
117 25 3
117 26 -7
117 27 15
117 28 9
117 29 15
117 30 8
117 31 16
117 33 16
117 34 11
117 35 20
117 36 -3
117 37 -2
117 38 18
117 40 3
117 41 -7
117 42 -8
117 43 -4
117 44 4
117 45 -5
117 46 11
117 47 8
117 48 3
117 49 12
117 50 15
117 51 13
117 52 -3
117 53 -4
117 54 12
117 55 -10
117 56 9
117 57 5
117 58 -3
117 59 12
117 60 13
117 61 -7
117 63 20
117 64 11
117 65 -6
117 66 1
117 67 20
117 68 12
117 69 -9
117 70 -7
117 71 16
117 72 10
117 74 5
117 75 7
117 77 2
117 78 -1
117 79 -9
117 80 16
117 81 5
117 82 -3
117 83 -4
117 84 -6
117 85 -6
117 87 -10
117 88 6
117 89 -8
117 90 -8
117 91 4
117 92 4
117 93 -4
117 94 3
117 95 -4
117 96 -10
117 98 17
117 99 -8
117 100 3
117 101 1
117 102 20
117 103 7
117 104 7
117 106 12
117 107 -3
117 108 -10
117 109 -10
117 110 13
117 111 -2
117 112 4
117 114 20
117 115 -6
117 116 14
118 2 14
118 3 -4
118 4 14
118 5 15
118 6 2
118 7 5
118 8 3
118 9 -3
118 11 13
118 12 11
118 13 -8
118 14 12
118 15 -2
118 16 4
118 17 7
118 18 18
118 19 -3
118 20 17
118 21 -2
118 22 -2
118 23 -8
118 24 11
118 25 1
118 26 -2
118 27 2
118 28 -8
118 29 8
118 30 15
118 31 -8
118 32 3
118 33 6
118 35 18
118 36 -9
118 37 -7
118 38 13
118 39 9
118 40 16
118 41 16
118 42 -9
118 43 16
118 44 4
118 45 -9
118 46 18
118 47 -5
118 48 15
118 49 19
118 50 -6
118 51 -4
118 52 16
118 53 15
118 54 6
118 55 14
118 56 5
118 58 6
118 59 16
118 60 11
118 61 20
118 62 2
118 63 11
118 64 20
118 65 8
118 66 -7
118 67 -8
118 68 1
118 69 8
118 70 4
118 71 -3
118 72 10
118 73 7
118 74 16
118 76 4
118 77 17
118 78 16
118 80 2
118 81 -1
118 82 20
118 83 11
118 84 -4
118 85 7
118 86 -4
118 87 -2
118 88 -9
118 89 12
118 90 20
118 91 -4
118 92 -3
118 93 17
118 94 1
118 95 1
118 96 12
118 98 -6
118 99 14
118 101 -5
118 102 17
118 103 -9
118 104 13
118 105 16
118 106 -2
118 108 1
118 110 -1
118 111 -10
118 112 -6
118 113 9
118 114 3
118 115 -8
119 1 18
119 2 4
119 3 -2
119 4 -3
119 5 -5
119 6 -7
119 7 -6
119 8 20
119 9 13
119 10 1
119 11 -8
119 12 2
119 13 -7
119 14 5
119 16 2
119 17 17
119 18 -8
119 19 10
119 20 1
119 21 13
119 22 19
119 23 3
119 24 10
119 25 10
119 26 -6
119 27 -4
119 28 13
119 29 4
119 30 -9
119 31 16
119 32 -1
119 33 5
119 34 -3
119 35 20
119 36 -6
119 37 8
119 38 -3
119 39 -6
119 40 16
119 41 -2
119 42 -10
119 45 -6
119 46 -2
119 47 15
119 48 8
119 49 -10
119 50 18
119 51 -8
119 52 6
119 53 1
119 56 9
119 57 -2
119 58 3
119 59 19
119 60 -10
119 61 -4
119 62 3
119 63 7
119 64 14
119 65 10
119 66 -2
119 67 9
119 68 20
119 69 -4
119 70 16
119 71 15
119 72 5
119 73 -7
119 74 20
119 75 -10
119 77 -4
119 79 -2
119 80 -6
119 81 -2
119 82 8
119 83 19
119 84 7
119 85 15
119 86 7
119 87 -3
119 88 11
119 89 -9
119 90 -1
119 91 7
119 92 9
119 93 -3
119 94 -8
119 97 -4
119 98 -3
119 99 8
119 100 11
119 101 -4
119 102 -3
119 103 11
119 104 -2
119 105 -1
119 106 -5
119 107 4
119 108 18
119 109 -9
119 110 20
119 111 9
119 112 3
119 113 18
119 114 18
119 116 6
119 118 -10
120 1 12
120 3 -6
120 4 -9
120 5 -6
120 6 4
120 7 -6
120 8 6
120 9 18
120 10 -10
120 11 2
120 12 17
120 13 1
120 14 2
120 15 -4
120 16 13
120 17 -3
120 18 12
120 19 20
120 20 -3
120 21 8
120 22 13
120 23 15
120 25 11
120 26 10
120 27 10
120 28 2
120 29 3
120 30 -1
120 31 16
120 33 -9
120 34 3
120 36 15
120 37 2
120 38 -9
120 39 -4
120 40 3
120 41 9
120 42 20
120 43 7
120 44 7
120 45 -8
120 46 15
120 47 1
120 48 3
120 49 4
120 50 -4
120 52 -4
120 53 19
120 54 14
120 56 7
120 57 7
120 58 -3
120 59 11
120 60 11
120 62 -8
120 63 12
120 64 -10
120 65 7
120 66 -1
120 67 16
120 69 14
120 70 -7
120 71 4
120 72 17
120 73 2
120 74 2
120 75 7
120 76 -6
120 78 12
120 79 16
120 80 -7
120 81 15
120 82 19
120 83 -3
120 84 3
120 85 6
120 87 8
120 89 19
120 90 20
120 93 5
120 94 1
120 95 20
120 96 16
120 97 20
120 98 17
120 99 17
120 100 12
120 101 -10
120 103 -9
120 104 -3
120 105 6
120 106 -5
120 107 -6
120 108 4
120 109 13
120 110 10
120 111 -10
120 112 20
120 113 17
120 114 2
120 115 -2
120 116 -2
120 117 -4
120 118 19
120 119 1
121 1 16
121 2 -2
121 3 7
121 4 -6
121 5 15
121 6 -2
121 7 -2
121 9 14
121 11 2
121 12 5
121 14 -5
121 15 3
121 16 18
121 17 11
121 18 14
121 19 1
121 20 1
121 21 5
121 23 19
121 24 11
121 25 6
121 26 7
121 27 15
121 28 10
121 29 -7
121 30 13
121 31 -9
121 32 15
121 33 5
121 34 12
121 35 -6
121 36 -6
121 37 -10
121 38 -7
121 39 -2
121 40 10
121 41 -3
121 42 4
121 44 9
121 45 16
121 47 -3
121 48 12
121 49 -8
121 50 3
121 51 -9
121 52 9
121 54 15
121 55 10
121 56 19
121 57 -1
121 58 -7
121 59 -2
121 60 12
121 61 17
121 62 20
121 63 15
121 64 -4
121 66 2
121 67 8
121 68 1
121 70 12
121 71 7
121 72 -2
121 73 -6
121 74 -1
121 75 15
121 76 19
121 77 3
121 79 -10
121 80 17
121 81 6
121 82 15
121 83 7
121 84 -10
121 85 2
121 86 3
121 87 14
121 90 4
121 91 1
121 92 11
121 93 13
121 94 18
121 95 -5
121 96 -5
121 97 6
121 98 2
121 99 15
121 100 -5
121 101 8
121 102 -6
121 103 14
121 104 10
121 105 -9
121 107 -6
121 108 -8
121 109 11
121 110 -3
121 111 13
121 112 13
121 113 10
121 114 7
121 115 13
121 116 13
121 117 -10
121 118 19
121 119 19
121 120 19
122 1 19
122 2 5
122 3 -4
122 4 12
122 5 20
122 6 14
122 7 13
122 8 -10
122 9 20
122 10 6
122 11 -6
122 12 -8
122 13 16
122 14 -9
122 15 2
122 16 12
122 17 3
122 18 11
122 19 10
122 20 8
122 21 -3
122 22 -7
122 23 11
122 24 -10
122 25 -10
122 26 13
122 27 19
122 28 15
122 29 -3
122 30 4
122 31 -2
122 32 17
122 33 6
122 34 20
122 35 10
122 37 -5
122 38 2
122 40 5
122 41 1
122 43 6
122 44 13
122 45 -6
122 46 -9
122 47 9
122 48 19
122 49 17
122 50 8
122 51 -10
122 52 15
122 54 2
122 55 -6
122 56 10
122 57 17
122 60 9
122 61 15
122 62 13
122 63 -6
122 64 -3
122 65 19
122 66 -7
122 67 7
122 68 10
122 69 -1
122 70 -4
122 71 5
122 74 9
122 75 -1
122 76 17
122 77 -1
122 78 17
122 79 13
122 80 1
122 81 9
122 82 6
122 83 -8
122 85 -6
122 86 -6
122 87 18
122 88 10
122 89 6
122 91 9
122 92 4
122 93 -1
122 94 -5
122 96 -7
122 97 -4
122 98 5
122 99 18
122 100 4
122 101 14
122 102 -10
122 103 12
122 104 -10
122 107 4
122 108 4
122 109 16
122 110 4
122 111 -7
122 112 17
122 113 2
122 114 3
122 115 15
122 116 9
122 117 -8
122 118 -3
122 119 -7
122 120 1
122 121 17
123 1 -6
123 2 -1
123 3 8
123 4 -3
123 5 6
123 6 -9
123 7 14
123 8 -3
123 9 19
123 10 4
123 11 14
123 12 8
123 13 -5
123 14 2
123 15 14
123 16 16
123 17 15
123 18 6
123 19 4
123 20 -6
123 21 13
123 22 4
123 23 2
123 24 10
123 25 -10
123 26 10
123 27 -8
123 28 14
123 29 -9
123 30 4
123 31 20
123 32 -4
123 33 -8
123 34 20
123 35 1
123 36 -7
123 37 7
123 38 10
123 39 14
123 40 2
123 41 10
123 43 11
123 44 17
123 45 -2
123 46 18
123 47 15
123 48 12
123 49 15
123 50 -4
123 51 -10
123 52 -3
123 53 6
123 54 13
123 55 7
123 56 -2
123 57 17
123 58 13
123 59 17
123 60 6
123 61 -2
123 62 -8
123 63 19
123 64 7
123 65 5
123 67 18
123 68 4
123 69 -6
123 70 -10
123 71 3
123 73 -3
123 74 -6
123 75 2
123 76 17
123 77 13
123 78 17
123 79 -6
123 80 -3
123 81 -5
123 82 7
123 83 3
123 84 18
123 85 8
123 87 18
123 88 3
123 89 19
123 90 -3
123 92 1
123 93 -1
123 95 18
123 96 -7
123 97 18
123 99 8
123 100 19
123 101 19
123 103 15
123 104 5
123 105 16
123 106 -2
123 107 7
123 108 -1
123 109 11
123 110 -7
123 111 8
123 112 1
123 114 8
123 115 1
123 117 9
123 118 2
123 119 -3
123 120 16
123 121 19
123 122 -10
124 1 7
124 2 -2
124 3 -3
124 4 -8
124 5 -7
124 6 -5
124 7 6
124 8 6
124 10 -7
124 12 7
124 14 18
124 16 11
124 17 10
124 18 -8
124 20 18
124 21 10
124 22 12
124 23 -5
124 24 -7
124 25 13
124 26 -8
124 27 -10
124 28 19
124 29 13
124 30 6
124 31 20
124 32 15
124 34 5
124 35 5
124 36 -6
124 37 -4
124 38 9
124 39 17
124 40 -7
124 42 15
124 43 -10
124 45 -5
124 46 -4
124 47 15
124 48 -2
124 49 5
124 50 18
124 51 9
124 52 15
124 53 8
124 54 -10
124 55 -6
124 56 4
124 57 9
124 59 5
124 60 10
124 61 5
124 62 -6
124 63 -5
124 64 -6
124 65 5
124 66 7
124 68 17
124 69 12
124 70 -1
124 71 -5
124 72 7
124 73 -6
124 74 7
124 75 -6
124 76 15
124 77 10
124 78 -7
124 79 13
124 80 -10
124 82 6
124 83 8
124 84 -3
124 86 12
124 88 -2
124 89 5
124 90 -2
124 91 1
124 92 -10
124 93 6
124 94 -10
124 95 -6
124 96 -10
124 97 18
124 98 13
124 99 4
124 100 6
124 101 2
124 102 4
124 103 14
124 104 19
124 105 -2
124 106 11
124 108 20
124 109 7
124 110 12
124 111 2
124 112 -1
124 113 8
124 114 17
124 115 11
124 116 -5
124 117 -9
124 118 1
124 119 7
124 120 -6
124 121 20
124 122 -7
124 123 5
125 1 3
125 2 -8
125 3 11
125 4 8
125 5 3
125 7 -1
125 8 -1
125 9 -10
125 10 -5
125 11 20
125 12 13
125 13 -10
125 14 -5
125 15 -3
125 16 8
125 17 -4
125 18 -4
125 19 -7
125 20 11
125 21 5
125 22 -7
125 23 12
125 24 14
125 25 -3
125 26 13
125 28 4
125 29 16
125 30 3
125 31 2
125 32 12
125 33 -1
125 34 12
125 35 14
125 36 13
125 37 20
125 38 3
125 39 6
125 40 16
125 42 -8
125 44 -2
125 45 19
125 46 -2
125 47 -6
125 48 -6
125 49 11
125 50 2
125 52 -4
125 53 11
125 54 -5
125 55 18
125 56 12
125 57 14
125 58 10
125 59 -2
125 60 -3
125 61 18
125 62 -8
125 63 -10
125 64 18
125 65 12
125 66 -5
125 67 7
125 68 -6
125 69 1
125 70 -10
125 71 14
125 72 13
125 73 9
125 74 -8
125 75 5
125 76 12
125 77 -2
125 78 17
125 79 2
125 80 10
125 81 11
125 82 10
125 84 17
125 85 -9
125 86 3
125 87 7
125 88 18
125 89 10
125 90 4
125 91 -8
125 92 -7
125 93 20
125 94 -5
125 96 -7
125 97 12
125 98 -10
125 99 -5
125 101 14
125 102 -10
125 103 -2
125 104 -8
125 105 -10
125 106 16
125 107 10
125 108 12
125 109 7
125 110 -10
125 111 20
125 112 9
125 113 11
125 114 11
125 115 4
125 116 2
125 117 5
125 118 15
125 119 4
125 120 3
125 121 12
125 122 -8
125 123 9
125 124 14
