778 6586
1 141 6
1 694 -4
1 409 -7
1 373 16
2 253 -8
2 149 -5
2 720 14
2 323 13
2 258 18
2 249 9
2 493 -6
3 428 7
3 26 15
3 178 5
3 448 -1
3 588 14
4 554 19
4 687 3
4 534 20
4 329 18
4 319 9
4 612 4
5 299 18
5 266 -3
5 493 9
5 195 -1
5 51 16
5 564 17
5 357 20
5 763 -4
5 87 1
5 762 16
5 753 19
6 568 3
6 613 5
6 79 -10
6 51 18
6 735 1
6 233 -3
6 500 7
6 438 -8
7 379 4
7 68 -9
7 671 11
7 109 3
7 543 20
7 165 18
8 481 14
8 673 -9
8 242 18
8 254 12
8 397 9
9 650 19
9 284 -1
9 566 20
9 712 -4
9 127 -4
9 91 -5
9 23 17
10 439 -3
10 50 -1
10 702 -9
10 759 15
10 374 5
10 604 -3
10 702 -8
10 1 -1
10 494 3
11 53 14
11 268 10
11 300 -2
11 489 -9
11 393 9
11 185 -2
11 686 -4
11 436 4
11 372 2
11 259 5
11 147 9
11 182 15
11 439 -10
12 347 12
12 260 12
12 181 -3
12 423 15
12 317 -2
12 513 7
12 372 8
12 265 17
12 69 -2
12 357 -3
12 27 9
12 141 18
12 268 -3
13 775 20
13 162 4
13 299 -8
13 238 -9
13 506 13
13 665 3
13 430 5
13 169 17
13 166 15
13 305 2
13 766 -5
13 330 -7
14 367 7
14 43 18
14 322 -9
14 222 4
14 735 16
14 510 3
14 250 14
14 292 11
15 168 -1
15 118 10
15 167 19
15 226 -1
15 461 14
16 623 16
16 127 15
16 743 -7
16 330 4
16 182 10
16 345 15
16 84 -2
17 303 5
17 365 1
17 214 12
17 239 5
17 662 -7
17 199 2
17 484 -7
17 544 -7
17 762 -1
17 277 18
17 574 8
17 519 19
18 5 18
18 740 11
18 720 10
18 223 7
19 709 2
19 384 -8
19 148 -7
19 406 20
19 251 5
19 389 2
19 585 5
19 618 12
19 287 -8
19 202 17
19 95 -5
20 588 5
20 179 10
20 575 -5
20 307 -5
20 682 6
20 87 15
20 679 2
21 384 -9
21 490 18
21 206 -3
21 776 10
21 153 -8
21 676 12
21 540 12
21 578 11
21 401 -2
21 598 -1
22 680 -6
22 5 1
22 250 9
22 288 13
22 507 18
22 571 8
22 166 -5
22 383 7
22 193 -3
22 131 -2
22 240 -8
22 494 -3
22 482 12
22 610 9
23 396 13
23 661 18
23 1 2
23 662 8
23 548 16
23 107 3
24 487 14
24 406 7
24 85 18
24 541 15
24 633 -4
24 197 13
24 239 -2
25 12 4
25 617 9
25 478 19
25 715 17
25 28 -2
25 507 3
25 653 -7
25 289 19
26 231 -5
26 274 5
26 134 6
26 394 -3
26 538 4
26 246 11
26 646 -8
26 575 -2
26 196 20
27 421 19
27 726 2
27 725 2
27 4 7
27 384 5
27 93 1
28 62 18
28 438 13
28 458 2
28 215 -2
28 682 -7
29 72 8
29 164 15
29 194 -3
29 746 -2
29 341 -2
29 291 -10
29 589 15
29 100 1
30 151 5
30 299 6
30 696 20
30 323 -1
30 116 9
30 595 6
31 672 14
31 328 8
31 341 12
31 316 6
31 11 -9
32 472 -5
32 361 16
32 34 17
32 82 -6
32 199 -1
32 636 2
32 206 15
32 84 -2
32 333 1
33 621 -6
33 333 -4
33 216 8
33 385 9
33 611 6
33 679 -10
33 326 5
33 534 19
33 632 11
34 457 8
34 323 1
34 401 15
34 150 -6
34 270 12
34 82 -4
34 482 17
34 733 8
34 38 -6
34 589 3
34 391 -9
34 86 -4
34 128 2
35 500 18
35 321 7
35 153 1
36 580 11
36 164 6
36 184 -2
36 359 -2
36 682 11
36 242 20
36 86 10
36 27 10
37 326 8
37 704 18
37 171 -3
37 635 16
37 300 -7
37 274 4
37 75 -4
38 418 7
38 589 10
38 79 -5
38 480 15
38 632 -5
38 463 -1
38 692 16
38 4 4
38 778 10
39 335 15
39 352 5
39 627 11
39 554 18
39 224 -9
39 107 3
39 381 -3
39 291 -3
39 762 20
39 19 -4
40 458 2
40 166 17
40 303 -9
40 404 -1
40 411 6
40 416 8
40 123 11
40 771 12
40 183 20
40 672 19
40 256 8
40 368 13
41 320 -10
41 512 -3
41 187 6
41 531 16
41 153 -3
42 547 5
42 477 1
42 12 7
42 247 -3
42 516 11
42 742 14
42 507 8
42 129 10
43 61 18
43 214 -8
43 546 -7
43 654 20
43 233 9
43 89 -1
43 723 -9
43 402 1
43 307 18
43 692 7
43 548 -6
43 167 -2
43 389 -7
44 376 5
44 93 -1
44 369 9
44 633 -3
44 419 19
44 96 7
44 258 -7
45 146 -3
45 325 16
45 221 20
45 254 5
45 16 -9
46 604 14
46 58 17
46 289 -4
46 158 18
46 496 -1
46 14 -1
47 529 -8
47 192 -7
47 669 -6
47 205 16
47 470 9
47 338 18
47 411 -1
48 409 -9
48 88 -5
48 148 -9
48 616 14
48 562 11
48 140 1
48 82 -5
48 397 1
48 138 18
48 509 -5
49 17 -8
49 580 -3
49 167 4
49 304 -1
49 370 13
49 79 8
49 119 17
49 341 5
49 62 1
49 170 1
49 548 -6
50 340 5
50 700 16
50 591 13
50 584 13
50 368 4
50 730 -2
50 631 -10
50 767 -4
51 676 -6
51 288 -4
51 404 -6
51 705 12
51 124 7
51 406 5
51 226 4
52 164 9
52 650 -8
52 338 -6
52 727 14
52 607 2
52 766 6
52 409 11
52 211 -6
52 312 14
53 59 -2
53 324 -8
53 371 12
53 742 13
53 547 17
53 135 6
53 401 15
53 64 15
54 413 9
54 495 -5
54 1 7
54 346 13
54 511 -10
54 148 7
54 446 -4
54 287 8
55 542 18
55 171 -7
55 708 12
55 586 -9
55 679 6
55 183 16
55 33 -10
55 606 -2
55 442 2
55 598 7
55 408 6
55 299 -2
56 384 -4
56 576 9
56 321 19
56 728 4
56 240 14
56 524 20
56 97 1
56 254 5
56 739 3
56 262 6
56 717 1
56 36 -3
57 737 -3
57 482 4
57 621 5
57 460 -1
57 50 2
57 292 10
57 416 -8
57 692 2
57 364 9
57 479 18
57 560 2
58 483 6
58 449 1
58 687 2
58 347 4
58 632 10
58 432 10
58 91 17
58 737 12
59 744 20
59 642 4
59 515 9
59 94 11
59 5 5
59 402 5
59 448 18
59 122 18
59 365 8
59 489 3
60 438 -9
60 712 16
60 396 -4
60 292 16
60 51 4
60 509 -5
60 602 -9
60 580 -1
60 680 12
60 749 4
60 498 -4
60 316 5
60 523 -4
61 586 -8
61 42 7
61 494 10
62 450 -7
62 133 7
62 663 1
62 120 -4
62 295 -3
62 548 -10
62 46 10
62 665 12
62 279 -4
62 428 -5
62 733 15
62 317 16
62 20 17
62 661 17
63 667 1
63 365 -3
63 103 1
63 461 19
63 275 3
63 2 2
63 766 8
64 703 8
64 710 18
64 23 2
64 190 10
64 9 -4
64 571 3
64 768 -9
64 305 13
64 444 -10
64 258 -6
65 85 3
65 54 11
65 630 12
65 13 15
65 56 10
65 703 11
65 139 19
65 540 14
65 558 7
66 312 13
66 480 18
66 10 -3
66 559 17
66 368 -7
66 766 12
66 668 20
66 244 14
67 527 -7
67 234 -4
67 571 18
67 529 -7
67 2 14
67 683 -3
67 478 4
68 562 11
68 672 6
68 696 -9
68 197 -10
69 84 16
69 177 19
69 396 15
69 3 -2
69 470 -2
69 244 15
69 642 -6
69 153 16
69 760 7
69 415 4
69 343 -10
70 488 -9
70 532 -2
70 465 3
70 97 19
70 159 10
70 488 13
71 695 14
71 608 16
71 268 20
71 448 14
71 29 5
71 28 -2
71 613 -3
71 469 -3
71 764 2
72 85 20
72 51 5
72 66 10
72 629 8
72 553 -8
72 269 12
72 220 8
72 117 4
73 637 9
73 688 20
73 330 17
73 719 14
73 768 6
73 448 4
73 766 17
73 13 -1
73 213 1
73 444 2
73 717 8
73 310 7
73 706 5
73 661 -3
74 651 -2
74 103 -9
74 110 18
74 756 10
75 193 -7
75 274 -1
75 115 16
75 264 9
75 616 -4
75 261 1
76 250 -4
76 761 -9
76 679 8
76 282 16
76 213 16
76 160 16
76 189 15
77 480 -5
77 248 20
77 728 17
77 592 10
77 444 -7
77 1 1
77 16 2
77 427 2
78 182 -9
78 558 11
78 716 16
78 422 -10
78 66 2
78 327 -10
78 759 11
78 69 -8
78 386 6
78 632 -2
79 330 13
79 313 -10
79 141 -9
79 763 -6
79 454 6
79 507 -1
79 295 20
79 597 17
79 720 7
79 87 13
79 297 -1
80 41 16
80 38 13
80 684 6
80 103 20
80 217 -7
80 634 -7
80 50 15
81 476 -4
81 233 17
81 393 2
81 342 12
81 640 2
81 415 12
81 249 -4
82 231 3
82 306 1
82 719 16
82 36 -8
82 773 8
82 18 5
83 741 18
83 507 9
83 510 -6
83 434 20
83 659 2
83 5 4
83 768 10
83 521 1
83 171 -10
83 759 1
84 739 -1
84 704 3
84 224 6
84 745 20
84 85 15
84 453 -6
84 277 -1
85 143 -5
85 180 13
85 576 5
85 161 17
85 409 2
85 206 18
85 56 -9
85 237 -6
85 423 -9
86 295 10
86 674 -9
86 574 6
86 285 1
86 359 -3
86 417 10
86 204 -4
86 135 -3
86 669 5
86 745 11
87 306 9
87 183 11
87 334 -5
87 769 20
87 286 -2
87 718 6
87 84 3
87 1 1
88 536 -4
88 233 2
88 138 -6
88 598 12
88 664 -6
88 276 3
88 289 18
88 531 -9
88 263 19
88 328 -5
88 429 -1
88 128 -2
89 755 -7
89 53 15
89 403 1
89 150 10
89 572 7
89 188 -7
89 542 12
89 506 15
89 640 19
90 683 -8
90 447 4
90 41 -1
90 654 17
90 238 -8
90 354 -5
90 426 -2
90 245 4
90 331 12
90 212 -1
90 248 12
90 218 8
90 542 12
90 317 16
90 264 2
90 730 12
91 550 7
91 296 19
91 612 11
91 2 20
91 245 13
91 575 9
91 41 6
91 756 5
91 207 4
91 467 15
91 610 2
92 372 6
92 215 -10
92 341 -7
92 474 18
92 566 -2
92 594 18
93 660 -7
93 614 -2
93 64 9
93 386 17
93 484 10
93 718 13
93 188 12
93 180 9
94 695 14
94 623 13
94 592 -6
94 517 -3
94 403 -8
94 728 6
94 39 -8
94 338 10
94 778 2
94 32 14
94 516 8
95 237 9
95 223 3
95 663 -8
95 14 12
95 490 15
95 709 -10
95 147 10
96 408 -9
96 660 5
96 530 -8
96 191 -8
96 227 9
97 558 -9
97 767 20
97 229 -1
97 175 8
97 393 -8
97 236 4
98 584 -7
98 121 -10
98 339 -7
98 193 20
98 99 -8
98 668 -2
98 533 8
98 730 14
98 97 5
98 748 17
99 515 -3
99 26 14
99 491 12
99 44 11
99 560 7
99 114 6
99 378 6
100 132 -6
100 27 12
100 639 -7
100 262 5
100 722 2
100 778 1
100 554 11
100 520 -6
100 677 -8
100 699 8
100 410 8
100 47 -8
100 454 18
100 23 5
101 672 -1
101 144 6
101 400 5
101 705 -3
101 74 7
101 689 14
101 387 20
101 274 -9
101 754 1
102 208 -9
102 337 -1
102 280 2
102 233 -10
102 743 -7
102 326 10
103 549 10
103 335 13
103 205 1
103 112 4
103 720 -2
103 593 19
103 267 13
103 14 6
103 773 -2
103 197 17
104 302 12
104 468 20
104 455 14
104 373 7
104 461 5
104 311 13
104 637 9
105 444 20
105 40 20
105 156 5
105 314 4
105 91 15
105 704 -4
105 157 16
105 104 6
105 33 11
105 370 14
105 365 5
106 742 -10
106 673 -10
106 584 2
106 646 18
106 429 -2
106 621 9
106 649 6
107 66 20
107 526 -5
107 331 4
107 556 2
107 336 12
107 256 -4
107 218 4
108 410 17
108 705 -8
108 249 -2
108 305 16
108 477 -10
108 736 12
109 83 -8
109 81 11
109 735 14
109 773 13
109 44 -3
109 398 11
109 283 -5
109 127 15
109 152 -3
109 391 6
110 519 20
110 668 2
110 668 1
110 667 -9
110 185 15
110 637 14
110 594 -5
110 400 -6
110 188 17
111 267 -7
111 5 17
111 410 9
111 505 8
111 631 11
111 697 -3
112 244 3
112 53 18
112 538 11
112 177 7
112 648 6
112 734 -2
112 191 15
112 461 5
113 455 8
113 81 -8
113 724 6
113 406 2
113 281 -8
113 184 14
113 757 3
114 396 -10
114 256 5
114 58 7
114 155 -4
114 492 20
114 294 -10
114 82 -6
114 335 15
114 450 3
115 124 14
115 496 19
115 126 -4
115 612 10
115 711 20
115 594 1
115 674 20
115 189 20
116 128 6
116 9 -5
116 339 12
116 76 5
116 74 19
116 152 7
116 240 2
116 532 -3
116 362 4
116 209 -6
116 233 15
116 359 5
116 170 10
116 628 3
116 330 -7
116 431 15
117 380 -3
117 363 -2
117 113 -1
117 741 -3
117 572 6
117 355 -6
118 77 -6
118 396 15
118 340 -8
118 507 -7
118 187 11
118 411 11
118 739 -2
118 703 15
118 546 15
118 528 20
118 285 -8
118 676 19
118 21 8
118 15 9
119 307 3
119 633 17
119 21 -2
119 627 -3
119 519 -8
119 150 -6
119 193 -3
119 525 14
120 591 11
120 392 6
120 247 13
120 737 -9
120 402 -5
120 138 7
120 65 -2
120 491 1
120 308 19
121 69 -9
121 282 -7
121 347 16
121 777 -6
121 611 -6
121 603 16
122 11 11
122 132 -5
122 362 4
122 272 5
122 147 20
122 759 8
122 373 17
122 154 3
122 284 7
122 725 6
122 11 -5
122 265 4
122 463 -3
123 417 4
123 109 20
123 681 -6
123 558 6
123 84 4
123 72 9
123 495 8
123 762 -7
123 461 7
123 2 -10
123 581 -7
123 439 3
123 447 4
124 58 -3
124 116 11
124 462 13
124 58 9
124 581 5
124 761 17
124 75 -2
124 756 -2
125 66 9
125 63 7
125 373 20
125 216 -7
125 408 4
125 752 6
126 270 14
126 478 3
126 248 20
126 596 -9
126 314 4
126 284 1
126 221 8
126 347 -9
126 609 -9
126 604 13
127 581 8
127 87 2
127 110 -10
127 637 -8
127 264 -1
127 414 -1
127 373 15
127 29 14
128 474 -7
128 92 8
128 500 3
128 607 -5
128 468 -10
128 398 -3
128 346 -4
128 465 -10
128 210 4
128 433 20
129 6 19
129 408 4
129 410 9
129 333 -3
129 163 -5
129 167 7
129 122 8
129 21 7
130 356 1
130 698 15
130 375 -5
130 532 16
131 29 -5
131 169 4
131 497 -5
131 559 7
131 452 19
131 298 -1
131 144 19
131 56 8
131 239 7
131 721 -6
131 99 12
131 464 15
131 571 1
132 496 7
132 312 -10
132 573 12
133 677 9
133 308 -5
133 216 1
133 573 12
133 30 16
133 191 10
133 316 9
133 501 10
133 322 1
133 502 4
133 249 16
133 4 1
133 403 -2
134 678 18
134 149 -9
134 390 -6
135 210 13
135 587 18
135 314 -7
135 374 14
135 648 14
135 756 11
135 150 7
135 227 12
135 142 11
135 691 18
135 333 20
135 249 6
135 3 14
135 17 6
135 483 6
136 641 -3
136 468 -6
136 752 -7
136 707 2
136 432 7
136 727 18
136 517 18
136 210 -3
136 536 20
136 223 18
137 183 8
137 201 11
137 167 -8
137 511 16
137 75 13
137 339 9
138 273 12
138 759 8
138 698 -6
138 233 12
138 44 -10
138 727 4
138 283 2
138 240 -8
138 741 6
138 739 -3
139 455 7
139 552 -6
139 26 -1
139 17 13
139 241 14
139 622 15
139 55 -9
140 398 13
140 484 15
140 757 3
140 704 18
140 386 3
140 7 17
140 198 10
140 112 14
140 696 -2
141 61 -2
141 70 17
141 313 -4
141 78 13
141 707 -8
141 246 -10
141 479 9
141 547 7
141 436 -1
141 378 12
141 728 -8
141 708 15
141 439 -5
142 389 13
142 344 -1
142 324 4
142 527 7
142 381 -5
143 333 -10
143 205 -1
143 250 9
143 295 20
143 571 9
143 702 -8
143 765 19
143 445 14
143 484 16
144 605 17
144 383 10
144 121 -6
144 311 12
144 232 9
144 757 -5
144 420 3
144 551 4
144 214 -9
145 195 6
145 624 11
145 345 -9
145 744 -4
145 125 12
145 554 -9
145 381 15
145 518 7
145 124 18
146 197 -4
146 413 12
146 429 5
146 476 -6
146 620 10
146 480 8
146 387 14
146 110 17
146 353 -9
146 521 3
146 255 14
146 752 -2
147 342 -7
147 151 -6
147 379 13
147 191 9
147 149 1
147 34 20
147 621 -8
147 696 6
147 343 -4
148 38 12
148 364 14
148 523 10
148 490 20
148 580 19
148 545 4
148 649 8
148 725 5
148 684 15
149 615 19
149 406 7
149 548 16
149 378 11
149 728 18
149 773 1
150 588 9
150 420 3
150 28 -4
150 5 -7
150 183 13
150 189 8
150 302 -4
150 693 9
150 591 -8
150 601 10
150 569 2
150 674 4
150 598 17
150 12 -2
151 655 8
151 614 14
151 202 3
151 505 1
151 463 18
151 722 2
151 603 -2
151 757 8
152 173 8
152 575 -3
152 61 7
152 180 17
152 310 9
152 66 -9
152 535 -4
152 771 11
152 709 -3
153 172 -7
153 558 17
153 763 -4
153 278 17
153 148 -7
154 677 8
154 583 18
154 140 17
154 603 11
154 597 -3
154 344 16
154 693 18
154 544 -6
154 657 -7
154 741 18
154 531 -3
155 37 11
155 187 8
155 365 -6
155 432 5
155 171 17
155 404 15
155 219 -4
155 758 -8
155 741 20
155 21 -2
155 673 8
155 604 -1
156 8 18
156 594 3
156 612 -8
156 277 -4
156 677 20
156 338 15
156 734 4
156 175 6
156 261 -5
156 653 1
157 398 20
157 753 10
157 674 5
157 465 2
157 402 13
158 251 -8
158 37 -8
158 696 4
158 340 2
159 157 2
159 392 -1
159 89 -10
159 606 9
160 195 17
160 236 8
160 296 -1
160 456 4
160 173 3
161 548 10
161 34 4
161 676 -4
161 223 -2
161 770 -2
161 203 -3
161 342 3
161 66 4
161 107 16
161 230 11
162 224 18
162 340 16
162 363 2
162 590 -5
162 460 -5
162 502 7
162 651 17
162 267 19
162 373 -7
162 287 -4
162 324 15
163 598 -10
163 508 2
163 454 -9
163 300 -10
163 531 10
163 374 1
164 311 -2
164 254 13
164 354 8
164 69 8
164 585 8
164 129 2
165 26 9
165 201 7
165 751 1
165 31 11
165 594 -4
165 581 -9
165 14 13
166 692 -1
166 511 9
166 475 -8
166 8 1
166 388 -8
166 542 9
166 453 -5
166 515 -2
166 336 13
166 395 4
166 457 7
166 475 -1
167 304 20
167 397 4
167 281 16
167 744 -9
167 498 3
168 21 -9
168 339 -10
168 498 -2
168 709 7
168 190 -8
168 217 18
168 628 -3
168 686 9
168 734 -2
168 102 17
168 702 -6
168 502 -3
169 512 6
169 275 3
169 485 3
169 713 -1
169 694 18
169 686 16
169 534 16
169 320 1
169 394 12
169 86 -6
169 550 11
170 612 -3
170 256 17
170 79 7
170 529 4
170 514 6
170 204 12
170 302 -1
170 671 -2
171 88 15
171 620 16
171 771 9
171 556 9
171 49 2
171 720 -3
171 64 15
172 328 -4
172 691 -7
172 717 11
172 138 4
172 724 4
172 350 8
172 775 -2
172 334 3
173 654 -8
173 379 16
173 97 -5
173 605 -3
173 256 3
173 161 11
173 389 15
173 505 -2
173 769 -10
173 445 -10
174 106 10
174 517 6
174 763 7
174 164 16
174 565 18
174 753 -4
174 55 15
174 384 15
174 633 11
174 42 2
174 384 3
174 149 7
174 631 -9
175 4 2
175 197 17
175 400 1
176 601 7
176 485 -7
176 61 12
176 596 9
177 364 17
177 404 12
177 672 2
177 626 10
177 451 9
177 482 19
177 226 4
177 150 -7
177 171 12
177 343 3
178 355 5
178 652 -5
178 210 3
178 374 5
179 264 3
179 200 9
179 631 9
179 29 -4
179 83 11
179 304 6
180 340 19
180 418 20
180 108 1
180 374 -3
180 5 1
181 329 7
181 177 2
181 635 -8
181 358 16
181 174 10
181 381 3
181 583 15
181 53 11
181 557 -2
182 617 2
182 72 -2
182 229 6
182 527 18
182 501 18
182 436 1
182 764 12
182 686 -9
182 634 18
182 410 16
183 389 7
183 482 13
183 194 5
183 294 6
183 42 -10
183 634 2
183 269 13
184 208 4
184 605 8
184 674 15
184 65 10
184 47 -3
184 121 -9
184 479 7
184 480 3
184 355 -3
184 360 15
185 198 -7
185 603 13
185 344 -5
185 453 14
185 307 20
185 462 17
186 400 6
186 199 19
186 158 -2
186 275 1
186 64 -5
186 117 16
187 97 7
187 193 -3
187 22 -1
187 726 -7
187 204 2
187 597 16
187 284 3
187 240 12
188 721 19
188 129 -8
188 566 5
188 43 -8
188 605 17
188 425 12
188 25 20
188 224 -10
189 721 -5
189 660 13
189 101 17
189 198 8
189 353 -6
189 535 -10
189 9 17
189 133 20
189 594 -2
189 677 16
189 89 -4
189 750 2
189 629 -10
189 630 1
189 415 -7
190 416 -9
190 47 -2
190 164 -9
190 226 19
190 88 -10
190 230 10
190 760 16
190 225 -2
190 512 -7
190 409 1
190 23 15
190 268 -1
190 643 16
190 747 16
190 641 12
190 642 -10
190 472 -1
191 387 -4
191 44 2
191 97 -10
191 452 -1
192 233 9
192 713 19
192 150 7
192 280 6
192 117 -5
192 128 7
192 533 2
192 447 -6
192 185 4
192 766 11
192 321 10
192 64 9
192 577 -10
192 372 -5
192 359 8
193 42 3
193 674 18
193 626 1
193 258 -4
193 535 -5
193 636 14
193 588 -10
193 235 -2
194 431 5
194 216 12
194 141 10
194 83 12
194 281 -1
194 104 -5
195 52 12
195 602 5
195 136 -10
195 407 -10
196 478 5
196 467 2
196 191 -1
196 180 4
196 259 19
196 17 13
196 158 16
196 236 3
196 770 3
196 518 2
196 770 2
196 527 3
196 629 7
197 407 14
197 344 7
197 182 4
197 626 16
197 216 8
197 64 -4
197 348 1
198 617 3
198 627 7
198 708 -8
198 178 19
198 495 13
198 681 4
198 494 -7
198 446 13
199 274 11
199 373 7
199 724 18
199 334 13
199 749 15
199 73 4
199 515 13
199 456 4
199 571 2
199 196 -3
199 502 -1
199 281 -9
199 207 16
200 116 1
200 323 7
200 586 10
200 223 17
200 106 14
201 697 19
201 365 11
201 747 10
201 274 2
201 529 12
201 630 7
202 295 -6
202 542 4
202 141 16
202 106 -3
202 89 9
202 449 1
202 180 -9
202 233 -3
202 662 -9
202 258 20
202 61 14
202 76 -5
202 232 -8
203 461 -5
203 208 13
203 310 -9
203 103 18
203 774 8
203 415 9
203 723 2
203 104 8
203 555 7
203 487 -2
204 31 19
204 459 -6
204 443 14
204 310 20
204 388 17
204 732 -3
204 85 -2
205 344 15
205 748 9
205 201 20
205 510 5
205 441 6
205 27 -7
206 689 5
206 476 -9
206 418 -8
207 493 -6
207 435 -7
207 347 10
207 660 12
207 524 10
207 270 12
208 409 -6
208 178 2
208 27 -2
208 52 -7
208 292 3
208 63 -2
208 1 1
208 358 9
208 770 12
208 49 -9
208 370 20
209 730 20
209 368 8
209 630 -9
209 379 4
209 259 -1
209 555 -4
209 265 -2
209 306 -5
209 56 -7
209 660 2
209 513 -5
209 21 8
210 235 -5
210 308 -8
210 349 11
210 26 11
210 643 -1
210 309 14
210 8 6
210 461 9
210 326 -6
210 588 4
210 123 17
210 422 4
211 143 5
211 247 8
211 533 7
211 625 1
211 539 -4
211 691 20
212 446 11
212 582 16
212 711 9
212 14 20
212 47 20
212 39 10
212 374 -3
213 638 4
213 114 9
213 437 8
213 188 -1
213 104 -6
213 232 5
213 175 1
213 437 -5
214 597 10
214 773 20
214 248 17
214 31 3
214 487 -10
214 437 -5
214 565 15
214 645 -7
214 135 7
215 458 13
215 661 18
215 245 8
215 345 16
215 616 -7
215 230 14
215 653 8
215 124 20
215 636 19
216 657 20
216 693 -3
216 58 -10
216 716 -7
216 147 17
216 668 20
216 232 -8
216 648 -6
217 252 -4
217 273 18
217 439 -5
217 374 5
217 393 -6
217 366 13
217 333 7
217 531 5
217 616 16
217 724 10
217 525 12
218 533 18
218 381 2
218 759 18
218 622 -9
218 178 -5
218 138 -2
218 88 6
219 194 19
219 367 16
219 154 -3
219 52 2
219 324 12
219 397 4
219 29 20
219 762 13
220 552 -5
220 49 12
220 190 5
220 452 19
220 631 4
220 257 19
221 206 7
221 355 18
221 183 14
221 172 -5
221 161 -2
221 320 17
221 38 5
222 301 1
222 134 -10
222 488 8
222 694 -7
222 276 19
222 321 -4
222 575 -2
222 402 5
222 123 7
222 342 -4
222 557 10
223 746 -6
223 521 -10
223 634 -5
223 88 12
223 76 2
224 443 -8
224 590 10
224 213 12
224 249 -10
224 185 6
224 366 -8
225 487 13
225 480 -5
225 602 -7
225 598 -9
225 200 13
225 71 8
225 639 17
226 506 13
226 673 9
226 763 17
226 709 7
226 391 -2
226 311 3
226 121 -3
226 452 -8
226 389 -10
226 730 14
226 37 11
227 391 7
227 683 6
227 280 5
227 80 8
227 233 11
227 579 7
227 714 -5
227 156 2
227 608 2
227 49 5
227 600 -10
227 676 -8
227 337 -8
228 97 1
228 105 7
228 539 13
228 482 3
228 318 1
228 164 3
228 717 -1
228 682 9
228 765 19
229 616 -8
229 256 16
229 13 12
229 431 -8
229 164 -10
229 633 -3
229 743 20
229 388 8
229 73 6
229 235 3
230 206 7
230 201 16
230 270 -3
230 362 4
230 411 20
230 509 16
230 330 -3
230 251 -3
230 175 7
230 177 10
230 398 -4
230 743 14
231 57 2
231 537 -5
231 406 -2
231 571 20
231 365 9
231 78 -8
231 386 -2
231 217 3
231 150 4
231 35 7
232 419 8
232 624 5
232 766 -9
232 409 -5
233 314 -9
233 220 18
233 652 20
233 503 16
233 33 14
233 722 16
233 703 10
233 3 18
234 558 16
234 413 -6
234 87 -6
234 448 4
234 262 -10
234 644 -2
234 524 5
235 170 18
235 503 8
235 349 15
235 184 1
235 477 16
235 672 -8
235 596 13
235 251 9
235 677 -10
235 482 -4
235 168 -4
236 584 4
236 755 -4
236 102 -4
236 650 -3
236 776 -7
236 687 -7
236 615 15
237 711 -3
237 16 20
237 348 9
237 42 3
237 227 15
237 586 -8
237 312 6
238 503 2
238 572 9
238 484 15
238 654 18
238 145 18
238 701 -9
238 772 19
239 759 13
239 646 1
239 699 -9
239 219 -3
239 640 -3
239 226 -5
239 133 -1
239 159 1
240 647 -7
240 269 13
240 106 19
240 673 14
240 554 1
240 445 19
240 95 -2
240 660 -3
241 765 -1
241 618 1
241 246 -7
241 532 -6
241 693 17
241 77 -1
241 290 8
241 321 19
241 344 20
241 64 -1
241 99 16
242 705 17
242 256 16
242 406 3
242 565 18
242 689 1
242 499 -3
242 364 1
243 505 -8
243 403 19
243 752 8
243 699 -2
243 636 -9
243 526 14
243 687 -5
243 24 -6
243 138 2
244 606 3
244 764 14
244 220 13
244 474 4
244 369 -3
244 148 -3
244 23 15
244 188 12
244 778 5
245 711 -6
245 217 10
245 280 -8
245 414 9
245 501 14
245 574 -7
245 270 14
245 401 18
246 224 2
246 364 -1
246 591 -2
246 667 12
246 211 7
246 192 9
247 218 5
247 158 9
247 187 15
247 512 -9
247 299 9
247 81 20
248 269 14
248 536 -4
248 753 -8
248 42 18
248 181 15
248 545 2
248 608 8
248 38 -5
248 415 -5
248 198 -4
248 178 16
248 138 16
248 83 -6
249 760 -3
249 688 12
249 684 10
249 495 9
249 212 11
249 367 8
250 763 10
250 656 -8
250 168 15
250 710 15
250 106 16
250 660 -1
251 436 14
251 279 20
251 766 20
251 17 -3
251 334 4
251 588 12
251 597 9
251 758 9
251 366 4
251 472 -7
251 593 -4
252 340 8
252 215 19
252 748 -10
252 477 7
252 489 -10
252 396 2
252 259 6
252 270 18
252 246 -1
252 154 13
252 397 -10
252 56 -2
252 303 12
252 88 4
252 731 2
252 586 1
253 491 -7
253 244 18
253 363 5
253 719 2
253 726 -5
253 258 1
253 623 2
253 34 7
254 32 17
254 480 7
254 461 -6
254 277 -5
254 160 6
254 340 8
254 707 -5
254 529 16
254 119 12
254 530 14
254 10 -8
254 180 -7
255 2 -2
255 74 13
255 739 7
255 214 16
255 775 17
255 62 -4
255 66 8
256 436 7
256 658 20
256 749 7
256 455 -2
256 468 20
256 123 -8
256 265 4
256 716 5
256 427 -4
256 763 9
256 712 10
256 300 18
256 700 -5
256 117 -1
257 768 -5
257 387 -3
257 639 5
257 275 -7
257 449 14
257 24 17
257 24 11
258 621 8
258 118 9
258 390 -5
258 509 8
258 78 -5
258 462 -10
258 413 2
259 166 7
259 24 10
259 216 16
259 491 -2
259 607 -3
259 289 -9
260 540 19
260 645 4
260 704 -8
260 612 4
260 308 -1
260 610 -1
260 173 15
260 346 20
260 285 8
261 171 -5
261 200 13
261 172 7
261 10 10
261 510 -4
261 20 -3
261 154 -1
261 179 15
262 453 19
262 295 10
262 259 5
262 131 -2
262 525 15
262 692 17
262 427 18
262 8 3
262 158 -2
262 459 8
262 672 8
263 191 6
263 54 17
263 193 8
263 738 16
263 454 -9
263 349 12
263 42 14
264 751 4
264 391 -6
264 405 15
264 303 -1
264 349 1
264 501 -1
264 90 4
264 670 7
264 576 -2
264 291 3
264 70 7
264 556 2
264 717 8
265 56 5
265 409 -6
265 129 1
265 544 -6
265 509 6
265 733 -2
265 333 -1
266 278 12
266 33 -8
266 263 -5
266 717 12
266 299 17
266 165 -3
266 145 -2
266 681 18
266 330 -3
266 253 -9
267 743 -5
267 584 13
267 190 14
267 638 9
267 647 8
267 353 8
267 401 -6
267 561 16
267 101 -6
267 5 -1
267 652 15
267 133 -4
267 216 13
268 319 6
268 597 -4
268 237 14
268 628 19
268 92 -5
268 35 3
268 770 20
268 428 -6
269 611 11
269 554 11
269 707 -3
269 370 -9
269 490 7
269 347 6
270 621 7
270 153 9
270 514 2
270 349 9
270 262 -1
270 136 12
270 115 12
271 613 11
271 318 -2
271 69 1
271 697 -3
271 189 1
271 628 18
271 110 6
271 656 -2
272 688 13
272 263 13
272 246 14
272 773 -2
272 540 -7
272 389 -10
272 251 -3
272 28 -4
272 709 6
272 715 6
272 767 -2
273 367 5
273 339 19
273 60 -7
273 103 -7
273 577 10
273 700 -8
273 93 13
273 282 -5
273 91 -10
274 561 5
274 404 7
274 455 -2
274 238 3
274 321 4
274 312 12
274 378 10
274 44 8
274 654 7
275 388 12
275 212 20
275 82 10
275 253 -1
275 343 19
275 379 -10
275 238 6
275 404 14
275 126 4
275 504 7
275 448 18
275 129 5
276 167 12
276 40 11
276 634 13
276 579 14
276 647 12
276 238 -4
276 590 15
276 515 -1
276 4 17
276 533 13
276 634 -10
276 777 -6
277 621 -4
277 4 7
277 373 -6
278 474 2
278 191 16
278 294 8
278 676 -6
278 179 9
278 145 -4
278 160 -3
278 726 -7
278 525 -9
279 373 16
279 66 19
279 716 14
279 230 -8
279 172 2
280 48 16
280 100 6
280 348 -5
280 562 7
280 514 2
280 160 -1
280 302 -7
281 85 6
281 205 -4
281 312 16
281 656 16
281 580 -5
281 447 5
281 471 4
281 382 -4
281 29 16
281 248 2
281 267 -6
282 174 -10
282 601 -9
282 607 -1
282 647 12
282 254 20
283 396 17
283 79 -9
283 368 14
283 716 15
283 206 14
283 41 12
283 365 8
283 91 7
284 600 10
284 485 5
284 76 -8
284 189 6
284 477 -8
284 260 18
284 725 10
284 460 4
284 257 20
285 616 15
285 536 13
285 520 7
286 756 -10
286 512 18
286 616 -8
286 605 2
286 603 7
286 373 -3
286 470 -2
287 347 4
287 53 19
287 492 15
287 655 20
287 145 -3
287 660 4
287 228 1
287 277 9
287 610 8
287 106 -7
288 717 2
288 400 -6
288 380 2
288 632 -4
288 682 11
288 666 16
288 543 5
288 406 1
288 564 -5
288 612 -2
288 690 -6
289 68 1
289 96 9
289 525 10
289 410 2
289 757 -3
289 642 17
289 700 20
290 103 10
290 70 -1
290 531 2
290 118 6
290 763 -9
290 38 10
290 176 4
290 157 -8
291 89 14
291 630 12
291 100 -10
291 696 6
291 305 9
291 230 -10
291 755 13
292 528 -4
292 161 -5
292 152 3
292 634 15
292 474 19
292 438 6
292 172 1
292 494 1
292 726 -4
292 59 18
293 130 -9
293 304 17
293 414 19
293 531 13
293 510 2
294 131 -1
294 142 4
294 142 17
294 59 18
294 501 18
294 594 -8
294 35 4
294 45 -9
295 35 10
295 324 -7
295 602 -7
295 469 -10
295 728 -6
295 114 16
295 749 14
295 573 8
295 267 -1
295 644 -10
295 9 5
295 678 -6
295 379 20
295 365 14
296 579 2
296 172 3
296 556 14
296 525 9
296 173 12
296 376 -3
297 163 6
297 581 -2
297 106 -4
297 143 4
297 666 -6
297 648 14
297 384 -7
297 431 2
297 310 11
297 596 16
297 586 9
298 302 9
298 646 8
298 311 19
298 513 -10
298 270 13
298 31 18
298 346 -8
298 672 16
299 389 20
299 683 8
299 538 -7
299 151 -4
299 271 14
299 88 8
299 394 8
299 308 -7
299 115 -6
300 279 -7
300 671 10
300 763 -6
300 324 -6
300 689 7
300 516 6
300 436 -6
300 317 20
300 280 8
301 717 7
301 613 -8
301 179 -6
301 14 8
301 680 2
301 266 -5
302 136 10
302 720 13
302 580 -9
302 233 6
302 276 6
302 664 11
303 343 6
303 335 -7
303 486 6
303 583 -6
303 572 -7
304 167 -4
304 778 -6
304 589 17
304 307 -6
304 594 -7
304 14 -4
304 50 -1
304 681 4
304 220 -4
304 307 4
304 540 14
304 513 7
305 437 -3
305 349 1
305 702 16
305 735 -9
306 565 4
306 105 -3
306 163 13
306 614 19
306 189 8
306 354 8
306 622 -7
307 65 4
307 187 20
307 574 2
307 437 18
307 127 12
307 349 13
307 396 -2
307 81 7
307 104 -4
307 695 19
307 630 7
307 696 -7
308 238 -8
308 75 20
308 36 14
308 769 12
308 174 3
309 727 -7
309 2 4
309 631 15
309 518 18
309 273 2
309 463 18
309 461 1
309 631 -1
310 518 18
310 391 6
310 192 19
310 262 18
310 377 -7
310 244 3
310 448 9
310 560 9
310 725 15
310 714 5
310 719 -1
310 106 -3
310 266 10
311 310 12
311 303 3
311 638 17
311 611 10
311 492 -3
311 516 12
311 60 -2
311 401 -5
312 158 15
312 450 -1
312 141 20
312 158 10
312 685 9
312 503 17
312 101 15
312 229 2
312 436 15
312 528 -7
313 96 -9
313 384 4
313 733 17
313 294 18
313 357 -1
313 160 14
313 25 -4
313 612 -7
313 297 5
314 178 -9
314 102 -4
314 120 6
314 17 11
314 159 11
314 584 3
315 202 -2
315 81 -6
315 745 16
315 384 -6
315 283 -10
315 124 18
315 720 13
315 570 -3
316 342 12
316 181 5
316 725 -10
316 374 10
316 382 17
316 601 12
316 165 20
317 708 7
317 333 10
317 152 12
317 308 14
317 178 4
317 544 14
317 563 17
317 735 3
317 146 -7
317 241 -3
318 227 2
318 340 9
318 630 10
318 301 13
318 87 -7
319 274 6
319 123 10
319 758 -2
319 370 8
319 424 6
319 236 -4
319 118 11
319 140 -8
320 507 4
320 504 -5
320 767 -9
320 478 -1
320 713 7
320 53 14
320 102 -3
320 339 -6
320 578 19
320 92 -10
320 769 9
321 427 -2
321 519 10
321 196 2
321 656 16
321 351 15
321 238 17
321 122 7
321 546 14
322 103 -3
322 553 3
322 595 -10
322 161 18
322 267 16
322 719 13
323 442 -2
323 233 7
323 194 13
323 270 19
323 135 -1
323 327 13
323 701 -2
323 193 -5
323 130 18
323 640 -9
324 374 15
324 405 9
324 225 -7
324 90 2
324 89 -8
324 741 20
325 79 -5
325 185 2
325 78 -2
325 182 6
325 352 -10
325 323 13
325 90 5
325 161 -8
325 708 10
325 737 18
325 19 18
325 687 16
326 669 16
326 650 20
326 18 -10
326 181 -4
326 143 15
327 6 4
327 551 3
327 161 14
328 67 10
328 161 11
328 605 9
328 676 3
328 10 -1
328 80 2
328 332 18
328 330 11
328 218 3
328 480 6
328 693 10
329 453 19
329 35 11
329 374 -8
329 398 -7
329 653 14
329 558 -3
329 550 16
329 775 15
329 420 11
329 745 1
330 393 16
330 177 19
330 19 -1
330 436 7
330 160 13
330 569 8
330 217 -5
330 425 15
330 638 -10
331 450 -3
331 398 -1
331 73 -6
331 719 13
331 487 5
331 246 -1
331 30 -5
331 433 -8
332 426 16
332 650 10
332 774 -2
332 120 -7
332 444 -7
332 2 7
332 624 -8
332 591 4
333 57 -1
333 442 -8
333 571 8
333 614 -2
333 535 20
334 113 16
334 528 -10
334 319 5
334 714 11
334 596 18
334 245 -6
334 249 12
334 448 1
334 723 16
334 770 12
334 224 3
335 170 2
335 232 -4
335 522 -3
335 301 4
336 293 2
336 37 2
336 597 20
336 62 -6
336 165 19
336 713 18
336 134 -7
336 530 15
336 249 18
336 453 -4
336 92 18
336 126 4
337 336 17
337 220 10
337 523 -3
337 208 -9
337 20 13
337 717 12
337 715 1
337 772 6
338 186 -5
338 527 18
338 708 18
338 529 8
338 723 -6
338 273 9
338 541 9
338 234 -4
338 169 3
338 45 20
338 538 8
338 575 4
339 4 -10
339 254 3
339 628 9
339 179 11
339 692 3
340 133 -8
340 218 12
340 572 18
340 283 -5
340 18 3
340 482 17
340 364 19
341 373 16
341 573 -4
341 313 -4
341 761 8
341 172 -3
341 382 -10
342 301 19
342 600 -8
342 294 14
342 251 -9
343 740 19
343 433 13
343 251 11
343 476 16
343 508 5
343 709 11
344 188 19
344 363 8
344 382 -1
344 111 14
344 461 -1
344 577 -5
344 689 -7
344 67 7
345 659 17
345 189 -10
345 501 -8
345 344 -3
345 359 -8
345 185 17
345 741 -6
345 388 9
345 342 3
345 450 2
346 155 11
346 532 -7
346 586 2
346 423 -8
346 318 3
347 286 16
347 70 7
347 116 -1
347 733 10
347 311 -6
347 463 12
347 439 -8
348 399 4
348 326 -1
348 427 -1
348 421 6
348 132 -10
348 196 1
348 544 -10
348 274 -6
348 145 17
348 33 12
348 506 -8
349 521 8
349 12 9
349 351 -10
349 673 8
349 378 -10
349 268 2
349 15 12
350 745 -5
350 609 13
350 213 1
350 286 -1
350 197 4
350 281 18
351 653 17
351 516 -7
351 556 19
351 174 -10
351 698 4
351 88 13
351 488 -3
352 761 5
352 736 6
352 445 -2
352 7 19
352 594 15
352 438 -10
353 269 1
353 315 10
353 698 -1
353 571 17
353 388 8
353 375 -1
353 591 -10
354 660 17
354 543 13
354 727 9
354 650 1
354 378 1
354 304 7
354 624 4
355 23 2
355 646 16
355 52 5
355 426 18
355 409 -7
355 42 5
355 525 17
355 337 12
355 175 7
355 653 -10
355 9 15
356 612 8
356 110 4
356 672 -6
356 680 20
356 441 18
356 652 8
356 637 8
356 453 12
356 352 -1
356 164 -7
357 67 17
357 534 9
357 126 14
357 217 4
357 595 19
357 200 9
357 532 20
357 680 5
357 447 -4
357 572 15
357 431 4
357 41 4
357 311 -4
357 388 -7
357 671 10
358 325 1
358 192 -1
358 729 10
358 451 4
358 609 16
359 215 13
359 208 -8
359 609 5
359 484 -8
359 625 17
359 280 10
359 105 11
359 264 -5
359 337 -9
359 675 18
359 28 13
360 308 11
360 135 1
360 363 6
360 80 -8
360 447 -6
360 535 -10
360 495 2
360 677 9
360 532 17
360 638 3
360 143 -7
360 35 12
360 492 17
360 390 3
360 261 -5
361 263 7
361 411 -2
361 694 -1
361 334 17
361 95 -3
361 532 -4
361 502 -5
361 32 4
362 160 -3
362 701 1
362 507 4
362 495 9
362 576 5
362 355 13
362 444 -10
362 315 5
362 540 -7
362 271 19
363 639 10
363 679 -6
363 78 19
363 314 -8
363 723 -7
363 579 -1
363 475 18
363 114 -8
363 687 12
364 211 -3
364 154 1
364 508 10
364 188 1
364 268 -1
364 493 17
364 255 -1
364 86 14
365 248 14
365 516 15
365 592 19
366 168 -7
366 709 1
366 322 9
366 224 5
366 266 17
366 18 -2
367 543 16
367 195 6
367 520 2
367 309 -9
367 153 13
367 392 16
367 479 16
367 294 4
367 37 -1
367 739 5
367 190 20
368 304 17
368 134 15
368 22 -10
368 497 2
368 7 -7
369 31 2
369 177 -7
369 502 18
369 216 13
369 372 -8
369 416 8
369 730 -8
369 627 -2
369 710 8
369 231 7
369 398 6
370 543 17
370 329 11
370 389 14
370 264 -10
370 167 -2
370 497 2
370 766 4
370 751 15
370 58 16
370 291 12
370 325 8
370 685 11
370 714 19
370 646 10
370 531 11
370 35 -9
371 757 -6
371 502 11
371 548 -1
371 434 1
371 665 1
371 354 19
371 605 10
371 414 -5
371 522 14
371 737 16
371 452 -6
372 204 13
372 688 4
372 348 1
372 427 19
372 534 2
372 642 3
372 506 -9
373 704 7
373 496 12
373 572 4
373 743 7
373 640 13
374 229 15
374 359 14
374 749 2
374 202 11
374 362 -9
374 501 19
374 612 1
374 180 9
375 578 -3
375 160 -4
375 459 14
375 244 -1
375 195 -3
375 746 12
375 711 2
375 355 3
375 205 8
376 471 -5
376 592 16
376 483 -8
376 257 15
376 600 9
376 354 -2
376 236 14
376 15 12
376 39 13
377 104 -1
377 611 15
377 102 -1
377 42 -4
377 212 16
377 214 -3
377 75 13
377 8 20
377 446 -10
377 362 19
377 269 -6
377 549 18
377 423 18
377 658 4
377 371 3
377 550 5
378 173 -1
378 161 -1
378 660 13
378 391 7
378 667 1
379 752 19
379 704 -10
379 99 15
379 727 -7
379 367 -2
379 666 -6
379 440 -6
379 735 6
379 136 9
379 666 7
380 552 13
380 315 7
380 447 -8
380 61 -2
380 228 1
380 156 13
380 664 -8
380 619 4
381 390 8
381 157 10
381 25 -7
381 642 13
381 526 2
381 109 -10
381 605 7
381 295 -1
382 136 10
382 507 -5
382 210 -2
382 745 19
382 112 11
382 622 11
382 445 11
382 568 14
382 501 12
382 692 -2
383 712 12
383 239 2
383 490 13
383 772 17
383 419 -9
383 494 -2
383 439 11
383 341 14
383 326 11
383 459 8
383 688 2
384 505 14
384 643 5
384 158 -2
384 233 16
384 417 -3
385 415 15
385 567 -5
385 451 18
385 560 18
385 528 9
385 440 19
385 130 10
386 282 -9
386 469 11
386 658 10
386 626 -7
386 340 9
386 755 -10
386 164 14
387 236 4
387 428 -2
387 253 8
387 47 8
387 42 7
387 682 15
387 581 -7
387 44 3
387 16 20
387 251 -10
387 632 -10
387 623 15
387 154 -10
387 515 -9
387 174 7
388 18 -8
388 299 7
388 296 10
388 659 19
388 551 19
388 669 -9
388 489 4
388 527 -6
389 732 10
389 527 15
389 579 -1
389 595 -1
389 298 11
389 106 -1
389 35 -3
389 71 -9
390 145 9
390 130 -6
390 23 1
390 41 8
390 387 9
390 389 -5
391 630 19
391 613 5
391 376 7
391 772 9
391 47 17
391 191 18
391 422 1
391 281 -1
391 311 -9
391 471 4
392 355 -3
392 511 9
392 123 9
392 571 5
392 29 5
392 501 12
392 608 -5
392 412 20
392 218 -10
393 40 -10
393 605 3
393 133 7
393 536 -5
393 667 9
394 376 19
394 153 -3
394 614 -6
394 407 -5
394 547 3
395 165 -10
395 345 -1
395 20 18
395 448 -9
396 361 10
396 591 3
396 147 -1
396 630 7
396 459 20
396 264 -1
396 459 20
397 554 -1
397 620 -8
397 460 6
397 30 20
397 688 7
397 288 8
397 152 19
397 685 12
397 577 8
397 16 -7
398 199 12
398 473 11
398 325 -10
398 16 3
398 244 20
398 91 -5
398 291 10
398 603 -3
398 309 16
399 705 10
399 611 13
399 775 15
399 185 15
399 212 4
400 523 4
400 517 6
400 524 10
400 497 1
400 360 19
400 213 -5
400 193 15
400 414 4
400 656 19
401 688 5
401 184 7
401 79 18
401 258 -7
401 13 -6
401 399 15
401 762 -1
401 740 -4
401 145 -7
401 637 16
401 24 16
401 451 -8
402 161 -10
402 116 -6
402 752 -8
402 314 15
402 38 -4
402 133 -4
403 82 12
403 570 -7
403 225 -4
403 368 20
403 162 -6
403 285 -7
403 549 18
403 79 17
403 205 10
404 431 -2
404 363 14
404 74 11
404 300 -2
404 701 9
405 35 9
405 195 -7
405 684 -1
405 93 18
405 554 18
405 591 17
405 63 1
405 109 1
405 138 5
405 583 12
406 259 -8
406 742 10
406 768 -4
406 7 14
406 104 -3
406 763 -5
406 14 20
407 688 7
407 470 -7
407 34 7
407 639 9
407 366 2
407 272 -2
407 432 5
407 492 6
407 304 -8
407 236 17
407 643 -10
407 383 -4
407 471 9
407 275 6
408 456 -1
408 177 10
408 772 9
408 770 18
408 52 17
408 567 16
408 522 -3
408 626 -10
408 651 -1
409 693 7
409 177 -7
409 404 -1
409 662 -10
409 15 -2
409 354 1
409 722 14
409 99 2
410 477 19
410 712 5
410 162 -7
410 336 13
410 445 -8
410 680 -6
410 192 -10
411 708 1
411 605 -6
411 354 13
411 171 -7
411 612 -3
411 647 13
412 394 -6
412 334 -1
412 20 -2
412 364 14
412 539 11
412 685 14
412 442 -3
412 63 -8
413 733 -10
413 429 15
413 61 17
413 480 14
413 356 -2
413 381 -3
413 281 11
413 761 -3
414 91 3
414 252 8
414 152 17
414 662 -5
414 381 9
414 537 14
414 481 -3
414 518 15
414 257 -1
414 125 11
414 245 -3
414 425 -5
414 139 17
415 254 17
415 425 6
415 116 11
415 626 3
415 350 17
415 367 8
416 476 8
416 207 7
416 722 19
416 571 20
416 80 3
416 73 12
416 183 18
416 213 -6
417 249 18
417 763 7
417 686 7
417 308 -10
417 643 7
417 597 15
417 726 8
418 547 5
418 431 19
418 112 8
418 319 -10
418 259 6
418 336 19
418 350 2
418 151 1
418 47 17
419 109 -7
419 282 -5
419 113 5
419 112 -2
419 467 12
419 565 12
419 711 -7
419 228 3
420 679 -10
420 298 -4
420 643 5
420 687 -9
420 684 10
420 323 15
420 415 19
420 648 19
420 342 14
421 499 16
421 336 8
421 125 15
421 546 6
421 746 1
422 258 -3
422 746 -8
422 659 10
422 535 4
422 380 7
422 204 16
422 396 20
423 62 20
423 420 -6
423 189 10
423 663 11
423 223 -1
423 383 -3
423 481 -7
423 731 7
423 312 20
423 461 13
423 399 9
423 51 10
423 519 15
424 536 8
424 532 4
424 79 -3
424 34 -1
424 705 15
424 447 -10
424 606 -5
424 432 -4
424 347 -4
424 332 -5
424 778 -6
424 610 6
424 688 19
424 616 9
424 522 9
425 320 -1
425 733 -7
425 753 -7
425 507 14
425 338 13
425 737 -2
425 258 19
425 691 15
425 92 15
425 174 8
426 543 -2
426 243 1
426 578 -3
427 394 -9
427 215 -3
427 55 -9
427 492 5
427 744 19
427 648 8
427 390 20
427 245 -6
427 164 -1
427 378 -4
427 754 -10
428 46 19
428 316 -4
428 716 6
428 758 15
428 457 16
428 356 11
428 615 -10
428 518 -6
428 179 -7
429 745 16
429 686 13
429 684 -10
429 670 4
429 233 17
429 680 -2
429 479 4
429 488 -5
429 23 18
430 329 8
430 4 -6
430 194 2
430 611 7
430 766 -6
430 83 17
430 335 -7
430 578 -4
430 514 15
430 195 -5
431 297 17
431 667 -8
431 770 10
431 456 16
431 131 14
431 50 11
431 747 7
431 481 12
431 179 12
432 248 20
432 201 -9
432 600 5
432 732 -3
432 145 18
432 156 11
432 483 2
432 235 17
432 427 17
432 761 17
432 281 20
432 152 -8
432 3 -1
433 763 7
433 582 -6
433 541 11
433 581 20
433 624 -7
433 563 3
433 128 11
434 516 20
434 419 2
434 161 18
434 300 14
434 319 -1
434 654 12
434 678 2
434 727 7
434 621 -2
434 310 -8
434 153 13
434 360 18
434 156 20
434 75 20
434 301 10
435 702 -2
435 591 -1
435 21 16
435 347 -3
435 130 19
436 155 11
436 5 -9
436 755 1
436 1 1
437 506 4
437 692 17
437 662 6
437 254 4
437 554 17
437 302 -10
437 63 -5
437 519 12
438 701 -5
438 531 4
438 740 -10
439 688 -3
439 643 2
439 417 -4
439 581 -2
439 64 16
439 339 10
439 756 16
440 55 -5
440 770 18
440 699 -9
440 36 9
440 610 3
440 722 17
440 62 7
440 123 -7
440 467 4
440 559 2
440 165 11
441 704 13
441 164 1
441 177 -2
441 586 8
441 436 20
441 138 1
442 61 13
442 366 2
442 570 19
442 395 5
443 177 -4
443 544 -5
443 556 9
443 643 9
443 56 -8
443 283 -3
443 14 17
443 666 17
443 672 2
443 362 15
444 450 -10
444 249 -1
444 399 14
444 265 -10
444 471 14
444 479 3
444 523 2
444 670 20
444 423 -2
445 740 3
445 527 -1
445 258 -1
445 560 5
445 706 3
445 503 3
445 625 13
445 619 13
445 442 4
445 704 2
445 646 -3
445 456 7
445 189 9
445 42 1
446 222 -8
446 518 12
446 366 15
446 206 19
446 10 -6
446 652 5
446 12 -3
446 255 8
446 477 -10
446 589 12
447 696 8
447 73 17
447 294 -4
447 388 3
447 765 -6
447 495 2
447 704 17
447 246 20
448 714 4
448 623 14
448 182 -7
448 64 -5
448 136 6
448 167 -2
448 149 3
449 638 -4
449 359 17
449 139 7
449 758 18
449 641 13
449 420 18
449 134 16
449 306 8
449 675 16
449 28 9
449 264 7
449 552 20
449 335 -7
450 90 18
450 672 -3
450 141 -4
450 7 3
450 97 6
450 680 -6
450 21 -4
450 609 18
450 64 -9
450 85 20
450 635 16
451 602 -8
451 103 -3
452 171 16
452 449 14
452 110 -8
452 440 -9
452 655 20
452 193 16
453 739 3
453 703 -6
453 735 2
453 752 8
453 375 15
453 535 -10
453 236 1
454 189 12
454 752 15
454 647 2
454 591 20
454 612 -9
454 538 5
454 162 -2
455 440 1
455 274 18
455 60 10
455 118 16
455 206 -5
455 231 15
455 697 9
455 64 6
455 301 12
455 287 15
455 373 3
455 534 1
456 255 -5
456 26 -8
456 763 -7
456 184 6
456 102 13
456 466 -6
457 509 -9
457 602 4
457 525 17
457 214 12
457 453 3
457 581 5
457 765 -4
457 196 -2
457 752 8
457 36 -3
458 1 2
458 125 -3
458 120 17
458 151 1
458 378 9
458 625 5
459 338 2
459 308 10
459 188 10
459 167 10
459 70 3
459 584 11
459 472 9
459 600 3
459 367 -7
459 224 14
459 44 5
459 585 3
460 412 13
460 179 1
460 345 8
460 2 13
460 555 16
460 60 14
460 477 -9
460 104 -3
461 750 10
461 653 8
461 583 5
461 716 -9
461 745 3
461 464 -7
461 378 2
461 709 13
461 562 -5
461 525 10
461 358 -2
462 181 3
462 766 10
462 478 12
462 502 8
462 442 12
462 445 -10
462 425 -6
462 444 1
463 449 -7
463 633 16
463 94 -2
463 611 -6
463 737 3
463 319 8
463 152 -2
463 46 20
463 645 19
463 739 -7
464 564 18
464 545 9
464 497 9
464 101 9
464 247 -8
464 74 17
465 572 -2
465 638 14
465 436 5
465 164 -6
465 228 12
465 252 1
465 271 -7
465 36 14
465 487 16
466 139 4
466 413 13
466 144 1
466 363 4
466 565 -1
466 591 -4
466 203 8
466 427 16
466 232 1
467 284 5
467 762 -8
467 665 -8
467 137 5
467 531 4
467 290 14
467 55 2
467 443 -7
467 272 -7
467 296 16
467 9 19
467 253 11
468 285 20
468 577 4
468 609 -1
468 65 19
468 724 3
468 583 10
468 512 15
469 546 1
469 328 8
469 114 7
469 298 5
469 510 12
469 355 3
469 543 1
469 687 -6
469 261 14
469 475 -8
469 778 -4
470 78 17
470 291 17
470 638 14
470 424 16
470 161 -5
470 325 12
470 775 12
470 355 -9
471 332 8
471 727 5
471 145 19
471 7 13
471 622 8
471 32 -2
471 576 -9
471 545 7
471 654 -6
471 687 2
471 426 16
471 438 -5
471 206 2
471 677 -6
471 199 10
471 223 8
472 670 -4
472 253 5
472 735 -9
472 546 -8
472 401 -9
472 731 16
473 165 9
473 192 1
473 768 2
473 750 -3
473 117 -9
473 715 -9
473 512 12
473 87 -1
473 430 1
474 492 9
474 712 -6
474 656 3
474 220 19
474 687 14
474 147 13
474 146 2
475 710 4
475 274 12
475 138 16
475 749 -3
475 358 18
475 467 -3
475 770 20
475 128 2
476 231 -3
476 560 3
476 191 3
476 68 -2
476 631 20
476 141 -5
477 574 10
477 724 -3
477 764 -9
477 236 -2
477 354 1
477 685 7
477 158 -4
477 161 16
477 271 18
477 645 -2
478 734 13
478 725 13
478 529 10
478 662 -5
478 194 3
478 584 -4
478 84 9
478 608 -6
478 208 -9
478 324 8
478 431 13
478 384 -10
478 113 -5
478 203 -8
478 455 9
479 621 3
479 27 18
479 601 -7
479 191 13
479 724 13
479 754 -3
480 525 5
480 234 2
480 134 -5
480 171 19
481 716 8
481 192 -8
481 721 -9
481 679 18
481 667 -7
481 255 9
481 81 14
482 283 -4
482 704 12
482 210 19
482 736 -4
482 472 9
482 296 -1
482 219 -8
482 134 3
482 420 -8
482 328 7
483 685 -7
483 110 4
483 327 -1
483 415 -6
483 329 -5
483 53 -4
483 564 2
483 694 12
483 148 1
483 686 7
483 742 5
483 271 4
483 365 17
483 368 13
483 767 10
484 211 16
484 184 9
484 157 2
484 487 3
484 175 -10
484 73 -2
484 52 15
484 696 5
484 632 -3
484 699 -9
484 252 7
484 339 2
485 509 -7
485 526 13
485 150 9
485 179 18
485 390 -8
485 40 -7
485 220 4
485 378 -5
485 313 5
485 758 17
485 132 17
486 644 -8
486 210 -10
486 722 9
486 752 9
486 629 -9
486 239 -7
487 442 -8
487 644 19
487 333 17
488 755 11
488 70 8
488 343 -2
488 63 13
488 338 -6
488 404 17
488 671 6
488 372 -2
488 547 18
488 476 -5
488 477 13
488 445 -7
489 571 -2
489 611 9
489 207 5
489 673 -8
489 527 13
489 343 13
489 444 -6
490 738 12
490 105 -9
490 463 -9
490 274 12
490 649 2
490 599 2
490 434 -7
490 222 6
491 272 20
491 154 -9
491 608 5
491 222 5
491 121 -4
491 474 5
491 762 -8
491 138 8
491 208 -4
491 410 4
491 701 14
492 608 8
492 246 8
492 771 18
492 28 7
492 667 10
492 347 -9
492 533 6
492 776 16
492 97 10
492 54 -9
492 503 14
492 413 18
492 274 16
493 476 1
493 368 -10
493 320 -10
493 739 8
493 718 1
493 146 9
493 397 12
494 772 -10
494 108 18
494 20 -3
494 554 1
494 443 -9
494 63 -7
494 211 5
494 271 -4
495 604 9
495 510 -6
495 175 17
495 710 7
495 75 -9
495 679 1
495 321 -6
495 74 20
495 463 -6
495 621 -7
495 311 3
496 153 8
496 468 13
496 30 9
496 258 2
496 147 13
496 174 18
496 656 7
497 349 7
497 60 -3
497 738 1
497 408 -2
497 636 -4
497 12 -4
497 148 -9
497 63 -9
497 745 15
497 735 3
497 723 -10
497 210 4
498 534 7
498 679 -3
498 97 2
498 285 -3
498 24 11
498 610 3
498 751 7
498 525 8
498 493 7
498 613 4
498 539 11
499 150 14
499 531 -1
499 353 -10
499 476 2
499 587 6
499 248 18
499 608 4
499 345 -8
499 11 18
499 267 19
499 9 14
499 65 -10
499 249 16
500 452 -1
500 156 -1
500 483 -10
500 135 11
500 454 -2
500 436 -7
500 778 9
500 408 -3
501 754 4
501 52 -6
501 350 11
501 520 -7
501 764 -8
501 213 14
501 394 8
502 234 12
502 24 7
502 233 18
502 461 13
502 266 -8
502 518 14
502 678 1
503 137 -3
503 528 14
503 451 11
503 84 -10
503 594 11
503 122 2
503 363 -6
503 431 20
503 729 -3
503 365 19
504 392 -1
504 733 3
504 647 -10
504 594 7
504 22 -10
504 605 15
504 170 -10
504 198 17
504 366 17
504 258 1
504 442 -6
504 506 11
504 533 1
504 374 8
504 38 11
504 63 -5
505 155 -2
505 3 -3
505 735 -4
505 365 8
505 762 10
505 416 -2
506 322 14
506 389 12
506 196 -5
506 204 -2
506 165 13
506 514 8
506 316 8
507 322 2
507 298 4
507 139 -8
507 199 2
507 87 -7
507 522 20
507 670 -8
507 253 20
507 443 4
508 178 12
508 237 -7
508 49 13
508 346 3
508 432 6
508 648 -7
508 514 11
508 448 17
508 113 5
508 188 3
508 409 9
508 153 -7
508 376 -2
509 425 5
509 163 3
509 361 4
509 262 14
509 115 4
509 634 -1
509 735 18
509 512 2
509 438 -5
509 434 7
509 284 5
509 707 6
510 422 7
510 636 -1
510 193 6
510 132 19
510 404 -8
510 264 15
510 179 14
511 740 8
511 614 -2
511 610 15
511 632 -8
511 33 -4
511 682 5
511 213 9
511 725 7
511 576 -8
511 68 2
511 121 1
511 213 -6
511 643 17
511 141 -1
512 13 12
512 651 13
512 583 19
512 514 11
512 534 10
512 292 -1
512 411 8
513 694 1
513 119 4
513 164 -3
513 699 20
513 601 19
513 298 19
513 696 3
513 716 -9
513 195 6
513 373 -6
513 460 20
514 570 -5
514 653 -5
514 169 -6
514 186 2
514 296 20
514 657 -6
514 631 1
514 111 -4
514 589 -7
514 6 19
514 166 -4
514 2 2
515 120 -7
515 143 18
515 661 18
515 505 -7
515 463 3
515 172 -1
515 365 -6
515 52 10
516 404 4
516 172 6
516 634 6
516 442 6
516 660 2
516 220 5
516 536 -2
516 654 10
516 411 11
516 405 -2
516 435 6
517 50 5
517 346 11
517 769 -4
517 459 19
517 743 -3
517 762 13
517 727 10
517 509 20
517 630 -2
517 343 13
517 647 10
517 485 6
517 140 20
517 495 6
518 68 19
518 746 -6
518 185 17
518 319 -10
518 260 -1
518 667 11
518 675 19
518 188 5
518 165 -7
518 71 10
518 513 5
519 598 -8
519 643 -1
519 347 3
519 648 -10
519 62 -6
519 166 -8
519 206 -2
519 407 -7
519 666 4
520 545 6
520 754 3
520 148 2
520 515 -8
520 53 16
520 163 -4
521 354 15
521 396 15
521 749 -8
521 581 5
521 453 4
521 108 9
521 78 10
521 565 -8
521 355 9
521 730 20
522 577 -10
522 176 15
522 465 -2
522 206 -5
522 559 1
522 664 20
522 364 7
522 595 15
522 85 14
522 481 -4
522 396 19
523 365 3
523 109 -5
523 225 20
523 267 9
523 683 10
524 639 -6
524 623 -8
524 217 15
524 80 -7
524 442 5
524 634 -9
524 299 -9
524 348 15
524 611 19
525 31 13
525 755 1
525 347 19
525 459 -8
525 31 10
525 585 15
525 84 4
525 487 2
525 374 -2
526 726 6
526 728 -8
526 406 19
526 620 1
526 39 15
526 355 12
526 234 -8
526 691 17
527 595 -3
527 210 -3
527 519 -4
527 244 1
527 132 -3
527 473 18
527 219 15
527 282 11
528 409 9
528 101 14
528 35 4
528 655 13
528 674 9
528 523 9
528 336 -2
528 175 9
529 607 -4
529 634 -6
529 765 -9
529 570 20
529 610 -6
530 382 -7
530 359 -1
530 226 -2
530 548 -3
530 46 20
530 173 20
530 121 -7
530 420 -5
531 620 13
531 423 -2
531 561 -2
531 374 5
531 453 -1
531 321 2
531 44 18
531 504 1
531 104 1
532 147 3
532 650 11
532 497 -8
532 492 11
532 562 13
532 461 6
532 195 19
532 307 11
532 639 12
533 656 4
533 463 19
533 619 1
533 409 12
533 104 1
533 404 -1
534 541 8
534 95 11
534 156 -7
534 768 17
534 667 20
534 106 20
534 181 -1
534 251 2
534 535 -7
534 337 13
534 764 12
534 353 17
534 71 3
535 484 16
535 270 7
535 508 -7
535 270 -2
535 754 7
535 387 -8
535 115 -7
535 651 13
535 525 16
535 649 20
536 590 10
536 279 1
536 659 3
536 630 -7
536 523 5
536 605 16
536 489 -7
536 662 -8
536 331 -3
536 688 19
536 370 10
536 8 4
536 122 -1
537 94 10
537 542 -7
537 515 19
537 425 5
537 648 13
537 365 8
537 717 2
537 540 16
537 28 20
537 523 8
538 318 4
538 505 -7
538 195 16
538 633 -10
538 685 7
538 746 18
538 518 -5
538 661 10
539 260 9
539 28 -5
539 175 17
539 644 13
539 172 -2
539 7 14
539 115 -5
539 726 -5
539 506 -1
539 739 16
539 231 -1
540 225 13
540 47 17
540 261 -4
540 431 12
540 638 4
540 596 12
541 100 9
541 720 19
541 259 14
542 75 1
542 340 -7
542 541 8
542 356 8
542 356 9
542 432 -5
542 716 11
543 152 20
543 99 5
543 723 -10
543 338 20
543 534 -3
543 8 20
543 767 8
543 157 16
543 60 9
543 406 -1
543 732 -6
543 560 7
543 50 3
544 112 7
544 360 3
544 12 6
544 9 16
544 6 -1
544 443 2
545 777 -8
545 287 3
545 561 -1
545 8 10
545 67 4
545 26 2
545 9 -9
546 386 -9
546 123 16
546 118 -8
546 382 -7
546 239 17
546 442 20
547 490 1
547 475 2
547 590 -10
547 295 12
547 746 20
547 501 7
547 348 -10
547 21 -1
547 486 1
548 733 10
548 646 7
548 479 8
548 367 -4
549 745 16
549 675 -5
549 449 1
549 70 3
549 119 1
549 371 -7
549 573 12
549 663 14
550 459 8
550 354 4
550 593 2
550 714 7
550 348 10
550 324 4
550 571 15
550 24 7
550 38 -7
550 43 10
550 366 20
551 339 -6
551 737 10
551 259 -2
551 140 -10
551 595 9
551 340 -3
551 752 19
551 463 1
551 108 2
551 5 6
552 495 -7
552 250 6
552 59 -3
552 723 6
552 221 20
552 220 14
552 147 20
552 24 -8
553 596 17
553 448 -1
553 61 18
553 669 -8
553 236 10
553 283 -1
553 415 9
553 552 -5
553 704 -5
553 485 -3
553 134 2
554 655 9
554 273 18
554 395 1
554 581 20
554 379 -1
555 119 8
555 398 -3
555 337 -7
555 20 -5
555 596 -3
555 768 -7
555 328 10
555 768 5
555 283 -9
555 353 8
555 107 19
556 490 3
556 279 10
556 149 5
556 293 6
556 606 -7
556 689 -2
556 321 -5
556 449 2
557 535 17
557 44 -5
557 320 -5
557 600 18
557 494 16
557 278 1
557 129 -9
557 603 10
557 700 19
557 103 4
557 692 4
557 115 -5
557 12 -9
557 670 8
558 75 4
558 729 -10
558 490 15
558 287 10
558 152 -2
558 122 6
558 2 8
558 101 -6
558 341 19
559 76 -8
559 254 -9
559 127 -10
559 408 -10
559 171 13
559 410 5
559 481 -9
560 133 -10
560 127 -3
560 105 10
560 425 3
560 488 1
560 454 3
560 36 16
561 1 20
561 367 -8
561 480 4
561 145 3
561 672 11
561 6 19
562 404 14
562 145 13
562 676 6
562 107 11
562 128 1
562 765 -9
562 773 18
562 265 -9
562 252 -8
563 277 -1
563 766 8
563 398 15
563 586 16
563 249 16
563 114 6
563 623 -7
563 725 14
564 141 3
564 440 -9
564 526 5
564 437 3
564 170 -1
565 20 15
565 371 20
565 630 16
565 719 19
565 246 -9
565 239 5
565 270 -7
565 521 10
565 509 18
565 507 -7
565 756 12
566 345 -2
566 526 5
566 606 9
566 426 -3
566 128 11
566 598 11
566 448 16
566 378 19
566 295 -6
566 505 10
566 596 7
566 302 15
566 508 17
566 678 -3
567 652 13
567 623 16
567 600 19
567 299 5
567 530 2
567 466 2
567 635 16
567 673 15
568 470 14
568 123 4
568 85 11
568 286 20
568 187 2
568 702 -7
568 103 8
569 17 17
569 762 16
569 750 20
569 582 10
569 528 -4
569 364 -4
569 203 20
569 599 11
570 283 -5
570 695 11
570 705 9
570 644 15
570 135 -8
570 653 -3
570 578 12
570 586 2
570 312 -4
570 768 -4
570 366 15
571 17 19
571 733 19
571 578 -8
571 447 -3
571 49 4
571 222 -4
571 673 -2
571 558 -8
571 277 -6
571 299 5
571 694 8
571 226 4
571 595 11
571 598 -7
571 266 10
572 498 -6
572 298 10
572 298 13
572 458 -3
572 294 -3
572 696 19
573 710 7
573 139 8
573 636 11
573 480 3
573 568 19
573 500 -5
573 569 -4
573 581 -7
573 502 -10
573 187 17
574 121 -9
574 649 -6
574 34 12
574 313 11
574 15 -5
574 357 15
574 478 20
575 232 14
575 11 16
575 502 4
575 245 -2
575 115 16
575 581 -7
576 736 6
576 615 16
576 185 -2
576 184 -9
576 393 -7
576 299 12
576 305 4
576 720 13
576 616 10
576 453 3
576 337 -1
577 440 19
577 404 -3
577 507 12
577 547 5
577 178 -3
577 323 2
577 464 2
578 418 4
578 499 10
578 125 13
578 164 3
578 664 8
578 564 10
578 375 5
578 340 13
579 186 5
579 123 1
579 697 9
579 532 17
579 739 -3
579 465 12
579 705 12
580 75 17
580 739 -9
580 284 3
580 212 18
580 8 9
581 228 11
581 80 -6
581 277 7
581 642 17
582 45 -3
582 573 -3
582 70 9
582 768 -10
582 86 3
582 687 20
582 83 4
583 744 5
583 99 13
583 280 -7
583 682 6
583 411 -4
583 311 10
583 753 20
584 607 7
584 5 17
584 233 -3
584 30 -10
584 306 -7
584 612 2
584 756 20
584 586 10
584 616 10
584 2 4
585 280 14
585 422 12
585 677 2
585 190 -7
585 376 19
585 532 -8
586 311 6
586 726 15
586 375 19
586 89 -9
586 490 18
586 470 -9
586 503 11
587 479 20
587 128 -2
587 248 16
587 572 5
587 38 6
587 193 11
587 332 -4
587 389 11
588 762 2
588 610 18
588 585 -1
588 453 -2
588 221 17
588 303 14
588 281 1
588 493 13
588 449 4
588 655 12
589 367 9
589 460 14
589 143 -7
589 581 7
589 370 11
590 122 1
590 362 -4
590 680 16
590 347 20
590 680 14
590 705 -8
591 694 17
591 118 -10
591 739 11
591 629 4
591 768 -9
591 663 17
591 211 -10
591 351 1
591 102 1
591 397 9
592 443 -10
592 296 13
592 525 -10
592 299 11
592 183 -5
592 602 20
592 130 8
592 139 15
593 614 15
593 480 18
593 160 -4
593 328 4
593 645 7
593 587 -10
593 195 9
593 301 17
593 639 3
593 624 19
594 524 6
594 689 9
594 56 5
594 484 -1
594 386 15
594 388 7
595 440 -3
595 73 3
595 167 2
596 730 20
596 20 19
596 761 10
596 157 8
596 522 -2
596 410 -9
596 685 20
596 442 17
597 411 3
597 60 12
597 722 17
597 170 -4
597 27 14
597 637 -7
597 748 16
597 758 11
597 652 -9
598 307 -2
598 663 -2
598 164 10
598 183 4
598 685 19
598 83 5
598 336 -2
598 391 -5
598 296 19
599 327 9
599 683 -4
599 639 -9
599 372 13
599 1 5
599 658 -2
599 249 -1
599 272 6
599 287 14
599 32 12
600 299 17
600 768 9
600 210 18
600 432 -8
600 77 17
600 28 -1
600 193 7
600 778 -3
600 410 5
600 341 14
600 629 10
600 47 -8
600 485 9
601 632 19
601 185 5
601 145 11
601 36 15
601 122 17
601 137 -1
601 186 11
601 761 2
601 215 11
601 488 6
602 627 12
602 128 -8
602 387 3
602 597 6
602 459 16
602 760 9
602 748 13
602 43 8
603 258 11
603 364 19
603 175 -2
603 334 -6
603 19 12
603 658 1
603 530 -6
603 162 3
603 569 7
603 297 11
603 534 17
603 243 12
603 467 2
603 752 -5
603 184 4
603 142 1
603 87 9
604 409 15
604 307 12
604 186 2
604 88 -5
604 455 -2
604 773 1
604 152 12
604 582 14
604 741 -1
604 124 19
604 161 12
605 332 9
605 281 18
605 574 15
605 287 2
605 651 6
605 405 17
605 450 -3
605 326 -1
606 672 -7
606 390 1
606 577 -5
606 653 -7
606 71 15
607 258 10
607 100 13
607 148 -9
607 240 -4
607 207 -9
607 182 -8
607 341 3
607 7 14
608 46 -8
608 244 -1
608 475 -6
608 345 11
608 349 9
608 145 4
608 629 14
609 38 18
609 440 14
609 451 -10
609 549 -7
609 375 -7
609 716 14
609 136 7
609 718 18
609 772 17
610 92 18
610 360 14
610 748 -7
610 82 7
610 260 2
610 672 17
610 733 6
610 448 12
610 151 -2
610 143 -7
610 678 3
610 379 20
610 297 -10
611 589 5
611 267 5
611 360 -10
611 727 -2
611 238 9
611 125 5
611 557 11
611 17 17
612 603 3
612 269 7
612 760 18
612 126 12
613 553 19
613 44 17
613 365 11
613 27 -1
613 723 13
613 541 -9
613 520 7
613 84 15
613 167 -7
614 260 15
614 590 15
614 332 15
614 487 -1
614 307 -4
614 398 15
614 417 -8
614 217 20
615 495 17
615 473 16
615 277 19
615 500 2
615 435 -3
615 125 -6
615 83 3
615 443 -8
615 555 -10
616 98 -9
616 602 -10
616 40 16
616 200 16
616 112 9
616 431 13
616 578 13
616 626 -4
616 654 12
616 462 3
616 380 -8
617 191 -4
617 607 5
617 503 2
617 102 3
617 672 -7
617 649 9
617 495 19
617 217 6
617 404 12
617 589 -10
617 601 -9
617 275 2
617 425 20
618 246 -1
618 24 10
618 521 5
618 409 13
618 281 -6
618 122 9
618 316 5
618 135 13
618 711 -5
619 411 -1
619 705 10
619 305 4
619 566 6
619 310 -5
619 466 -9
620 490 6
620 402 16
620 80 1
620 278 16
620 224 2
620 260 8
620 419 -5
620 109 7
620 450 -7
621 242 19
621 666 -4
621 310 2
621 76 -6
621 756 14
621 488 -6
621 77 14
622 276 -3
622 598 -4
622 360 10
622 529 7
622 522 7
622 441 -6
622 35 4
622 57 18
622 9 3
622 659 3
622 419 -9
622 346 -3
623 217 12
623 555 2
623 87 -10
623 733 -10
623 558 16
623 486 -9
623 504 9
623 355 5
623 646 -8
623 107 16
624 96 -9
624 408 20
624 44 7
624 22 -6
624 350 -3
624 380 15
624 281 -1
624 680 18
624 17 -6
624 289 2
625 441 -7
625 423 12
625 440 -1
625 463 5
625 306 8
625 415 15
625 719 3
625 283 17
625 117 20
625 723 9
625 588 -8
626 732 -2
626 2 -2
626 629 13
626 141 4
626 144 -8
626 145 -4
627 292 -10
627 704 -7
627 14 5
627 749 -10
627 697 -3
627 545 13
627 662 12
627 93 18
627 552 18
627 547 18
627 530 -3
627 440 17
627 684 8
628 740 20
628 237 -9
628 197 6
629 385 20
629 490 5
629 111 2
629 469 -3
629 547 9
629 447 16
630 152 -9
630 505 -8
630 284 1
630 317 -3
630 410 -1
630 642 7
630 27 15
631 68 -10
631 763 5
631 713 -1
631 633 15
631 431 4
631 657 -8
631 332 20
631 479 12
632 606 -6
632 543 5
632 404 3
632 533 17
632 634 3
633 350 18
633 474 -4
633 243 -6
633 249 -5
633 378 13
633 143 -3
633 754 7
633 67 18
633 641 -1
634 366 12
634 377 12
634 635 20
634 90 -2
634 325 14
634 343 -2
634 605 18
634 560 -5
634 527 -9
635 290 3
635 499 2
635 92 -3
635 72 -5
636 393 -3
636 634 5
636 154 5
636 71 2
636 357 -4
636 58 16
636 161 -9
636 70 -5
636 163 8
636 690 14
637 221 3
637 621 8
637 183 19
637 13 12
637 570 19
637 377 9
637 296 3
638 581 12
638 612 -1
638 582 16
638 591 -3
638 625 10
638 723 19
638 627 1
638 101 -2
638 334 19
639 120 2
639 213 3
639 576 17
639 452 9
639 104 19
639 596 7
639 534 -5
639 182 1
639 617 19
640 121 -4
640 465 -9
640 394 13
640 271 2
640 61 4
640 368 5
640 413 -6
640 401 12
640 554 11
641 410 7
641 406 20
641 70 1
641 199 3
641 777 -3
641 126 3
641 631 -6
642 665 10
642 753 19
642 339 11
642 604 1
642 110 14
642 594 2
642 147 9
642 395 -9
642 568 19
643 179 -1
643 683 6
643 94 13
643 290 7
643 564 2
643 164 -7
643 362 20
643 300 20
643 403 2
644 47 16
644 56 -5
644 270 12
644 588 -9
644 516 11
644 280 14
644 292 2
644 204 -3
645 773 8
645 483 20
645 663 -7
645 694 1
645 716 11
645 407 9
646 728 10
646 115 11
646 95 4
646 498 4
646 236 5
646 181 17
647 747 12
647 122 8
647 444 -5
647 442 -7
647 312 10
648 313 -7
648 498 16
648 392 -6
648 470 2
648 280 16
648 622 6
648 180 -1
648 417 -6
648 116 11
648 260 -10
648 46 10
648 528 4
649 49 18
649 40 16
649 95 -5
649 259 6
649 751 -5
649 297 4
649 773 -9
649 533 -10
650 499 16
650 86 11
650 2 -1
650 174 20
650 511 12
650 746 -2
650 442 3
650 41 16
650 555 1
650 443 -1
651 272 16
651 161 4
651 241 2
652 56 10
652 324 17
652 106 15
652 77 3
652 400 3
652 312 -7
653 398 12
653 417 10
653 196 -10
653 182 3
653 236 -6
653 394 10
653 395 9
654 457 15
654 419 -4
654 343 4
654 521 3
654 347 -3
654 118 2
654 76 -1
654 288 2
654 390 19
654 305 4
654 347 12
655 486 3
655 495 -2
655 357 -6
655 697 -7
655 772 4
655 581 -2
655 662 3
655 617 -5
655 279 -10
655 606 13
655 467 -4
656 120 -2
656 420 16
656 599 18
656 294 16
656 714 1
656 317 16
657 436 15
657 572 20
657 760 -6
657 354 4
657 718 10
657 433 -5
657 241 -6
657 618 2
657 51 12
658 738 -10
658 188 4
658 707 -4
658 385 -5
658 677 10
658 467 4
658 66 19
658 659 7
658 596 -3
658 385 -1
658 450 3
659 728 12
659 493 2
659 559 19
659 221 14
659 746 4
659 650 -3
659 677 -1
659 368 3
659 261 14
659 499 5
660 767 19
660 181 10
660 33 13
660 302 -5
660 501 20
660 608 -5
660 657 -9
660 529 -4
660 632 -10
661 498 15
661 46 7
661 473 15
661 25 11
661 151 -5
662 664 3
662 365 11
662 686 16
662 720 8
662 690 -6
662 132 2
662 192 11
662 435 8
662 499 -7
662 118 15
663 368 -2
663 494 -3
663 240 19
663 93 4
663 119 4
663 411 5
664 671 17
664 743 -3
664 397 -2
664 274 16
664 432 2
664 253 -8
664 768 4
664 522 -2
665 132 3
665 207 9
665 68 -10
665 371 12
665 299 15
665 435 13
665 518 -8
665 310 16
666 484 16
666 85 14
666 508 8
666 255 9
666 44 -2
666 662 18
666 641 -6
666 277 -10
666 580 5
667 290 3
667 214 19
667 216 12
667 355 10
667 249 14
667 85 -10
667 472 17
667 340 1
667 124 9
668 141 18
668 172 17
668 371 20
668 56 18
668 403 12
668 236 2
668 556 4
668 266 10
668 734 -9
669 759 6
669 655 -8
669 428 -5
669 189 -1
669 497 -1
669 727 -5
669 680 -7
669 521 10
669 166 -4
669 532 -7
669 606 1
669 3 6
669 47 -10
670 172 -4
670 706 9
670 281 -5
670 313 -5
670 408 20
670 53 -6
670 586 -8
670 301 -2
671 662 -9
671 375 3
671 631 -10
671 362 1
671 624 15
671 364 5
671 574 3
672 87 14
672 344 20
672 587 -1
672 710 9
672 580 14
672 572 7
673 72 9
673 456 15
673 400 8
673 623 15
673 731 19
673 552 -1
673 503 20
673 688 2
673 177 13
673 111 -1
673 538 13
674 573 -4
674 650 14
674 676 -1
674 26 -8
674 262 6
674 638 3
675 396 13
675 468 -10
675 415 12
675 104 2
675 267 -10
675 480 6
675 37 3
676 31 -1
676 758 19
676 445 -5
676 726 9
676 242 11
676 74 1
676 345 18
676 353 16
676 223 11
676 166 7
677 37 15
677 449 -8
677 505 9
677 132 3
677 70 12
677 495 20
677 384 10
677 733 12
677 443 -1
677 750 15
678 617 1
678 460 2
678 587 11
678 735 6
678 187 11
678 247 -7
679 302 20
679 219 18
679 465 5
679 168 8
679 179 -4
679 370 8
679 61 2
679 200 7
679 572 3
679 608 17
680 619 4
680 751 3
681 125 16
681 190 -3
681 601 16
681 580 19
681 379 16
681 144 5
681 73 3
681 486 15
681 528 8
681 773 3
681 104 16
682 632 16
682 471 -3
682 621 8
682 590 1
682 108 8
682 755 -2
682 210 -2
682 712 4
682 452 -3
683 738 1
683 88 -10
683 703 11
684 777 10
684 316 -4
684 49 -8
684 51 -10
684 441 11
685 198 -9
685 332 -1
685 363 9
685 677 4
685 264 18
685 125 6
685 681 -8
686 553 18
686 544 10
686 613 16
686 746 8
686 368 -5
686 57 -5
686 472 10
686 604 -8
686 431 6
686 87 3
687 115 -7
687 697 18
687 169 19
687 325 16
687 61 13
687 30 7
687 178 12
687 412 -4
688 335 5
688 71 5
688 665 18
688 770 2
688 477 7
688 438 -3
688 433 -4
688 777 -4
689 214 18
689 724 10
689 386 15
689 509 15
689 775 -6
689 514 -10
689 420 -10
689 257 -10
690 673 17
690 77 3
690 31 6
690 669 15
690 238 14
690 407 6
690 723 -3
690 721 -4
690 447 -7
691 473 4
691 372 12
691 418 17
691 589 13
691 615 -7
691 638 -1
691 186 -4
692 111 8
692 658 20
692 622 11
692 342 -6
692 220 -1
692 305 3
692 438 4
693 148 -7
693 410 11
693 679 12
693 318 11
693 350 -6
693 239 19
693 563 16
693 285 8
693 415 -3
694 143 -5
694 339 12
694 36 3
694 484 6
694 585 4
694 98 18
695 418 -4
695 689 11
695 614 12
695 107 8
695 591 6
695 86 -5
695 286 13
695 722 -9
695 555 15
696 721 3
696 197 2
696 748 3
696 666 8
696 720 -5
696 721 3
697 305 7
697 626 1
697 593 1
697 450 15
697 765 10
697 691 2
698 592 16
698 310 -4
698 204 13
698 54 1
698 676 6
699 566 3
699 640 8
699 22 -4
699 449 -4
699 198 10
699 4 2
699 321 -1
699 314 6
699 599 6
699 711 4
699 680 -6
699 75 19
700 596 18
700 458 18
700 304 -4
700 658 12
700 496 7
700 96 9
700 90 4
700 224 -9
700 580 18
700 749 -4
700 656 13
701 28 5
701 89 14
701 201 5
701 136 18
701 690 8
701 233 14
701 389 7
701 388 -8
701 281 13
701 315 6
701 85 -1
702 101 11
702 767 16
702 752 -1
702 439 13
702 632 -1
702 407 11
702 579 -4
703 392 -5
703 435 5
703 205 -7
703 767 6
703 111 19
704 631 13
704 629 9
704 18 -10
704 637 3
704 525 -7
704 730 18
704 269 -6
704 323 5
704 675 1
704 426 8
704 119 15
704 414 20
704 419 -7
705 382 -2
705 80 -3
705 154 -4
705 67 9
705 510 -8
705 613 17
705 104 -9
705 430 4
705 605 1
706 185 7
706 218 -9
706 424 18
706 570 13
706 570 17
706 460 14
706 251 15
706 101 -6
706 714 -8
707 471 -7
707 256 18
707 559 -7
707 749 10
707 518 9
707 96 10
707 617 18
707 691 20
708 399 18
708 567 20
708 524 17
708 129 15
708 511 8
708 420 19
708 342 11
708 325 18
708 287 9
709 32 1
709 236 20
709 587 11
709 574 9
709 265 12
709 544 16
709 128 13
709 472 -4
709 490 -4
709 584 1
709 166 6
710 759 13
710 459 7
710 690 -10
710 13 16
710 195 -7
710 531 14
710 420 1
710 450 1
711 203 -6
711 538 16
711 758 -7
711 345 -9
711 610 13
711 237 9
711 724 -9
711 325 -4
711 439 14
712 613 -6
712 433 -10
713 550 7
713 400 1
713 8 16
713 170 3
713 251 -5
713 633 -7
713 652 14
713 102 16
713 678 -10
714 324 1
714 84 2
714 146 8
714 293 -10
714 652 20
714 90 11
714 743 15
715 597 1
715 179 7
715 558 4
715 91 -5
715 497 -10
715 305 12
715 275 15
715 270 9
715 676 6
716 413 -10
716 758 1
716 632 20
716 423 13
716 238 6
716 510 1
716 384 4
716 250 12
716 376 10
716 607 15
716 618 10
716 71 -8
716 288 1
717 675 -3
717 52 18
717 753 9
717 540 2
717 375 9
718 149 -2
718 38 14
718 31 20
718 728 5
718 729 5
718 142 11
718 293 1
718 531 12
718 765 14
718 122 4
719 643 10
719 540 -9
719 540 13
719 14 13
719 76 -8
719 282 18
719 291 7
719 451 9
720 590 10
720 202 -7
720 697 1
720 288 1
720 479 12
720 663 9
720 110 4
720 604 -3
720 62 -3
720 129 1
720 392 -1
721 356 7
721 707 19
722 179 -10
722 687 -7
722 441 9
722 685 -10
723 256 13
723 441 8
723 471 -7
723 336 9
723 253 3
723 692 -8
723 260 9
723 526 -6
723 500 12
723 189 13
723 83 16
723 384 10
723 207 13
724 200 3
724 521 -8
724 455 15
724 315 -7
724 557 13
724 281 -1
724 485 9
724 649 14
724 413 18
724 567 11
724 708 15
724 223 4
725 74 -3
725 221 -6
725 707 7
725 718 13
725 526 20
725 542 12
725 95 3
725 689 -7
725 10 17
725 521 16
725 505 19
726 668 12
726 115 -5
726 665 -10
726 1 14
726 720 3
726 107 18
726 570 7
726 134 9
726 79 20
726 83 13
727 688 -5
727 720 15
727 474 -1
727 55 2
727 518 3
727 533 17
727 226 15
727 547 15
727 466 -5
727 556 14
727 683 -4
727 111 7
727 498 -9
728 281 16
728 302 -4
728 444 11
728 714 2
728 55 12
728 542 11
728 100 -10
729 684 7
729 243 6
729 489 2
729 664 10
730 628 15
730 464 8
730 418 11
730 47 20
730 756 15
730 501 -9
730 536 9
730 180 -1
730 210 6
731 494 -9
731 164 1
731 667 13
731 298 16
731 627 8
731 22 6
732 22 7
732 207 12
732 535 6
732 195 8
732 619 -4
732 462 -6
732 512 -6
732 480 12
732 675 2
732 691 -7
733 597 -6
733 319 7
733 383 -1
733 254 15
733 771 13
734 407 3
734 244 -3
734 741 2
734 767 15
734 401 -4
734 383 11
734 484 -9
734 775 18
734 557 8
735 48 1
735 268 5
735 674 -10
735 152 1
735 143 10
735 427 -10
735 424 -7
735 578 12
736 203 14
736 231 -3
736 214 -4
736 661 -2
736 574 14
736 744 7
736 407 -6
737 485 -7
737 330 -8
737 292 20
737 561 5
737 271 5
738 596 14
738 696 4
738 423 17
738 67 19
738 720 1
739 428 20
739 96 -4
739 65 15
739 496 7
739 234 11
739 384 11
739 357 -5
739 290 20
739 434 6
740 360 1
740 333 -6
740 743 -3
740 650 13
740 547 8
740 25 5
740 459 15
740 287 8
741 116 -2
741 90 -5
741 36 11
741 378 8
741 608 15
742 424 20
742 349 18
742 775 12
742 28 -8
742 146 -9
742 334 -3
742 451 -6
743 757 20
743 739 13
743 36 3
743 30 -10
743 586 -8
743 52 -6
743 361 2
743 269 13
743 513 14
743 754 -1
743 329 -9
743 212 1
744 298 10
744 89 13
744 214 -8
744 399 16
744 216 9
744 460 9
744 501 7
744 227 20
744 644 15
744 460 5
744 421 -2
744 184 18
744 115 7
745 298 2
745 274 8
745 329 1
745 490 -9
745 576 8
745 268 16
745 79 16
745 380 18
745 738 20
745 267 -9
745 420 16
746 331 5
746 308 1
746 747 2
746 71 19
746 218 1
746 45 19
746 456 -10
746 679 2
746 588 5
746 272 -3
747 230 -8
747 18 8
747 328 15
747 556 13
747 470 4
747 412 2
747 202 -1
747 425 -2
747 490 3
748 361 -6
748 597 13
748 609 7
748 505 -8
748 547 14
748 355 2
748 603 -4
748 453 -2
748 237 14
749 239 14
749 22 14
749 355 -9
749 262 -2
749 8 17
749 143 -7
749 771 5
749 608 4
749 19 10
749 32 14
749 182 18
750 433 18
750 562 8
750 759 3
750 699 11
750 242 5
750 347 -3
751 234 16
751 183 16
751 207 16
751 560 20
751 324 -7
751 402 4
751 738 14
751 176 -3
751 79 7
751 645 10
751 105 8
751 509 13
752 416 18
752 612 15
752 15 13
752 409 18
752 645 -6
752 721 3
752 98 -4
752 436 13
752 380 2
752 676 18
753 460 10
753 374 12
753 729 10
753 102 15
753 283 -10
753 592 17
753 766 20
753 333 8
753 303 19
753 4 16
754 711 -8
754 545 10
754 175 -9
754 317 -5
754 584 17
754 649 17
754 152 9
754 281 13
754 275 -4
754 233 -3
754 598 14
755 49 17
755 483 -5
755 110 15
755 657 3
755 17 -10
755 325 -2
755 144 8
755 668 -6
755 521 20
755 615 3
755 364 -5
756 18 13
756 128 17
756 351 16
756 484 9
756 305 -6
756 699 18
757 518 11
757 653 2
757 7 -8
757 27 11
757 239 9
757 63 16
758 314 16
758 506 -2
758 179 13
758 357 -6
758 712 -8
758 510 -3
759 225 14
759 284 -6
759 510 -1
760 667 8
760 471 18
760 351 1
760 515 15
761 40 -9
761 62 -2
761 467 7
761 728 16
761 489 2
761 312 19
761 40 -10
762 378 -8
762 404 -7
762 659 -6
762 693 12
762 693 18
762 261 18
762 689 -1
762 289 2
762 545 4
762 497 6
762 358 -5
762 31 9
763 775 19
763 345 3
763 332 2
763 167 -3
763 728 2
763 576 -10
763 728 -3
763 459 20
763 542 -8
764 228 11
764 456 9
764 120 20
764 747 20
764 597 -7
764 711 18
764 741 -4
764 348 18
764 165 13
764 687 -10
764 700 -2
764 474 5
765 126 20
765 78 -5
765 465 -6
765 775 3
765 2 6
765 230 11
766 474 15
766 82 7
766 330 -5
766 299 -10
766 129 -4
766 91 -4
766 578 11
766 413 2
766 32 14
767 755 7
767 763 -8
767 268 20
767 24 19
767 776 8
767 447 8
767 714 16
767 406 6
767 182 15
767 93 9
768 421 6
768 249 18
768 616 13
768 63 3
768 122 -5
768 141 8
768 441 4
768 530 -1
768 116 6
768 171 10
769 102 -8
769 592 -2
769 674 16
769 448 16
769 256 20
769 378 15
769 350 2
769 102 -8
769 712 -4
769 619 -7
769 534 -5
769 3 6
769 583 5
770 662 -1
770 135 3
770 662 -2
770 106 10
770 688 2
770 472 16
770 88 6
770 545 1
770 626 -9
770 760 10
770 738 -2
770 511 6
771 27 -3
771 383 10
771 35 -6
771 56 -4
771 398 9
771 425 4
771 564 -5
771 435 -4
771 442 11
771 385 -8
771 325 17
772 670 -7
772 540 -6
772 106 5
772 86 9
772 289 7
772 92 -10
772 191 17
772 208 -4
773 201 11
773 445 -10
773 384 15
774 490 16
774 475 19
774 589 17
774 310 10
775 395 11
775 35 -8
775 113 12
775 22 14
775 340 -1
775 27 16
775 79 6
775 369 11
775 412 2
776 111 3
776 355 18
776 105 7
776 125 20
776 129 -2
776 309 9
776 743 18
777 628 16
777 715 19
777 596 19
778 424 -2
778 738 1
778 604 4
778 467 17
778 369 -3
