164 4776
1 140 3
1 56 1
1 11 20
1 144 -7
1 94 7
1 10 9
1 111 17
1 89 2
1 18 -7
1 96 14
1 142 -10
1 33 15
1 17 11
1 138 11
1 2 16
1 15 -9
1 146 20
2 148 -5
2 156 17
2 163 8
2 128 -9
2 57 11
2 5 13
2 55 -1
2 75 7
2 68 -4
2 105 -7
2 157 -7
2 66 13
2 99 -4
2 33 -9
2 147 -5
2 108 -10
2 80 4
2 126 -9
2 51 3
2 5 -7
2 129 6
2 31 16
3 134 -2
3 80 2
3 60 -2
3 152 10
3 60 -2
3 135 -4
3 95 -5
3 91 7
3 65 -6
3 50 -2
3 42 4
3 152 11
3 10 12
3 87 16
3 64 -9
3 46 -7
3 2 -10
3 35 13
3 63 2
3 105 -2
3 10 -10
3 150 -6
3 85 10
3 20 -2
3 11 7
3 148 10
3 86 -3
4 129 -1
4 13 -2
4 125 10
4 96 17
4 115 16
4 2 -10
4 40 -6
4 10 16
4 142 5
4 113 5
4 138 -5
4 32 16
4 66 -6
4 88 19
4 160 -3
4 16 -9
4 127 17
4 19 18
4 70 -7
4 24 6
4 136 9
4 77 -6
4 47 14
4 62 -8
4 148 19
4 38 15
4 79 9
4 152 1
4 106 13
4 95 20
4 156 -10
4 96 -6
4 117 -8
4 33 1
4 79 -7
4 112 2
4 106 -9
5 103 17
5 163 6
5 102 -5
5 149 -3
5 39 -10
5 67 6
5 68 -2
5 8 -7
5 139 2
5 158 18
5 121 15
5 126 4
5 146 20
5 3 17
5 83 -4
5 2 6
6 154 -4
6 140 17
6 65 -10
6 79 -1
6 19 7
6 59 -8
6 162 10
6 98 2
6 7 12
6 95 2
6 140 4
6 146 17
6 102 -1
6 66 2
6 69 16
6 84 13
6 68 -6
6 19 11
6 97 16
6 106 19
6 80 -3
6 41 3
6 91 16
6 50 13
6 85 13
6 126 6
6 107 11
6 125 -3
6 91 6
6 96 10
6 59 6
6 45 1
6 133 17
6 125 18
6 155 5
6 161 2
7 22 -1
7 44 -10
7 77 -9
7 117 -2
7 119 3
7 158 6
7 152 15
7 15 5
7 152 6
7 48 18
7 77 -7
7 72 4
7 78 -9
7 20 2
7 131 12
7 141 15
7 121 20
7 162 14
7 46 4
7 120 16
7 162 -6
7 162 18
7 154 -8
7 41 -7
7 68 -6
7 10 19
7 112 -2
7 146 20
7 12 -3
7 111 -4
7 15 -3
7 53 16
7 112 -8
7 109 17
7 88 4
7 147 -6
7 156 8
8 41 9
8 7 -7
8 56 10
8 86 20
8 113 -2
8 55 14
8 54 20
8 146 -6
8 19 9
8 46 -6
8 86 -7
8 90 -4
8 111 14
8 82 -1
8 60 -5
8 82 9
8 10 7
8 100 18
8 123 -5
8 83 -3
9 144 -3
9 37 -9
9 54 16
9 159 -9
9 140 8
9 54 16
9 113 -7
9 160 20
9 45 8
9 21 15
9 111 -6
9 54 12
9 134 20
9 57 -7
9 31 4
9 52 12
9 37 -9
9 56 10
9 159 17
9 5 9
9 77 15
9 15 3
9 107 3
9 121 -6
9 23 9
9 161 7
9 134 -9
9 143 14
9 12 -8
10 43 17
10 9 19
10 36 -8
10 55 5
10 123 14
10 130 -2
10 28 -7
10 141 5
10 42 -7
10 85 6
10 81 -1
10 44 -7
10 45 1
10 143 -6
10 93 6
10 125 3
10 151 8
10 118 3
10 83 16
10 2 16
10 126 -1
10 88 -1
10 150 18
10 76 6
10 78 4
10 39 12
10 83 -1
10 159 -3
10 43 -1
10 71 4
10 164 3
10 88 1
10 113 6
10 67 -9
10 77 10
10 96 16
10 62 4
10 133 13
11 135 -5
11 137 -6
11 71 20
11 59 9
11 2 13
11 9 7
11 43 14
11 126 12
11 161 -1
11 49 5
11 3 14
11 159 15
11 89 -1
11 129 8
11 42 2
11 14 7
11 13 6
11 108 12
11 59 18
11 102 -8
11 16 9
11 7 5
11 107 14
11 115 -7
11 105 16
11 5 20
11 130 -8
11 13 1
11 133 -10
12 31 -7
12 41 -9
12 146 -7
12 122 16
12 5 -8
12 118 7
12 72 2
12 126 19
12 39 7
12 48 17
12 8 16
12 75 3
12 4 18
12 32 -1
12 17 6
12 90 10
12 21 -4
12 126 8
12 39 5
12 11 9
12 101 18
12 136 -6
12 164 4
13 25 1
13 134 13
13 65 -6
13 20 -6
13 44 19
13 43 4
13 153 18
13 98 -8
13 137 2
13 129 -9
13 22 -6
13 97 -10
13 108 -7
13 109 9
13 107 -3
13 80 11
13 117 -8
13 66 12
13 22 2
13 35 2
13 70 15
13 158 11
13 25 -3
13 69 14
13 21 17
13 34 8
13 20 4
13 34 1
13 117 -7
13 78 10
13 39 -3
13 64 -7
14 44 2
14 161 10
14 69 18
14 160 -4
14 71 -8
14 147 11
14 101 1
14 83 10
14 78 6
14 1 15
14 136 -7
14 96 5
14 40 18
14 107 2
14 25 -2
14 6 11
14 152 14
14 73 -8
14 148 12
14 52 -6
14 95 4
14 23 -3
14 134 -7
14 117 -7
14 160 15
14 115 15
14 12 8
14 164 4
14 24 18
14 71 -2
14 56 15
14 123 4
14 10 2
14 162 9
14 78 11
14 160 16
14 75 20
14 55 -7
14 141 -1
15 96 -2
15 139 18
15 124 10
15 113 -2
15 113 17
15 58 17
15 107 13
15 119 14
15 156 -9
15 128 3
15 67 -6
15 110 -6
15 13 -1
15 2 -3
15 162 -4
15 18 -9
15 155 18
15 98 4
15 120 -2
15 105 -9
15 42 8
15 152 17
15 42 11
15 96 17
15 60 5
15 161 -5
15 123 3
15 127 11
15 152 18
16 63 -9
16 1 8
16 2 10
16 98 2
16 80 2
16 65 -7
16 107 -7
16 22 20
16 19 2
16 89 16
16 76 20
16 62 17
16 48 7
16 26 11
16 79 -10
16 113 5
16 129 -1
16 7 -8
16 95 20
16 77 16
16 111 -5
16 78 3
16 96 13
16 68 13
16 136 -9
16 112 8
16 75 -1
16 77 8
16 152 -6
16 155 -7
17 121 -10
17 140 -10
17 56 13
17 97 11
17 24 2
17 160 9
17 107 12
17 45 -2
17 42 -3
17 13 18
17 12 18
17 44 -9
17 24 -2
17 49 4
17 30 -10
17 15 17
17 157 8
17 43 6
17 48 -7
17 153 -6
17 59 11
17 37 9
17 108 4
17 139 19
17 159 4
17 117 8
17 19 2
17 54 -6
17 109 11
17 100 -7
17 57 -10
17 94 18
17 94 8
17 22 -8
17 13 -2
17 129 -7
17 81 19
17 46 11
17 40 -7
17 32 12
18 50 19
18 72 11
18 127 20
18 55 17
18 47 18
18 124 14
18 49 -2
18 30 20
18 31 18
18 106 14
18 23 -5
18 12 15
18 13 -3
18 116 20
18 36 -6
18 52 17
18 10 10
18 149 14
18 81 4
18 32 16
18 14 -4
18 146 7
18 145 -9
18 87 -7
18 23 11
18 8 1
19 67 6
19 142 17
19 135 8
19 108 13
19 106 9
19 161 17
19 10 19
19 153 11
19 59 -1
19 117 10
19 136 2
19 153 -10
19 12 -7
19 40 12
19 80 8
19 103 17
19 119 4
19 3 -6
19 48 17
19 39 7
19 14 -8
19 138 12
19 29 8
19 35 1
19 147 -8
19 141 -1
19 7 4
19 33 -9
19 110 -7
19 31 16
19 158 19
19 66 7
19 60 -2
19 39 3
19 44 -3
19 73 7
19 41 4
19 150 16
20 2 -3
20 157 -6
20 66 -5
20 87 -9
20 11 8
20 137 20
20 161 17
20 113 5
20 90 -2
20 28 3
20 111 17
20 155 14
20 3 11
20 106 3
20 40 14
20 161 -7
20 107 -10
20 117 14
20 85 14
20 56 -10
20 143 8
20 25 13
20 90 -8
20 66 -3
20 111 3
20 152 13
20 135 -3
20 114 -6
20 52 -10
20 99 12
21 1 -6
21 80 12
21 23 14
21 141 5
21 63 -5
21 24 1
21 20 3
21 28 5
21 85 -2
21 63 -3
21 143 -4
21 16 11
21 61 2
21 97 4
21 23 2
21 106 16
21 79 7
21 114 19
21 107 9
21 131 16
21 27 16
21 48 13
21 74 11
21 136 -4
21 163 1
21 44 7
21 31 17
21 106 5
22 51 20
22 20 6
22 60 11
22 123 14
22 131 10
22 163 -5
22 121 14
22 139 1
22 67 14
22 98 -6
22 18 6
22 129 15
22 96 7
22 28 14
22 160 -1
22 44 -7
22 125 1
22 126 -2
22 143 20
22 72 -2
22 116 -3
22 58 -3
23 40 16
23 163 -5
23 111 18
23 100 -4
23 118 -9
23 83 9
23 36 -10
23 138 7
23 7 15
23 146 1
23 6 -3
23 128 13
23 133 12
23 59 -6
23 80 2
23 63 9
23 151 17
23 4 -8
23 11 17
23 33 14
23 124 10
23 35 17
23 79 -2
23 129 -5
23 35 -10
23 127 3
23 28 9
23 38 -2
23 162 1
23 43 15
24 80 12
24 140 -8
24 105 -2
24 74 6
24 149 -1
24 136 8
24 158 -1
24 62 10
24 160 -4
24 135 13
24 35 -2
24 116 -9
24 102 -10
24 131 -8
24 64 7
24 66 -1
24 76 11
24 84 3
24 19 5
24 38 18
24 50 13
24 53 -10
24 107 1
24 26 17
24 54 -7
24 78 -3
24 56 -9
24 82 -2
24 153 -2
24 153 7
24 136 -2
24 143 3
24 6 18
24 161 5
24 40 8
24 75 19
24 86 14
24 152 13
24 6 1
24 120 9
24 158 -10
25 103 -1
25 117 8
25 38 -4
25 56 -1
25 69 -4
25 38 12
25 152 -2
25 58 17
25 13 1
25 107 15
25 27 15
25 44 9
25 128 1
25 68 17
25 38 15
25 87 -8
26 16 3
26 127 -2
26 51 -4
26 128 -9
26 9 4
26 75 8
26 22 17
26 87 1
26 80 -9
26 160 12
26 103 4
26 117 9
26 61 12
26 60 -1
26 77 14
26 135 14
26 118 7
26 127 -3
26 151 16
26 106 12
26 51 7
26 51 18
26 148 15
26 153 12
26 23 18
26 31 -3
26 123 -5
26 38 8
26 19 -8
26 102 18
26 103 -4
27 63 19
27 75 -3
27 89 -3
27 28 -8
27 25 4
27 106 16
27 3 18
27 10 10
27 69 -1
27 12 1
27 31 -8
27 24 -4
27 163 5
27 16 -6
27 155 3
27 52 -7
27 60 -9
27 111 2
27 25 -4
27 43 19
27 94 6
27 21 -2
27 104 8
27 83 9
27 110 15
27 77 15
27 86 16
28 154 18
28 164 2
28 75 9
28 143 -4
28 41 15
28 150 -6
28 22 19
28 164 3
28 150 7
28 102 -5
28 5 -4
28 133 -9
28 89 13
28 35 13
28 46 18
28 60 14
28 159 -4
28 95 20
28 45 5
28 104 -1
28 111 1
28 7 7
28 79 1
28 44 -3
28 21 15
28 36 -2
28 14 3
29 149 5
29 39 11
29 159 -10
29 124 16
29 25 3
29 14 -5
29 40 8
29 83 -1
29 76 12
29 109 -4
29 61 5
29 98 -6
29 59 17
29 47 15
29 112 -2
29 138 4
29 52 16
29 41 -4
29 47 17
29 84 -10
30 148 -6
30 76 14
30 104 10
30 37 11
30 47 2
30 107 18
30 88 17
30 60 11
30 86 -5
30 55 16
30 49 7
30 164 20
30 148 -7
30 48 -2
30 20 11
30 4 18
30 79 5
30 44 -5
30 54 -8
30 43 -6
30 16 5
30 164 -2
31 117 14
31 35 -4
31 131 8
31 65 -7
31 42 16
31 14 14
31 119 12
31 79 6
31 120 6
31 126 6
31 124 4
31 69 -2
31 163 18
31 16 -9
31 128 13
31 41 8
31 139 2
31 112 1
31 96 16
31 18 -3
31 100 12
31 119 8
31 37 15
31 3 1
31 68 6
31 139 8
31 91 -7
31 27 10
31 158 3
31 48 -10
32 27 -10
32 65 -3
32 9 18
32 61 6
32 47 8
32 134 6
32 17 13
32 121 12
32 30 -3
32 117 -4
32 101 17
32 70 3
32 25 -2
32 36 6
32 45 -4
32 56 11
32 132 -6
32 89 19
32 40 16
32 66 -1
32 12 10
32 155 -6
32 144 17
32 6 6
32 21 16
32 56 17
32 21 -10
32 139 8
32 15 18
32 41 6
32 94 -6
32 161 3
32 55 -2
32 155 20
33 125 18
33 34 1
33 135 6
33 121 2
33 32 10
33 94 5
33 74 -1
33 39 18
33 83 16
33 25 1
33 100 -6
33 45 18
33 46 -1
33 82 10
33 143 -7
33 52 20
33 48 20
33 53 16
33 156 4
33 66 2
33 107 12
33 76 -2
33 29 4
33 131 -10
33 121 16
33 156 -6
33 46 2
33 63 4
33 135 -4
33 116 5
33 109 4
33 148 17
34 136 8
34 73 -8
34 118 19
34 115 15
34 66 -1
34 19 19
34 9 1
34 161 11
34 38 -2
34 72 -5
34 35 -8
34 156 18
34 16 1
34 36 9
34 33 -4
34 157 11
34 41 7
34 111 5
34 64 2
34 7 7
34 42 18
34 27 -3
34 12 13
34 141 -10
34 103 8
34 44 18
34 105 -9
34 155 6
34 23 5
34 101 3
35 130 8
35 151 7
35 160 4
35 164 7
35 33 15
35 84 -10
35 67 5
35 122 -10
35 15 3
35 146 6
35 113 6
35 27 4
35 31 16
35 50 -3
35 76 6
35 150 -3
35 82 -4
35 119 6
35 78 20
35 72 -8
35 6 20
35 82 8
35 119 11
35 63 -5
35 45 14
35 37 16
36 81 -2
36 72 18
36 127 19
36 140 10
36 108 12
36 69 -6
36 32 20
36 135 6
36 73 14
36 111 10
36 85 16
36 133 8
36 18 3
36 127 11
36 12 -5
36 73 13
36 87 11
36 150 2
36 17 -8
36 30 6
36 155 -7
36 129 -8
36 2 18
36 13 8
36 70 11
36 126 20
36 114 10
36 104 7
36 145 -5
36 124 6
36 26 17
37 18 10
37 74 17
37 105 -1
37 92 -4
37 82 10
37 5 3
37 103 20
37 17 9
37 132 13
37 108 -6
37 13 -2
37 131 12
37 148 8
37 7 1
37 124 15
37 158 5
37 44 -10
37 8 16
37 62 18
37 22 19
37 39 -4
37 30 8
37 149 1
37 100 5
38 88 8
38 143 5
38 40 -9
38 40 19
38 117 18
38 11 17
38 88 6
38 21 10
38 9 20
38 41 9
38 48 2
38 63 -9
38 117 -5
38 101 -5
38 160 6
38 74 18
38 157 2
38 140 16
38 59 5
38 3 3
38 141 6
38 63 18
38 12 15
38 111 3
38 35 5
38 112 14
38 155 13
39 8 3
39 53 6
39 77 -1
39 135 19
39 23 13
39 153 2
39 146 5
39 48 2
39 5 13
39 72 5
39 91 6
39 93 14
39 110 3
39 30 12
39 49 11
39 164 -4
39 70 -4
39 164 -9
39 51 -2
39 85 -7
39 121 -4
39 12 12
39 69 8
39 66 16
39 108 4
39 8 -3
39 135 20
39 67 3
39 15 17
39 14 15
40 104 -6
40 73 13
40 82 18
40 61 2
40 129 -6
40 142 3
40 73 17
40 42 -1
40 29 -7
40 1 8
40 44 -1
40 81 3
40 153 -5
40 139 16
40 152 11
40 25 20
40 25 15
40 27 15
40 44 -6
40 159 -8
40 78 19
40 122 17
40 55 20
40 12 7
40 163 18
40 60 -5
40 88 16
40 1 3
40 102 6
41 104 -9
41 107 18
41 135 15
41 68 5
41 6 17
41 34 -10
41 77 -6
41 14 12
41 38 1
41 39 9
41 45 -8
41 75 7
41 6 11
41 58 -7
41 148 6
41 28 -2
41 119 18
41 78 10
41 132 1
41 13 5
41 28 -6
41 72 -9
41 115 14
41 132 -2
41 97 12
41 77 12
41 80 12
41 125 7
41 28 20
41 30 16
41 25 -7
41 127 13
41 122 -7
41 49 5
41 9 -1
42 2 -8
42 142 1
42 139 -9
42 94 16
42 37 3
42 150 12
42 153 11
42 81 -7
42 161 -6
42 114 11
42 44 -5
42 90 1
42 93 20
42 125 -6
42 103 -10
42 33 -10
42 138 -3
42 93 16
42 87 15
42 53 6
42 71 -4
42 73 9
42 8 -6
42 46 19
42 143 20
42 39 15
42 56 15
42 151 -5
42 26 4
42 26 -6
42 49 2
43 161 -5
43 93 11
43 95 3
43 110 6
43 86 7
43 160 12
43 157 4
43 128 11
43 126 14
43 59 -5
43 116 -9
43 54 -10
43 1 10
43 111 18
43 134 19
43 12 -5
43 52 10
43 44 12
43 21 -3
43 128 -3
43 130 6
43 53 -6
43 140 -7
43 11 19
43 134 4
43 150 -8
43 35 8
43 47 18
44 18 18
44 145 16
44 133 -5
44 140 16
44 48 -8
44 153 18
44 86 15
44 38 -9
44 16 13
44 14 16
44 73 6
44 31 5
44 1 6
44 8 -6
44 100 16
44 73 16
44 159 -9
44 102 14
44 76 17
44 108 6
44 136 -7
44 12 3
44 111 15
44 22 -10
45 129 17
45 117 17
45 39 4
45 153 4
45 23 13
45 159 2
45 80 13
45 79 -9
45 97 9
45 132 12
45 89 -10
45 76 -5
45 102 11
45 145 3
45 164 -2
45 137 9
45 63 8
45 41 8
45 22 16
45 2 -4
45 97 20
45 3 3
45 48 -2
45 78 -1
45 42 8
45 69 6
45 121 8
46 17 -2
46 143 -5
46 118 1
46 84 -2
46 8 9
46 53 16
46 107 19
46 147 19
46 137 -7
46 152 -7
46 56 9
46 135 6
46 23 17
46 155 -4
46 34 12
46 104 7
46 110 14
46 100 -9
46 100 9
46 101 5
46 149 8
46 135 20
47 46 -6
47 25 3
47 162 3
47 158 9
47 58 -1
47 66 18
47 114 -8
47 98 14
47 113 -6
47 49 3
47 22 9
47 36 5
47 91 17
47 150 -9
47 51 5
47 144 17
47 77 12
47 99 -4
47 159 17
47 5 6
47 50 -4
47 127 5
47 66 -8
47 23 -8
47 107 -8
47 142 -4
47 130 5
48 89 -8
48 153 -2
48 13 17
48 74 -8
48 83 -8
48 35 14
48 129 -9
48 96 8
48 160 -10
48 64 -7
48 117 10
48 107 -3
48 146 13
48 99 3
48 78 1
48 49 9
48 126 20
48 67 4
48 138 9
48 50 -1
48 140 15
48 161 20
48 132 7
48 150 -9
48 110 19
48 163 18
48 102 -10
48 94 -4
48 104 8
48 40 13
48 137 -4
48 8 10
48 147 3
48 120 -9
48 3 17
48 160 9
48 154 10
48 86 -6
48 108 -8
49 97 -2
49 44 -4
49 139 15
49 75 15
49 44 -3
49 12 14
49 37 -2
49 89 14
49 96 6
49 52 19
49 13 1
49 104 -4
49 88 -4
49 51 13
49 98 18
49 145 6
49 10 19
49 153 1
49 83 15
49 81 4
49 136 -1
49 28 19
49 110 17
49 96 -10
49 119 11
49 44 -10
50 13 7
50 81 -2
50 46 5
50 161 3
50 90 6
50 33 8
50 53 10
50 146 -10
50 62 15
50 140 7
50 141 9
50 12 3
50 139 12
50 57 4
50 43 7
50 44 -8
50 60 16
50 117 -1
50 149 -3
50 162 18
50 17 -3
50 64 19
50 138 -6
50 21 -8
51 73 -3
51 56 11
51 82 19
51 63 -5
51 118 -1
51 47 18
51 149 12
51 73 -6
51 25 9
51 107 14
51 122 2
51 46 -9
51 109 -1
51 71 7
51 123 4
51 139 10
51 30 -4
51 133 -7
51 41 -4
51 148 -9
51 58 6
51 124 8
51 78 15
51 9 6
51 68 17
51 1 19
51 83 -1
51 78 5
51 117 19
52 1 -8
52 28 -1
52 160 5
52 88 10
52 93 7
52 54 -3
52 154 11
52 127 -8
52 79 -3
52 5 -10
52 112 3
52 5 -2
52 66 10
52 161 -10
52 53 11
52 6 -1
52 145 8
52 44 18
52 34 8
52 151 11
52 100 18
52 40 6
52 151 4
52 37 -7
52 164 -4
53 81 -6
53 88 -8
53 54 20
53 68 -9
53 109 17
53 98 11
53 81 -10
53 103 18
53 92 20
53 67 10
53 25 17
53 60 14
53 132 -3
53 35 9
53 17 -2
53 83 -10
53 1 1
53 146 -8
53 132 14
53 81 16
53 125 11
53 162 6
53 25 -2
53 148 1
53 51 -10
53 54 4
53 81 5
53 145 12
53 72 14
53 15 8
53 85 15
53 107 13
53 43 -1
54 132 16
54 83 13
54 67 -8
54 96 1
54 155 19
54 70 4
54 18 -8
54 71 -10
54 6 8
54 157 19
54 91 15
54 32 -7
54 133 4
54 2 10
54 56 -6
54 51 9
54 7 -1
54 107 -5
54 97 6
54 49 6
54 18 11
54 13 -4
54 85 -8
54 85 18
54 61 20
54 26 9
54 119 8
54 123 11
54 122 -10
54 152 18
55 111 5
55 74 -8
55 161 8
55 35 3
55 14 15
55 101 -8
55 34 10
55 82 16
55 112 5
55 73 12
55 35 2
55 28 1
55 106 3
55 19 -1
55 9 2
55 145 -2
55 7 -1
55 156 16
55 53 1
55 87 -1
55 111 8
55 16 18
55 73 3
55 25 -8
55 5 -9
55 84 18
55 110 15
55 48 20
55 48 -4
56 146 13
56 5 -5
56 144 4
56 163 11
56 116 17
56 131 9
56 25 -8
56 84 9
56 77 6
56 95 1
56 117 11
56 115 -2
56 158 16
56 63 -3
56 105 6
56 17 17
56 135 14
56 127 3
56 87 3
56 50 1
56 35 -7
56 5 5
56 40 6
56 121 16
56 163 2
56 6 17
56 112 6
56 92 -9
56 150 -10
56 160 15
56 107 -2
57 115 -10
57 116 7
57 152 2
57 86 13
57 111 5
57 123 1
57 93 13
57 39 8
57 151 7
57 22 8
57 50 8
57 91 -8
57 110 -8
57 70 13
57 42 11
57 137 17
57 27 6
57 159 -4
57 9 6
57 64 -2
57 108 6
58 153 -1
58 20 -1
58 30 16
58 116 4
58 138 5
58 130 -8
58 99 13
58 112 18
58 79 6
58 107 9
58 71 -10
58 87 1
58 16 16
58 47 -4
58 77 9
58 17 14
58 40 -1
59 159 12
59 1 5
59 41 3
59 115 1
59 144 18
59 147 -7
59 26 4
59 151 -4
59 13 11
59 116 16
59 142 16
59 47 19
59 77 2
59 129 -1
59 113 -1
59 33 -1
59 60 13
59 31 5
59 115 6
59 60 19
59 83 10
59 14 17
59 45 18
59 40 10
59 47 2
59 133 -10
59 15 14
60 126 6
60 91 11
60 83 -1
60 68 19
60 64 17
60 142 10
60 131 1
60 32 5
60 52 -5
60 32 6
60 105 14
60 26 18
60 38 -1
60 87 -4
60 143 2
60 63 11
60 142 13
60 163 -10
60 82 -6
60 31 -3
60 98 2
60 139 3
60 64 19
60 137 1
60 22 1
60 83 19
60 65 15
60 112 -3
60 154 17
60 75 13
61 118 13
61 28 14
61 135 18
61 131 -5
61 74 14
61 164 -4
61 119 12
61 97 -9
61 113 5
61 161 -7
61 143 9
61 100 -4
61 20 13
61 118 8
61 73 16
61 25 7
61 149 19
61 93 -3
61 115 1
61 22 -8
61 127 10
61 50 17
61 13 -5
61 24 -1
62 139 16
62 150 -10
62 47 15
62 92 14
62 4 -9
62 115 -9
62 119 8
62 63 -10
62 85 -10
62 59 5
62 23 -6
62 63 14
62 36 7
62 5 -2
62 162 5
62 140 -2
62 142 -4
62 45 -1
62 104 7
62 103 10
62 87 18
62 103 16
62 92 6
62 31 -6
62 163 19
62 37 18
62 64 -5
62 38 8
62 109 20
63 13 4
63 103 1
63 151 -1
63 54 7
63 67 16
63 92 3
63 55 6
63 65 19
63 161 -7
63 44 -2
63 46 -2
63 42 10
63 18 19
63 155 4
63 142 9
63 127 12
63 70 -2
63 24 -3
63 7 15
63 43 4
63 17 -6
63 140 7
64 79 5
64 158 12
64 16 16
64 87 -2
64 69 -7
64 41 -1
64 86 -2
64 161 16
64 128 -6
64 58 10
64 14 7
64 41 2
64 116 -1
64 161 6
64 95 17
64 102 -10
64 85 -5
64 142 -9
64 120 13
64 121 -10
64 44 8
64 14 18
64 8 13
64 142 10
64 93 -8
64 83 -3
64 5 -1
64 81 -2
64 40 1
64 115 -9
64 16 10
64 106 -7
64 4 2
64 132 -9
65 42 19
65 119 -7
65 17 13
65 55 -8
65 107 -2
65 107 13
65 117 14
65 96 -9
65 5 -10
65 102 4
65 93 7
65 113 7
65 126 8
65 99 -2
65 150 -1
65 11 16
65 35 -1
65 92 17
65 122 13
65 41 2
65 122 -10
65 140 -10
65 122 -5
65 102 18
65 140 -2
65 2 -9
65 85 -4
65 78 3
65 127 11
65 55 -2
65 141 -6
65 161 16
65 24 14
66 102 -3
66 14 1
66 64 -7
66 145 20
66 144 -6
66 15 -9
66 142 4
66 35 -8
66 163 10
66 161 17
66 112 -2
66 93 2
66 46 4
66 4 -2
66 2 -2
66 17 14
66 162 -4
66 16 -6
66 35 8
66 117 -1
66 147 19
66 110 6
66 68 6
66 70 -2
66 44 10
66 3 -6
66 81 1
66 17 11
66 152 -1
66 135 -1
66 158 19
66 136 11
66 2 18
66 53 -5
66 28 -6
66 89 10
66 75 17
66 5 8
66 96 -10
66 61 19
66 164 14
66 163 11
66 15 9
66 80 -8
67 140 20
67 21 12
67 140 11
67 119 13
67 86 20
67 20 3
67 30 7
67 98 10
67 35 16
67 92 4
67 126 12
67 114 13
67 112 16
67 133 -3
67 63 2
67 84 -8
67 140 7
67 63 -6
67 24 18
67 46 3
67 16 -2
67 113 -6
67 75 12
67 149 -5
67 93 7
67 154 3
67 88 17
68 12 15
68 47 2
68 164 4
68 15 20
68 103 6
68 1 -6
68 144 -5
68 77 6
68 95 11
68 42 9
68 113 -9
68 18 9
68 138 -9
68 119 2
68 129 17
68 26 13
68 40 1
68 150 13
68 100 15
68 86 8
68 39 2
68 106 16
68 114 13
68 138 2
68 88 11
68 17 2
68 18 2
68 91 18
68 84 8
69 12 -9
69 71 5
69 126 11
69 53 -10
69 107 -6
69 21 19
69 28 -7
69 130 6
69 29 -7
69 84 5
69 32 -10
69 103 11
69 81 -4
69 37 14
69 114 19
69 42 8
69 29 4
69 13 18
69 15 -3
69 126 -10
69 108 7
69 76 10
69 162 -10
69 119 -9
70 15 10
70 39 -6
70 105 10
70 17 -10
70 94 -7
70 50 18
70 116 20
70 29 1
70 61 16
70 148 19
70 150 9
70 62 -6
70 63 15
70 114 -9
70 2 -4
70 96 5
71 138 6
71 32 -5
71 54 -3
71 7 11
71 164 14
71 70 15
71 48 -6
71 34 2
71 49 -5
71 45 7
71 115 9
71 123 11
71 105 -5
71 140 8
71 153 8
71 147 5
71 40 4
71 85 2
71 46 -9
71 40 5
71 89 16
71 123 7
71 110 11
71 111 7
71 142 11
71 11 15
71 58 -7
72 141 -10
72 108 13
72 62 -1
72 92 19
72 111 -8
72 119 -4
72 98 4
72 142 10
72 125 -8
72 65 10
72 99 8
72 69 13
72 27 6
72 93 11
72 13 -6
72 101 11
72 57 -9
72 31 6
72 26 9
72 46 13
72 40 16
72 13 7
72 14 10
72 49 18
72 114 16
72 70 2
72 109 7
72 116 -10
72 144 10
72 131 -3
72 30 18
72 139 15
73 103 -5
73 5 15
73 110 -3
73 36 1
73 49 2
73 122 18
73 9 20
73 76 -2
73 162 15
73 11 15
73 31 10
73 25 -7
73 16 15
73 93 15
73 99 -6
73 48 3
73 87 10
73 80 -8
73 102 -3
73 148 16
73 139 18
73 71 -9
73 115 20
73 76 14
73 91 12
73 64 20
73 16 11
74 73 11
74 147 18
74 153 -6
74 8 14
74 69 6
74 125 -2
74 122 -10
74 113 1
74 9 18
74 87 -7
74 120 9
74 89 -2
74 89 -7
74 9 14
74 96 -7
74 70 6
74 78 19
74 94 -5
74 48 6
74 98 12
74 68 -3
74 13 10
74 131 11
74 139 -7
74 56 -4
74 85 12
74 66 12
74 142 6
74 39 -2
74 63 -5
75 71 -6
75 136 -3
75 45 13
75 27 7
75 101 7
75 158 7
75 111 11
75 26 19
75 72 3
75 54 4
75 117 2
75 158 8
75 123 -3
75 124 -10
75 40 8
75 138 -7
75 162 -10
75 91 -8
75 2 16
75 100 -10
75 142 3
75 128 -7
75 125 -7
75 79 7
75 42 -10
75 12 14
75 17 14
75 131 13
75 88 5
75 112 15
76 131 -1
76 67 20
76 48 11
76 90 15
76 50 1
76 142 19
76 13 14
76 87 -5
76 71 2
76 104 14
76 57 10
76 3 9
76 158 10
76 138 6
76 157 2
76 119 13
76 20 8
76 7 5
76 46 -4
76 71 7
76 36 -10
76 154 12
76 1 16
76 134 -9
77 112 3
77 6 -10
77 125 17
77 35 3
77 6 18
77 23 10
77 147 8
77 49 14
77 48 16
77 159 10
77 135 -2
77 58 -3
77 138 7
77 89 8
77 56 1
77 95 2
77 83 13
77 59 -2
77 124 3
77 112 -1
77 10 2
77 21 17
77 30 -3
77 14 2
77 73 20
77 97 13
77 57 10
78 87 19
78 103 5
78 36 7
78 63 -2
78 82 -6
78 160 5
78 133 9
78 42 -3
78 18 14
78 39 -5
78 109 -5
78 65 8
78 62 -7
78 47 19
78 50 -7
78 59 -4
78 109 1
78 144 -4
78 97 -6
78 11 -1
78 90 -7
78 13 12
78 125 8
78 118 5
78 38 17
78 116 8
79 109 -1
79 111 -5
79 55 -8
79 82 10
79 143 -3
79 56 -7
79 52 8
79 92 17
79 31 -3
79 109 -6
79 90 19
79 134 -3
79 29 7
79 11 13
79 145 2
79 106 -1
79 92 16
79 60 -7
79 102 9
79 15 13
79 55 -6
79 14 15
79 77 10
79 93 -8
79 131 4
79 97 -3
79 55 19
79 142 17
79 2 -4
80 158 -3
80 17 -2
80 103 -5
80 140 14
80 18 -4
80 11 15
80 91 2
80 63 5
80 51 11
80 100 5
80 140 15
80 2 -10
80 106 -7
80 44 -2
80 115 16
80 52 15
80 126 15
80 43 13
80 73 2
80 4 19
80 102 3
80 131 19
80 82 2
80 4 -10
80 37 -5
80 146 -8
80 90 4
81 40 -10
81 40 -7
81 141 17
81 73 -8
81 102 20
81 120 -2
81 164 -5
81 32 2
81 76 19
81 164 -9
81 41 -10
81 73 -1
81 11 13
81 153 12
81 131 18
81 122 1
81 47 19
81 89 17
81 27 -6
81 164 -4
81 146 13
81 56 -3
81 80 19
81 3 -1
81 34 19
81 76 -2
81 124 -7
81 46 -4
81 65 12
81 128 5
81 48 9
82 7 -10
82 72 5
82 8 -1
82 40 12
82 143 18
82 91 5
82 147 14
82 85 1
82 40 4
82 15 16
82 137 -4
82 83 17
82 54 -1
82 105 -8
82 137 13
82 129 9
82 107 -8
82 36 20
82 74 3
82 109 7
82 115 16
83 91 -9
83 154 14
83 37 14
83 41 -4
83 9 -1
83 49 -5
83 75 -4
83 43 1
83 6 8
83 4 10
83 108 -3
83 73 -3
83 17 1
83 93 -3
83 158 -4
83 152 3
83 100 20
83 30 20
83 69 -4
83 2 14
83 95 8
83 120 -9
83 59 5
83 7 19
83 126 18
83 135 16
83 39 -8
83 15 3
83 98 -6
83 32 -2
83 102 18
83 30 -4
83 46 2
83 129 10
83 116 -5
83 156 -1
84 131 16
84 82 20
84 109 -3
84 108 6
84 58 11
84 5 -10
84 109 5
84 28 8
84 85 18
84 97 9
84 4 10
84 69 10
84 34 -10
84 16 6
84 36 -1
84 55 -1
84 5 -9
84 125 3
84 112 6
84 110 13
84 157 4
84 41 -2
84 157 5
84 5 -1
84 134 9
85 149 -2
85 106 2
85 72 12
85 152 13
85 4 7
85 138 17
85 130 -10
85 103 14
85 62 6
85 32 17
85 100 -6
85 100 -9
85 78 3
85 157 5
85 67 5
85 63 20
85 25 7
85 6 10
85 57 -1
85 65 1
85 96 -5
85 158 9
85 89 15
85 119 -6
85 155 11
85 14 18
85 79 -2
85 160 17
85 141 -7
85 115 17
85 113 2
85 125 17
85 76 -4
85 8 17
85 140 4
85 114 13
85 66 11
85 19 10
85 37 7
85 70 8
85 22 6
85 105 2
85 69 -10
85 43 18
86 103 20
86 90 -7
86 157 6
86 32 -9
86 75 8
86 145 17
86 12 -8
86 52 19
86 98 -3
86 151 -4
86 9 13
86 126 -10
86 103 -6
86 58 -5
86 93 -4
86 99 20
86 89 10
86 101 5
86 95 6
87 100 -2
87 141 -7
87 56 -7
87 13 19
87 126 1
87 6 -4
87 151 6
87 41 7
87 142 -9
87 150 20
87 52 17
87 34 18
87 155 17
87 148 4
87 80 10
87 160 -9
87 72 20
87 10 3
87 17 -5
87 148 17
87 121 -5
87 107 -1
87 108 -9
87 143 4
87 125 15
87 117 -8
87 43 8
87 66 -10
87 71 3
87 119 9
87 59 -10
87 17 19
87 58 7
87 6 1
87 66 4
87 12 -5
88 48 9
88 93 -1
88 32 8
88 5 1
88 5 7
88 87 9
88 23 11
88 109 5
88 163 15
88 67 20
88 100 7
88 37 -6
88 97 -1
88 73 12
88 18 17
88 138 19
88 46 -3
88 140 13
88 6 -4
88 156 17
88 160 -9
88 76 15
88 19 -10
88 45 5
89 138 -10
89 88 18
89 29 -8
89 157 16
89 8 -1
89 112 11
89 16 9
89 94 8
89 138 -5
89 17 -5
89 164 -7
89 108 -8
89 70 -7
89 164 20
89 43 5
89 120 -10
89 160 6
89 143 -3
90 74 -5
90 9 18
90 132 -8
90 147 -9
90 75 11
90 11 14
90 40 -4
90 103 20
90 31 16
90 65 12
90 48 -6
90 125 8
90 21 -6
90 64 -3
90 87 15
90 98 -6
90 129 -4
90 29 -10
90 111 14
90 44 18
90 84 4
90 128 -7
90 114 9
90 61 13
91 143 19
91 10 3
91 154 5
91 34 14
91 2 15
91 47 10
91 45 8
91 130 11
91 90 -3
91 139 -10
91 134 19
91 151 7
91 153 6
91 80 -5
91 143 4
91 157 1
91 123 16
91 23 -3
91 4 17
91 71 -6
91 131 -6
91 78 -1
91 94 20
91 105 6
91 5 -5
91 36 17
91 107 -6
91 66 8
91 86 14
91 84 4
91 41 9
91 96 -5
91 152 4
91 19 10
92 123 2
92 29 2
92 57 18
92 42 16
92 119 5
92 114 -5
92 105 5
92 50 -6
92 77 5
92 6 3
92 91 -7
92 33 18
92 79 3
92 75 10
92 57 6
92 17 1
92 12 7
92 158 10
92 67 2
92 126 7
92 121 -9
92 29 18
92 71 6
92 79 -4
92 44 -8
92 29 5
92 32 6
93 21 -1
93 109 18
93 163 -2
93 64 3
93 15 19
93 86 3
93 159 8
93 133 17
93 7 -2
93 32 -2
93 146 -10
93 24 18
93 120 1
93 27 10
93 24 -1
93 55 19
93 76 -6
93 68 1
93 97 12
93 55 -9
93 112 10
93 62 5
93 95 17
93 44 20
93 24 18
94 10 13
94 65 -8
94 149 2
94 18 14
94 37 20
94 117 -5
94 39 -8
94 89 20
94 96 4
94 47 1
94 105 2
94 133 13
94 59 -7
94 126 5
94 96 7
94 149 19
94 146 -1
94 91 11
94 52 -1
94 86 19
94 161 -1
94 90 -5
94 42 18
94 59 5
94 103 1
94 69 -5
94 95 8
94 132 2
94 135 13
94 113 15
94 45 -1
94 2 -9
95 150 -2
95 38 -3
95 163 3
95 56 6
95 149 -1
95 83 19
95 146 13
95 97 9
95 35 -7
95 64 18
95 47 13
95 8 14
95 144 -8
95 81 3
95 84 1
95 56 2
95 144 16
95 135 -5
95 79 11
95 164 13
95 63 11
95 158 13
95 21 6
95 93 10
95 111 6
95 159 2
95 148 -7
95 140 7
95 143 4
95 93 -7
95 59 10
96 34 -5
96 109 -8
96 77 14
96 135 -5
96 68 -2
96 153 6
96 3 -4
96 161 20
96 27 1
96 36 -8
96 107 4
96 36 15
96 130 4
96 85 15
96 63 9
96 51 1
96 18 7
96 71 13
96 50 -7
96 9 2
96 74 15
96 23 18
96 78 -3
96 113 -7
96 106 -7
96 151 1
96 65 -8
96 34 -6
96 164 -8
96 53 13
96 27 -2
96 117 3
96 149 -4
96 121 5
96 27 19
96 15 7
96 1 19
96 24 5
96 78 8
97 74 10
97 104 6
97 95 10
97 150 -8
97 94 18
97 27 -9
97 65 16
97 42 14
97 109 19
97 36 16
97 118 -7
97 47 12
97 21 6
97 99 8
97 40 -10
97 64 18
97 109 6
97 41 20
97 146 9
97 4 16
97 83 14
97 112 -6
97 111 11
97 96 -3
97 102 4
97 109 -8
97 102 15
97 113 -5
97 74 1
97 58 -6
98 3 6
98 158 8
98 35 13
98 96 4
98 92 3
98 38 16
98 138 14
98 140 5
98 55 -1
98 47 5
98 47 7
98 18 13
98 138 5
98 77 9
98 123 -8
98 139 -7
98 150 14
98 151 -3
98 69 -1
98 79 7
98 156 -1
98 150 6
98 54 -8
98 100 -10
98 78 2
98 76 -6
98 71 -1
98 122 -3
98 101 -6
99 153 -7
99 117 10
99 24 20
99 35 2
99 32 14
99 158 -6
99 107 3
99 19 13
99 37 6
99 2 -6
99 63 14
99 92 -8
99 91 -1
99 62 14
99 132 3
99 90 4
99 6 13
99 38 4
99 11 16
99 38 13
99 77 7
99 161 10
99 157 -8
99 56 -3
99 147 -10
99 10 2
99 93 -6
99 49 -2
99 6 -2
99 66 -2
99 25 -3
100 90 -8
100 75 5
100 71 -8
100 73 7
100 124 9
100 130 -3
100 156 9
100 6 11
100 55 -7
100 146 -7
100 156 -2
100 85 10
100 116 13
100 77 -4
100 137 20
100 22 3
100 121 12
100 154 -10
100 43 8
100 101 5
100 65 -3
100 56 -6
100 15 15
100 5 -8
100 115 4
100 139 5
100 14 7
100 159 3
101 56 -4
101 93 7
101 87 -1
101 134 3
101 120 4
101 110 8
101 77 3
101 109 -4
101 89 -3
101 163 -2
101 157 2
101 57 8
101 139 4
101 8 16
101 36 -2
101 132 8
101 94 13
101 12 11
101 65 3
101 51 8
101 123 18
101 2 -8
102 17 9
102 95 17
102 99 3
102 80 6
102 123 -1
102 74 -4
102 162 -6
102 134 -6
102 35 11
102 37 -9
102 76 4
102 32 -8
102 64 9
102 115 -9
102 43 1
102 141 -1
102 108 -10
102 144 20
102 117 10
102 20 7
102 109 10
102 90 5
102 95 5
102 10 13
102 125 8
102 50 16
102 128 19
102 93 -5
102 146 1
103 77 -6
103 149 3
103 74 16
103 87 14
103 136 -3
103 96 16
103 65 -10
103 71 9
103 70 -10
103 125 -2
103 4 4
103 67 10
103 112 -3
103 149 12
103 15 20
103 38 15
103 135 -5
103 110 12
103 137 1
103 27 9
103 119 -6
103 161 -1
103 36 6
103 70 6
103 114 18
103 59 6
103 152 -3
103 7 -8
103 70 14
103 97 6
104 18 -8
104 87 3
104 84 -7
104 58 6
104 126 10
104 29 -3
104 63 4
104 47 1
104 83 7
104 18 13
104 38 -10
104 17 -10
104 82 19
104 108 4
104 114 -7
104 12 11
104 111 14
104 127 19
104 158 -6
104 117 4
104 1 -9
104 136 -7
104 82 18
104 113 19
104 46 8
104 164 4
104 69 19
105 71 -3
105 27 10
105 127 -6
105 143 4
105 125 -6
105 60 9
105 45 19
105 33 1
105 150 7
105 94 -4
105 30 -2
105 153 2
105 35 5
105 70 4
105 157 18
105 3 16
105 5 10
105 136 8
105 4 4
105 6 -6
105 128 -7
105 118 -4
106 53 18
106 33 18
106 40 6
106 3 9
106 49 -9
106 144 19
106 49 -3
106 16 -3
106 107 14
106 2 12
106 94 2
106 61 -1
106 44 11
106 163 20
106 95 -10
106 16 -5
106 46 4
106 18 -3
106 120 -2
106 22 3
106 110 -5
106 153 19
106 122 19
106 161 17
106 105 10
106 10 8
106 124 7
106 113 17
106 25 14
106 60 15
106 121 19
106 86 -6
106 2 -9
107 99 1
107 44 13
107 151 10
107 25 15
107 74 -4
107 115 5
107 36 5
107 43 -7
107 111 -3
107 124 17
107 3 11
107 158 19
107 102 2
107 74 -1
107 58 -1
107 84 10
107 105 -7
107 68 20
107 134 13
107 60 2
107 4 9
107 34 14
107 125 4
107 30 14
107 30 -2
107 110 12
107 56 -6
107 56 5
107 112 5
107 155 -3
107 76 11
107 20 17
107 28 -3
108 64 -9
108 9 19
108 23 9
108 12 14
108 57 -3
108 131 -5
108 56 -9
108 51 -4
108 140 15
108 103 7
108 88 7
108 102 15
108 140 14
108 39 5
108 21 14
108 64 9
108 19 -1
108 116 16
108 1 -6
108 51 -8
108 3 12
108 146 2
108 72 8
108 78 14
108 21 -1
108 111 18
108 97 7
108 17 -4
108 131 5
108 94 -3
108 125 14
108 116 10
108 13 -7
108 39 4
108 42 14
109 6 -1
109 150 -5
109 39 13
109 118 6
109 124 11
109 71 9
109 74 11
109 111 -8
109 163 19
109 81 12
109 139 11
109 119 11
109 34 12
109 134 9
109 26 13
109 116 6
109 21 1
109 94 16
109 135 17
109 8 8
109 128 14
109 94 6
109 164 -5
109 42 -3
109 45 15
109 52 -4
109 10 -6
109 122 11
110 47 -4
110 131 13
110 17 20
110 91 1
110 131 -7
110 157 19
110 81 -4
110 127 15
110 131 -2
110 26 10
110 46 16
110 3 2
110 41 -1
110 140 -9
110 52 -8
110 91 -10
110 21 17
110 135 -5
110 115 7
110 133 -2
110 32 3
110 121 -4
110 66 8
110 131 5
110 18 18
110 64 6
110 25 3
110 77 -1
110 132 6
111 41 12
111 61 1
111 157 -9
111 155 8
111 52 17
111 59 -9
111 73 2
111 139 19
111 108 4
111 120 15
111 98 6
111 148 3
111 53 18
111 123 -5
111 71 -10
111 4 3
111 124 20
111 64 1
111 115 19
111 63 3
111 48 9
111 83 18
111 146 13
111 67 6
111 78 -4
111 94 -1
111 15 -4
111 54 -5
111 89 -9
111 110 18
112 25 15
112 77 11
112 22 -9
112 104 8
112 163 19
112 28 4
112 80 -7
112 151 -5
112 54 -1
112 54 4
112 32 -2
112 11 18
112 162 13
112 115 8
112 160 8
112 135 6
112 117 14
112 3 12
112 6 -9
112 114 17
112 87 11
112 105 -1
112 73 5
113 120 2
113 83 2
113 19 -1
113 2 -1
113 130 3
113 163 5
113 119 8
113 161 -10
113 21 20
113 45 13
113 117 -8
113 35 -1
113 14 -3
113 10 4
113 83 13
113 11 3
113 94 15
113 79 10
113 18 -1
113 129 12
113 34 -9
114 97 2
114 132 7
114 72 -4
114 63 7
114 134 12
114 55 -1
114 15 17
114 25 19
114 94 -5
114 156 -4
114 124 18
114 153 4
114 106 -1
114 150 3
114 115 -10
114 131 10
114 53 3
114 85 5
114 27 -5
114 16 14
114 133 7
114 93 -7
114 144 2
114 106 6
114 22 20
114 33 2
114 164 -9
114 32 11
114 145 6
114 85 2
114 41 3
114 26 10
114 81 10
115 135 14
115 33 8
115 24 7
115 153 -3
115 71 7
115 85 2
115 18 4
115 99 3
115 97 10
115 107 16
115 155 -2
115 31 5
115 138 2
115 145 15
115 141 18
115 86 -2
115 60 2
115 47 -8
115 36 -4
115 26 13
115 116 4
115 134 11
115 138 1
115 90 -1
115 121 7
115 151 7
115 5 16
116 101 -9
116 151 18
116 101 9
116 105 10
116 137 -3
116 28 -7
116 128 -2
116 37 9
116 122 3
116 71 18
116 74 15
116 145 2
116 46 -8
116 27 12
116 12 14
116 12 9
116 11 16
116 137 13
116 132 3
116 120 -2
116 102 7
116 117 2
116 124 3
116 144 5
116 56 17
116 123 9
116 14 18
116 136 2
116 142 1
116 104 9
116 95 -5
116 9 13
116 113 -10
117 155 16
117 31 -1
117 138 16
117 55 -8
117 16 8
117 21 4
117 14 16
117 137 5
117 75 17
117 83 15
117 154 16
117 23 11
117 100 19
117 124 13
117 93 -9
117 83 3
117 137 -10
117 6 11
117 111 16
117 14 -3
117 91 12
117 59 8
117 133 -6
117 137 2
117 101 1
117 1 -2
117 161 -10
117 58 -8
117 125 -6
117 77 -5
117 108 8
117 22 4
117 26 9
118 55 8
118 146 7
118 106 -1
118 52 7
118 150 -1
118 21 -3
118 78 3
118 139 9
118 159 -6
118 10 1
118 163 2
118 58 -7
118 162 -10
118 104 17
118 158 13
118 98 -7
118 137 2
118 129 -4
118 20 8
118 18 7
118 100 10
118 36 6
118 9 13
118 145 13
118 139 13
118 158 15
118 148 17
118 73 20
118 116 -4
118 61 5
118 87 11
119 37 -4
119 132 11
119 87 9
119 24 15
119 21 15
119 1 15
119 80 7
119 57 14
119 128 -10
119 90 5
119 40 -5
119 143 9
119 42 -2
119 134 14
119 125 2
119 105 -8
119 128 -5
119 140 8
119 64 -5
119 47 15
119 46 6
119 92 10
119 35 -8
119 95 12
119 33 6
119 59 -2
119 82 -8
119 44 -1
119 148 3
119 53 15
119 112 -1
120 138 -4
120 21 -5
120 109 10
120 4 -1
120 164 19
120 164 -3
120 89 13
120 58 -10
120 151 11
120 9 -2
120 86 3
120 130 -10
120 158 7
120 63 -2
120 53 5
120 81 8
120 38 12
120 39 -4
120 140 15
120 146 16
120 157 -7
120 134 17
120 38 7
120 57 -9
120 95 4
120 118 12
120 51 4
120 68 5
120 70 -6
120 126 4
120 11 17
121 13 10
121 14 10
121 116 -5
121 126 -7
121 160 1
121 151 8
121 12 -10
121 117 6
121 149 -8
121 136 2
121 99 8
121 139 -7
121 23 -1
121 54 20
121 108 6
121 84 -7
121 134 3
121 73 -10
121 10 9
121 55 -9
121 33 14
121 12 2
121 23 6
121 138 11
121 154 9
121 147 -8
121 25 -7
121 37 9
121 159 -7
122 90 16
122 144 17
122 85 -5
122 69 -1
122 112 4
122 42 17
122 137 19
122 39 -3
122 86 20
122 110 -1
122 114 12
122 138 -8
122 154 2
122 45 15
122 73 9
122 164 17
122 117 16
122 48 6
122 130 9
122 8 3
122 96 11
122 125 14
122 70 18
122 32 8
122 59 11
122 99 -5
123 74 1
123 16 -10
123 35 7
123 83 1
123 104 -6
123 86 -10
123 11 19
123 121 11
123 116 -10
123 125 -1
123 149 8
123 64 9
123 86 -7
123 39 5
123 61 7
123 120 -4
123 110 -6
123 136 20
123 126 -1
123 36 11
123 118 16
123 21 2
123 107 12
123 59 10
123 142 -10
123 127 -3
123 151 13
123 102 14
123 83 -3
123 102 10
123 46 4
123 159 14
123 162 -8
124 68 16
124 80 -8
124 91 19
124 122 17
124 78 -10
124 8 -8
124 71 7
124 80 12
124 60 -10
124 148 11
124 65 18
124 81 -10
124 152 -8
124 164 5
124 6 3
124 54 8
124 104 -2
124 100 11
124 88 8
124 141 -10
124 101 20
124 120 13
124 83 20
124 110 19
124 111 16
124 83 19
124 61 2
124 14 17
124 69 -1
124 139 4
125 151 13
125 72 -2
125 70 -6
125 23 12
125 44 13
125 37 5
125 74 -10
125 135 7
125 145 -1
125 47 5
125 14 10
125 14 13
125 89 3
125 33 -4
125 140 18
125 143 3
125 11 -3
125 88 3
125 76 20
125 160 5
125 141 16
125 81 -9
125 48 11
125 87 11
125 12 3
125 108 16
125 65 18
125 10 -9
125 77 14
125 100 18
125 17 3
125 119 -1
125 81 15
125 70 16
125 22 -10
125 153 10
125 71 -7
125 53 5
125 21 -7
125 24 17
125 44 20
125 36 8
126 17 19
126 161 3
126 147 15
126 118 -4
126 3 5
126 138 2
126 119 -2
126 14 -2
126 131 14
126 68 19
126 85 14
126 103 9
126 66 9
126 137 17
126 43 5
126 27 -2
126 67 -8
126 145 -5
126 156 11
126 109 20
126 102 2
126 139 9
126 96 8
126 20 16
126 55 -6
126 104 16
126 118 19
126 153 12
127 156 -9
127 107 18
127 43 13
127 21 -1
127 139 18
127 17 13
127 164 19
127 42 -5
127 29 14
127 40 15
127 130 -2
127 155 -3
127 40 -7
127 104 20
127 6 2
127 150 -2
127 120 -5
127 145 5
127 76 7
127 27 8
127 140 1
127 131 12
127 53 -1
127 74 7
127 7 20
127 104 14
127 142 -4
127 19 18
127 153 18
127 95 -6
127 120 12
127 54 -7
127 14 -5
128 29 -8
128 150 1
128 13 -10
128 1 4
128 133 11
128 78 -6
128 34 12
128 1 9
128 50 -7
128 88 -6
128 76 4
128 109 4
128 160 -10
128 155 -9
128 13 -3
128 81 1
128 133 1
128 123 18
128 23 9
128 47 5
128 119 -5
128 79 13
128 40 -3
128 67 11
128 47 19
128 154 -3
128 34 13
128 68 -2
128 68 14
128 101 3
128 114 -5
128 73 1
128 115 -1
128 91 -7
128 6 17
128 13 13
128 135 17
129 43 14
129 88 17
129 122 8
129 149 10
129 15 -7
129 86 -10
129 71 -8
129 67 18
129 27 20
129 140 17
129 6 20
129 158 8
129 33 14
129 102 14
129 86 6
129 82 -3
129 44 2
129 160 7
129 153 -4
129 98 15
129 92 12
129 2 -9
129 160 15
129 2 5
129 26 11
129 57 -5
129 69 -8
129 75 -9
129 99 -4
129 75 -1
129 145 -7
129 90 2
130 39 9
130 141 14
130 136 -2
130 70 12
130 146 17
130 37 -7
130 66 16
130 97 -6
130 52 -1
130 66 20
130 18 11
130 7 -8
130 98 14
130 53 18
130 2 12
130 13 2
130 162 2
130 22 11
130 47 20
130 77 14
130 21 -9
130 22 -7
130 74 -4
130 100 7
130 63 2
130 64 -8
130 22 5
131 118 12
131 27 5
131 97 5
131 53 -8
131 48 -3
131 80 -7
131 85 -9
131 86 19
131 38 4
131 57 -7
131 35 17
131 45 9
131 159 4
131 65 20
131 141 8
131 35 10
131 156 3
131 163 7
131 96 4
131 130 13
131 54 -1
131 37 18
131 147 -1
131 162 -10
131 2 -1
131 127 -6
131 37 16
131 56 -4
131 71 16
131 73 11
131 31 -2
131 88 9
132 133 3
132 141 -5
132 106 -2
132 157 -1
132 79 20
132 11 -2
132 125 -3
132 139 -3
132 38 -7
132 6 5
132 50 15
132 49 19
132 164 -7
132 80 18
132 103 -3
132 50 19
132 6 -1
132 31 -9
132 80 -9
132 51 7
132 95 -6
132 133 3
132 27 -2
132 80 9
132 111 15
132 111 20
132 64 -5
132 93 18
132 81 3
133 100 -4
133 102 -8
133 9 12
133 138 -3
133 150 2
133 94 3
133 86 14
133 60 -9
133 111 -3
133 126 15
133 47 16
133 125 -9
133 108 6
133 78 19
133 1 -1
133 45 16
133 142 17
133 100 6
133 71 19
133 127 14
133 30 -9
133 7 -6
133 80 10
133 163 15
133 139 13
133 38 6
134 86 -5
134 90 -10
134 63 6
134 53 -8
134 56 -10
134 3 8
134 142 -1
134 144 -3
134 103 19
134 27 -3
134 31 16
134 20 12
134 128 -2
134 143 13
134 14 8
134 144 14
134 23 1
134 105 12
134 6 17
134 156 9
134 60 15
134 131 -8
135 142 10
135 136 5
135 19 15
135 60 1
135 148 6
135 80 7
135 98 -3
135 18 -6
135 148 6
135 17 -9
135 129 -4
135 152 -7
135 80 14
135 144 18
135 111 1
135 11 19
135 93 7
135 79 -8
135 87 16
135 72 4
135 140 10
135 75 -2
135 82 17
135 131 -2
135 56 5
135 136 -10
135 32 -9
135 110 18
135 97 1
135 35 -9
135 9 15
135 94 -6
135 91 16
135 6 -1
136 105 4
136 41 -9
136 123 -9
136 78 14
136 49 7
136 125 8
136 156 4
136 44 -5
136 67 19
136 128 12
136 66 -9
136 25 1
136 135 17
136 41 4
136 34 13
136 127 17
136 80 1
136 132 17
136 153 19
136 121 15
136 112 -2
136 48 15
136 145 14
136 139 4
136 27 -1
136 51 8
136 85 19
136 22 3
136 123 9
137 28 -8
137 84 -5
137 148 20
137 140 4
137 152 1
137 20 3
137 38 -2
137 50 14
137 20 6
137 129 11
137 138 5
137 18 2
137 76 19
137 11 10
137 2 17
137 93 -3
137 91 -5
137 106 19
137 1 -9
137 7 -3
137 56 -7
137 132 11
137 3 4
137 99 2
137 32 18
137 135 19
137 94 6
137 113 2
137 120 5
137 74 -1
137 134 12
137 50 13
137 162 -8
137 86 9
138 124 9
138 102 4
138 114 2
138 164 3
138 108 18
138 118 -2
138 143 -6
138 24 18
138 32 7
138 93 16
138 59 7
138 152 18
138 128 17
138 90 5
138 32 14
138 131 9
138 129 14
138 144 7
138 79 7
138 75 16
138 72 11
138 57 -7
138 134 -5
138 123 5
138 103 20
138 81 17
138 101 -4
138 101 9
138 121 7
138 16 10
138 9 11
138 110 -9
138 113 -2
138 18 5
138 164 -6
138 53 6
139 144 14
139 153 1
139 49 13
139 43 -7
139 78 2
139 49 -7
139 6 6
139 17 11
139 153 9
139 81 2
139 10 -2
139 45 -1
139 61 5
139 78 4
139 73 9
139 129 12
139 110 14
139 53 -7
139 4 12
139 130 1
139 40 13
139 76 14
139 41 14
139 61 -7
139 154 3
139 99 4
139 44 -5
139 56 7
139 40 -7
139 138 2
139 80 18
140 145 -2
140 13 -5
140 18 3
140 121 -7
140 106 16
140 117 -2
140 12 -7
140 163 12
140 15 14
140 43 -1
140 101 3
140 82 -4
140 151 2
140 90 20
140 32 4
140 77 17
140 98 16
140 162 19
140 19 -10
140 97 12
140 73 11
140 143 -1
140 53 6
140 87 6
140 44 8
140 13 18
140 97 -3
140 163 -8
140 73 13
140 71 -4
140 87 4
140 94 -3
141 103 -5
141 46 15
141 150 -4
141 124 -2
141 154 -5
141 75 18
141 59 14
141 42 18
141 86 13
141 146 12
141 145 8
141 117 -7
141 105 16
141 45 -3
141 67 -1
141 164 -1
141 124 6
141 87 14
141 25 -4
141 65 11
141 155 2
141 25 8
141 49 6
141 164 8
141 19 -8
141 50 2
141 153 -8
141 35 15
141 37 5
141 9 -4
141 67 6
141 42 -9
142 9 -7
142 23 19
142 22 -6
142 39 15
142 117 11
142 56 5
142 32 17
142 93 -9
142 102 -1
142 12 -1
142 43 6
142 42 -5
142 156 2
142 97 -7
142 40 1
142 130 6
142 151 3
142 107 16
143 141 -7
143 68 12
143 9 -2
143 67 14
143 63 13
143 114 -1
143 39 12
143 127 9
143 71 -8
143 117 -7
143 104 7
143 66 18
143 120 18
143 56 8
143 73 20
143 49 20
143 93 -3
143 92 2
143 99 10
143 2 -8
143 119 -4
143 87 10
143 66 6
143 127 7
144 99 11
144 42 14
144 10 -9
144 75 8
144 148 16
144 66 -7
144 23 -10
144 133 9
144 53 19
144 23 8
144 3 -3
144 4 6
144 141 -7
144 84 11
144 65 -9
144 159 20
144 152 -1
144 48 16
144 58 14
144 66 18
144 81 14
144 50 20
144 63 10
144 91 17
144 18 -5
144 110 8
144 20 5
144 101 -4
144 104 19
144 139 17
145 120 -3
145 159 9
145 23 13
145 157 13
145 68 13
145 111 -3
145 75 12
145 114 -9
145 25 9
145 79 -9
145 41 -1
145 12 9
145 127 -1
145 143 -4
145 133 -10
145 74 6
145 15 11
145 128 -9
145 37 19
145 119 16
145 138 -6
145 147 -6
145 36 12
145 97 6
145 124 16
146 72 -1
146 96 -7
146 22 8
146 41 18
146 13 16
146 117 -4
146 60 10
146 32 -10
146 17 -5
146 81 -10
146 108 9
146 126 -9
146 94 -3
146 14 -1
146 13 3
146 113 5
146 82 -6
146 43 -6
146 10 13
146 42 6
146 49 -3
146 75 -6
146 144 17
146 63 8
146 84 -2
146 3 9
146 25 4
146 31 -3
146 4 1
146 26 4
146 125 19
146 95 3
146 93 4
146 138 -1
146 23 14
147 58 15
147 109 7
147 20 3
147 11 -1
147 31 -1
147 83 15
147 131 18
147 133 9
147 132 9
147 80 3
147 43 -6
147 75 3
147 52 19
147 22 -5
147 150 6
147 139 -6
147 57 9
147 32 17
147 23 2
147 129 -2
147 43 10
147 15 -7
147 46 -7
147 43 7
147 119 17
147 134 5
148 93 -5
148 33 14
148 27 -8
148 104 5
148 157 -4
148 42 7
148 10 6
148 3 19
148 137 7
148 62 6
148 56 2
148 58 16
148 70 16
148 115 16
148 33 9
148 1 -9
148 13 -9
148 110 11
148 91 -3
148 125 -8
148 119 3
148 123 18
148 94 9
148 61 8
148 126 -10
148 39 -2
148 103 -5
148 159 12
148 113 10
148 66 -2
149 9 16
149 46 7
149 129 7
149 153 12
149 122 5
149 66 12
149 65 10
149 24 18
149 124 7
149 111 19
149 23 1
149 84 17
149 42 12
149 4 -8
149 136 -9
149 68 12
149 25 -1
149 137 -9
149 114 13
149 99 2
149 151 20
149 84 17
149 137 -4
149 142 7
149 103 -8
149 72 8
149 26 8
149 61 9
149 164 1
149 56 7
149 142 7
149 152 9
149 104 20
149 77 6
149 99 6
149 26 17
150 89 8
150 7 18
150 125 -5
150 19 20
150 125 -8
150 164 20
150 32 -6
150 3 11
150 4 -7
150 127 -10
150 51 3
150 45 6
150 159 14
150 112 15
150 135 14
150 133 17
150 47 -5
150 61 12
150 83 -9
150 122 6
150 72 17
150 8 -3
150 24 8
150 138 16
150 48 13
150 51 -8
150 33 13
150 109 -4
151 72 -9
151 141 7
151 93 10
151 62 -8
151 32 11
151 35 -8
151 139 -10
151 54 1
151 90 13
151 109 8
151 100 -4
151 71 -10
151 157 18
151 6 12
151 1 -2
151 13 4
151 91 3
151 11 13
151 49 7
151 139 -2
151 96 -7
151 62 1
151 129 -2
151 137 10
151 102 -8
151 120 13
151 48 11
151 51 6
151 118 13
151 84 6
151 44 20
151 80 13
151 127 15
151 116 3
152 40 5
152 19 13
152 107 15
152 82 19
152 78 5
152 67 13
152 48 2
152 153 10
152 159 -10
152 113 -1
152 14 -2
152 141 5
152 76 -4
152 82 2
152 39 11
152 130 -4
152 161 10
152 121 20
152 111 -2
152 123 10
152 122 -7
152 9 6
152 155 4
152 80 4
152 133 13
152 105 10
152 18 20
152 21 16
152 146 2
152 4 4
152 136 2
153 107 12
153 82 5
153 149 -8
153 21 -2
153 126 10
153 69 6
153 140 10
153 44 7
153 8 13
153 48 -5
153 5 6
153 38 19
153 37 8
153 21 -7
153 120 6
153 103 9
153 15 12
153 163 11
153 48 -6
153 20 11
153 144 11
153 140 7
153 148 -2
153 13 -4
153 78 -2
153 123 19
153 34 -7
153 62 13
153 154 2
153 3 6
153 29 8
153 78 14
153 78 -3
153 16 -3
153 66 -2
153 21 2
153 72 19
153 43 7
153 7 14
154 100 4
154 21 1
154 123 8
154 109 -9
154 27 -9
154 110 -2
154 24 6
154 78 6
154 125 15
154 20 1
154 69 -10
154 57 -8
154 19 7
154 122 18
154 159 1
154 63 11
154 58 2
154 115 6
155 4 -10
155 33 13
155 54 -2
155 87 18
155 145 6
155 44 -8
155 125 -3
155 102 -6
155 115 12
155 108 1
155 102 7
155 50 20
155 78 -4
155 145 9
155 104 2
155 14 11
155 10 6
155 85 -3
155 104 17
155 151 6
155 6 17
155 62 13
155 79 3
155 46 18
155 26 -7
155 63 15
155 129 6
155 128 -8
155 149 16
155 97 9
155 133 -7
155 49 6
156 25 -1
156 119 -4
156 144 -7
156 101 18
156 105 7
156 99 13
156 74 17
156 68 17
156 128 3
156 63 -7
156 87 -3
156 6 5
156 54 -10
156 10 -6
156 157 -5
156 50 -2
156 73 -10
156 90 7
156 15 -1
156 145 4
156 5 -6
156 103 10
156 14 8
156 41 -2
156 107 -6
156 20 2
156 161 -6
156 97 1
156 30 6
156 71 -9
156 108 -2
156 161 9
157 75 7
157 24 2
157 22 3
157 162 -9
157 67 -9
157 163 6
157 66 13
157 40 4
157 78 10
157 50 7
157 88 15
157 42 -9
157 113 -5
157 130 12
157 41 4
157 36 -2
157 1 18
157 80 -6
157 35 10
157 83 11
157 43 -6
157 76 20
157 89 -10
157 129 2
157 61 -6
157 27 9
157 11 -9
157 50 6
157 2 7
157 71 -3
157 90 -2
157 31 5
157 133 -8
157 5 5
158 63 5
158 32 9
158 1 9
158 69 17
158 78 -10
158 137 8
158 56 15
158 91 -7
158 22 14
158 7 6
158 121 10
158 91 -10
158 81 15
158 126 -6
158 119 16
158 65 2
158 67 12
158 77 2
158 92 2
158 40 -9
158 75 3
158 145 16
158 81 1
158 130 2
158 157 -2
158 10 -8
158 136 -9
158 8 -1
158 68 1
158 60 6
159 122 9
159 128 -4
159 88 -6
159 61 10
159 139 6
159 143 10
159 162 18
159 95 13
159 102 14
159 47 2
159 149 17
159 112 14
159 80 -8
159 108 -6
159 42 15
159 107 3
159 96 11
159 23 -7
159 17 7
159 95 12
159 88 -9
159 47 -4
159 112 15
159 111 -4
159 115 20
159 33 -8
159 42 9
159 8 6
159 3 2
159 153 -3
159 155 -10
159 126 13
159 41 -10
159 117 -7
159 23 4
159 158 1
159 29 3
159 13 -2
159 146 2
160 163 7
160 113 19
160 89 -10
160 148 10
160 127 17
160 18 -3
160 90 -3
160 99 -1
160 92 20
160 155 18
160 151 -8
160 68 7
160 42 1
160 126 20
160 122 9
160 153 -2
160 60 18
160 98 9
160 105 17
160 75 18
160 161 -3
160 9 15
160 84 9
160 91 13
160 121 -8
160 53 5
160 132 1
160 118 8
160 114 9
160 55 2
160 162 -2
161 88 -1
161 74 -6
161 115 9
161 162 7
161 22 8
161 152 9
161 145 18
161 153 13
161 98 -2
161 78 -7
161 30 7
161 51 -5
161 63 20
161 77 5
161 85 11
161 69 8
161 137 12
161 30 9
161 140 18
161 124 15
161 25 20
161 86 2
161 103 7
161 50 -2
161 153 11
161 63 16
161 152 19
161 76 -3
161 38 11
162 152 3
162 46 18
162 123 15
162 53 18
162 62 18
162 108 6
162 72 -7
162 115 -5
162 33 15
162 107 -4
162 2 9
162 103 18
162 136 8
162 111 -5
162 57 3
162 34 13
162 29 4
162 92 -9
162 73 -9
162 87 7
162 46 1
162 114 17
162 86 -9
162 68 6
162 144 1
162 133 19
162 77 -9
162 88 3
162 156 15
162 67 4
162 122 14
162 10 3
162 67 -7
162 127 10
162 160 -10
162 8 -4
162 92 10
163 25 -6
163 35 -5
163 115 -1
163 17 6
163 11 9
163 150 -4
163 37 -5
163 51 7
163 54 12
163 148 -7
163 56 8
163 143 -9
163 143 15
163 85 14
163 68 15
163 134 15
163 159 -3
163 52 20
163 146 2
163 96 -6
163 41 14
163 31 -5
163 142 10
163 75 9
163 11 15
163 117 14
163 113 4
163 43 -3
163 91 19
163 135 13
163 85 -2
163 92 12
163 106 15
163 142 17
163 148 -2
163 88 10
163 16 -1
164 42 -8
164 14 11
164 42 13
164 158 -4
164 158 7
164 143 -8
164 103 -7
164 77 18
164 149 11
164 157 -7
164 107 -1
164 1 -5
164 141 -2
164 2 7
