199 9763
7 5 14
8 1 13
8 3 7
8 6 -9
8 7 15
9 1 20
9 3 -4
10 1 -2
10 4 7
10 6 -1
10 7 5
10 8 10
11 1 4
11 2 7
11 5 8
11 6 16
11 7 -1
11 8 -6
12 7 13
12 9 -9
13 2 -4
13 3 8
13 5 1
13 7 3
13 8 -7
13 9 19
13 12 17
14 1 17
14 2 5
14 4 -5
14 6 4
14 8 -6
14 9 10
14 10 16
14 13 11
15 1 -9
15 4 10
15 6 1
15 9 -1
15 11 -9
15 14 18
16 3 15
16 4 1
16 5 -10
16 7 17
16 9 -7
16 12 14
16 13 13
16 15 5
17 2 -5
17 5 6
17 6 13
17 8 10
17 12 5
17 15 9
17 16 11
18 6 7
18 7 15
18 11 12
18 13 6
18 14 15
18 15 20
19 3 7
19 4 19
19 5 -2
19 7 -7
19 12 8
19 14 -2
20 3 -1
20 7 2
20 8 18
20 14 1
20 15 -7
20 17 -8
20 18 12
21 1 17
21 2 -4
21 4 -9
21 6 18
21 8 -9
21 9 -2
21 11 -2
21 13 -9
21 15 -3
21 18 -3
21 20 11
22 1 16
22 2 -8
22 3 9
22 5 -6
22 6 12
22 8 15
22 9 -6
22 10 3
22 13 14
22 15 13
22 16 19
22 17 -2
22 20 7
23 2 20
23 8 4
23 9 -1
23 11 -6
23 15 16
23 16 10
23 19 -6
23 22 7
24 1 -10
24 4 2
24 6 -2
24 7 19
24 10 -1
24 11 -8
24 15 -10
24 16 9
24 19 2
24 22 -4
25 3 -6
25 5 -2
25 6 7
25 7 2
25 11 2
25 14 4
25 16 18
25 21 15
25 23 -7
25 24 2
26 1 3
26 4 -10
26 5 8
26 6 17
26 9 7
26 12 3
26 13 -2
26 15 16
26 18 -2
26 19 -10
26 20 -7
26 23 -8
26 25 -1
27 2 12
27 3 7
27 5 18
27 6 18
27 8 7
27 9 -9
27 15 -10
27 17 20
27 19 4
27 22 14
27 25 14
28 1 -4
28 2 2
28 3 -2
28 6 20
28 8 20
28 9 6
28 11 -4
28 12 10
28 15 1
28 16 -4
28 17 1
28 18 -3
28 21 8
28 22 15
28 24 11
28 25 2
28 26 17
28 27 -9
29 1 13
29 2 -5
29 3 10
29 5 10
29 7 20
29 9 15
29 12 5
29 13 11
29 15 7
29 16 -5
29 18 13
29 19 -5
29 20 18
29 22 -4
29 27 14
29 28 10
30 1 2
30 2 -7
30 4 16
30 5 1
30 7 -9
30 8 -8
30 9 -2
30 12 -5
30 14 -1
30 16 11
30 18 15
30 22 -2
30 24 19
30 28 12
31 7 17
31 8 20
31 10 18
31 11 8
31 13 4
31 15 14
31 16 5
31 17 8
31 18 -7
31 19 11
31 23 -9
31 24 16
31 25 -5
31 26 -2
31 28 20
32 3 7
32 4 5
32 9 11
32 10 -7
32 11 -6
32 12 6
32 15 19
32 16 12
32 17 -3
32 19 13
32 21 -4
32 22 -3
32 23 18
32 27 16
32 28 -4
32 29 9
32 31 16
33 1 2
33 2 -9
33 4 -8
33 5 18
33 6 -6
33 7 9
33 14 15
33 15 13
33 18 20
33 20 -2
33 22 -9
33 23 -1
33 24 -7
33 32 12
34 3 -3
34 6 6
34 7 9
34 9 -10
34 14 5
34 15 10
34 16 -9
34 18 16
34 19 5
34 20 16
34 26 1
34 27 11
34 28 -4
34 29 10
34 32 5
34 33 20
35 2 17
35 8 -3
35 9 -2
35 10 16
35 11 -1
35 16 -4
35 20 18
35 21 -7
35 24 20
35 26 9
35 27 -1
35 29 3
35 32 6
35 34 2
36 2 -1
36 3 -4
36 5 1
36 8 6
36 10 13
36 11 4
36 12 -9
36 16 11
36 19 11
36 23 -9
36 27 12
36 28 -10
36 29 10
36 30 20
36 32 16
36 34 8
37 4 1
37 5 13
37 6 -8
37 8 2
37 9 -10
37 10 11
37 12 3
37 13 2
37 15 10
37 17 -8
37 18 -6
37 19 -2
37 21 20
37 23 -7
37 27 1
37 28 12
37 32 10
37 33 4
38 1 6
38 6 10
38 7 4
38 8 -7
38 10 -10
38 13 11
38 15 2
38 18 2
38 19 -7
38 23 -9
38 24 11
38 25 4
38 28 17
38 29 -3
38 30 20
38 32 7
38 33 8
38 34 -7
38 35 15
38 37 18
39 1 -1
39 4 6
39 5 12
39 6 14
39 10 11
39 11 2
39 12 -2
39 17 18
39 18 -8
39 21 7
39 23 10
39 26 -1
39 27 19
39 28 20
39 29 14
39 32 6
39 33 11
39 34 -3
39 35 2
39 38 9
40 1 -5
40 3 19
40 4 6
40 5 15
40 6 19
40 7 19
40 8 14
40 10 -9
40 11 9
40 12 17
40 13 8
40 16 -7
40 18 -7
40 20 14
40 21 5
40 23 13
40 25 2
40 29 -10
40 30 19
40 31 3
40 32 18
40 33 19
40 35 15
40 36 11
40 37 20
40 39 -3
41 4 2
41 5 15
41 7 -5
41 9 18
41 10 3
41 13 4
41 14 -1
41 16 8
41 19 12
41 21 11
41 22 -8
41 25 2
41 26 15
41 30 7
41 31 -4
41 32 3
41 33 19
41 34 8
41 36 3
41 37 -4
41 38 2
41 39 -2
41 40 -3
42 5 19
42 6 -2
42 7 5
42 8 4
42 17 2
42 18 -7
42 19 -3
42 21 13
42 23 -1
42 24 -1
42 26 7
42 27 -8
42 29 2
42 30 -4
42 31 10
42 33 7
42 35 -2
42 36 -2
42 40 2
43 1 12
43 3 7
43 4 18
43 6 20
43 9 14
43 10 9
43 13 1
43 14 -8
43 15 -5
43 18 10
43 19 2
43 20 7
43 21 -6
43 22 9
43 23 2
43 26 16
43 27 1
43 29 8
43 30 8
43 31 -5
43 32 2
43 33 5
43 34 9
43 42 16
44 1 3
44 4 -5
44 6 4
44 11 19
44 12 -9
44 14 1
44 15 13
44 16 16
44 19 -2
44 22 3
44 23 3
44 24 17
44 26 -9
44 29 1
44 30 12
44 31 20
44 32 -2
44 36 6
44 37 2
44 38 -7
44 39 15
44 40 14
44 41 7
44 42 -7
44 43 4
45 2 -8
45 4 19
45 6 -4
45 7 17
45 10 15
45 13 -5
45 14 7
45 16 15
45 18 -5
45 24 -1
45 26 -6
45 31 -2
45 32 1
45 33 5
45 34 -10
45 37 -3
45 39 15
45 40 7
45 41 4
45 42 15
46 2 -6
46 3 8
46 4 15
46 7 -5
46 8 5
46 9 8
46 10 6
46 13 -6
46 15 -1
46 17 -9
46 19 -3
46 21 3
46 23 1
46 25 -3
46 26 -3
46 28 14
46 29 -4
46 32 -5
46 33 -5
46 34 9
46 39 17
46 40 -2
46 42 -3
46 44 6
47 2 -1
47 3 -5
47 4 19
47 5 4
47 6 10
47 7 20
47 10 12
47 12 -9
47 16 -2
47 19 4
47 22 6
47 25 -4
47 26 -10
47 28 9
47 29 -8
47 30 17
47 31 -4
47 33 15
47 35 19
47 38 3
47 39 11
47 41 -9
47 42 14
47 44 4
47 45 13
48 1 12
48 2 20
48 4 10
48 6 17
48 7 -5
48 8 18
48 10 -4
48 13 4
48 16 11
48 17 9
48 21 -3
48 23 -7
48 24 -1
48 26 7
48 27 -5
48 31 8
48 33 -9
48 34 15
48 36 -9
48 40 9
48 41 6
48 42 19
48 43 -1
48 46 20
48 47 -6
49 1 3
49 2 -4
49 3 3
49 5 17
49 7 -6
49 8 3
49 10 3
49 12 -4
49 13 2
49 14 -1
49 15 18
49 16 17
49 20 -5
49 22 -6
49 23 -9
49 24 13
49 26 8
49 28 1
49 31 -10
49 32 15
49 35 -8
49 36 12
49 37 4
49 38 -9
49 39 12
49 40 14
49 41 8
49 42 3
49 45 12
49 46 -1
49 47 13
49 48 20
50 1 5
50 3 8
50 4 3
50 5 5
50 6 9
50 10 11
50 11 3
50 14 4
50 15 8
50 17 -10
50 18 -6
50 20 6
50 21 -6
50 22 6
50 23 20
50 24 2
50 25 13
50 26 10
50 28 11
50 29 -5
50 31 2
50 32 12
50 34 -1
50 35 -9
50 38 11
50 39 14
50 40 16
50 41 -4
50 42 9
50 43 -8
50 47 20
51 1 5
51 3 -1
51 4 20
51 6 4
51 10 -5
51 11 -3
51 12 4
51 16 7
51 22 6
51 23 4
51 25 3
51 26 -10
51 27 -4
51 28 10
51 29 18
51 30 14
51 31 1
51 35 -1
51 36 -2
51 38 -1
51 39 13
51 40 17
51 41 6
51 43 3
51 44 9
51 45 17
51 47 18
51 50 5
52 3 14
52 4 -7
52 6 3
52 8 19
52 10 1
52 11 -1
52 12 6
52 14 -6
52 16 -7
52 18 8
52 23 6
52 29 -9
52 31 -6
52 32 -3
52 34 5
52 35 -5
52 40 19
52 41 17
52 42 -5
52 43 12
52 46 -5
52 47 3
52 48 -5
52 49 5
52 50 13
52 51 8
53 1 14
53 2 3
53 4 18
53 5 -1
53 7 12
53 11 4
53 12 10
53 13 8
53 15 -10
53 16 12
53 19 15
53 20 15
53 22 3
53 23 10
53 26 2
53 27 20
53 28 14
53 31 -2
53 33 -5
53 34 -7
53 35 17
53 36 -9
53 39 -5
53 40 12
53 41 2
53 42 7
53 47 6
54 2 -10
54 5 -5
54 6 -8
54 9 5
54 10 1
54 11 6
54 12 -5
54 14 -7
54 16 15
54 17 13
54 19 -3
54 20 7
54 21 7
54 22 -7
54 23 14
54 24 -5
54 25 12
54 26 -6
54 27 8
54 29 9
54 33 9
54 34 1
54 35 4
54 36 -6
54 37 5
54 38 14
54 41 14
54 43 8
54 44 19
54 45 19
54 48 3
54 51 -7
54 52 3
54 53 -4
55 1 16
55 3 3
55 10 19
55 11 9
55 12 -4
55 13 -8
55 16 9
55 18 -4
55 27 -4
55 28 -7
55 31 3
55 32 9
55 34 -3
55 35 13
55 36 5
55 38 -2
55 39 -4
55 40 -6
55 47 4
55 48 2
55 54 18
56 2 -9
56 4 -8
56 8 -6
56 9 9
56 11 3
56 12 -8
56 13 1
56 14 7
56 16 -2
56 19 4
56 22 13
56 23 -3
56 24 -1
56 26 -6
56 28 9
56 29 12
56 32 2
56 34 18
56 35 4
56 36 5
56 38 -6
56 41 6
56 42 -8
56 43 12
56 45 19
56 48 5
56 49 -9
56 51 -5
56 52 18
56 53 10
56 55 13
57 3 9
57 4 11
57 5 16
57 6 2
57 7 17
57 9 16
57 12 -1
57 13 1
57 14 10
57 15 -9
57 17 7
57 22 6
57 23 5
57 24 -3
57 25 -3
57 30 11
57 33 8
57 37 6
57 38 7
57 39 4
57 40 -1
57 42 5
57 43 13
57 46 1
57 48 8
57 56 8
58 3 6
58 5 8
58 6 16
58 8 20
58 11 -8
58 12 3
58 14 1
58 15 -3
58 16 13
58 19 -2
58 20 4
58 22 15
58 23 8
58 26 10
58 29 13
58 31 -3
58 32 10
58 33 13
58 34 15
58 35 19
58 36 -8
58 37 12
58 40 19
58 43 15
58 44 -2
58 46 11
58 47 13
58 48 -2
58 49 3
58 50 4
58 53 4
58 56 5
58 57 8
59 2 -10
59 7 -1
59 8 12
59 12 19
59 14 1
59 15 -8
59 16 -9
59 23 14
59 27 10
59 31 8
59 34 16
59 35 -4
59 36 9
59 37 12
59 40 6
59 41 20
59 43 19
59 44 2
59 46 19
59 47 10
59 48 -4
59 49 -2
59 55 1
59 56 20
59 57 11
59 58 14
60 2 -8
60 6 9
60 8 6
60 9 8
60 10 13
60 11 -10
60 13 -2
60 18 -8
60 20 -1
60 22 -2
60 24 -1
60 31 5
60 32 -2
60 34 -6
60 35 -10
60 38 11
60 41 -10
60 42 3
60 43 -6
60 45 17
60 46 14
60 47 -7
60 49 -10
60 50 -9
60 51 11
60 52 -2
60 56 14
60 59 4
61 1 2
61 2 -4
61 6 -9
61 7 -2
61 8 -2
61 9 -10
61 10 -10
61 12 8
61 13 17
61 15 -7
61 22 2
61 23 -7
61 26 -3
61 28 14
61 33 -9
61 37 14
61 44 13
61 46 5
61 48 5
61 49 10
61 51 12
61 53 4
61 54 18
61 56 8
61 58 -2
61 59 18
61 60 5
62 1 -3
62 4 16
62 5 12
62 8 7
62 11 10
62 18 -5
62 20 14
62 22 1
62 25 4
62 27 2
62 28 19
62 29 1
62 30 19
62 31 12
62 34 -4
62 36 9
62 38 8
62 39 -5
62 41 20
62 45 11
62 46 -9
62 47 15
62 48 -8
62 50 14
62 51 16
62 52 -8
62 53 18
62 55 7
62 57 16
62 58 8
62 61 6
63 2 -5
63 3 -4
63 4 1
63 6 11
63 8 16
63 9 20
63 10 5
63 12 2
63 14 17
63 15 8
63 16 14
63 17 4
63 18 -10
63 20 -5
63 21 2
63 23 15
63 24 1
63 30 -3
63 31 14
63 36 14
63 41 9
63 42 1
63 43 -10
63 45 11
63 46 14
63 47 15
63 48 9
63 49 -2
63 54 7
63 56 18
63 60 7
63 62 9
64 1 8
64 4 6
64 7 8
64 8 -5
64 12 4
64 13 -4
64 16 6
64 17 -4
64 22 14
64 26 16
64 35 -7
64 36 -3
64 37 9
64 38 5
64 39 -8
64 40 -5
64 41 6
64 42 -7
64 46 5
64 49 13
64 52 -2
64 54 -2
64 59 18
64 60 -7
64 61 12
64 62 14
64 63 -7
65 2 -2
65 4 4
65 6 -8
65 9 19
65 15 6
65 17 -4
65 19 8
65 24 5
65 29 11
65 32 17
65 34 -2
65 35 -3
65 39 9
65 41 -1
65 44 4
65 45 8
65 49 19
65 50 20
65 51 -2
65 52 4
65 54 7
65 57 16
65 60 12
65 62 7
65 64 1
66 2 1
66 3 13
66 5 3
66 7 12
66 9 8
66 10 9
66 11 15
66 13 -1
66 18 -10
66 20 17
66 22 3
66 23 13
66 24 8
66 34 6
66 35 2
66 44 17
66 47 13
66 48 11
66 51 -5
66 52 5
66 53 5
66 56 -7
66 57 10
66 58 16
66 64 17
67 1 3
67 2 14
67 3 -4
67 4 -3
67 6 5
67 9 -2
67 10 10
67 11 6
67 12 11
67 13 15
67 14 10
67 15 -5
67 16 10
67 21 5
67 22 8
67 26 -2
67 27 12
67 28 16
67 30 15
67 31 7
67 35 -6
67 36 2
67 39 20
67 40 11
67 42 5
67 43 12
67 45 5
67 46 -6
67 47 14
67 48 2
67 49 1
67 50 3
67 52 -1
67 53 -7
67 57 5
67 59 9
67 60 -1
67 61 -10
67 63 -7
67 65 13
67 66 -10
68 1 1
68 10 11
68 11 -10
68 13 2
68 14 -4
68 16 10
68 17 5
68 18 -10
68 19 -5
68 21 9
68 24 3
68 27 8
68 28 6
68 29 -2
68 33 4
68 35 -9
68 41 -1
68 43 18
68 44 -6
68 45 17
68 46 -1
68 48 -4
68 49 -4
68 51 19
68 52 -1
68 53 13
68 54 6
68 56 12
68 60 -8
68 61 -7
68 64 10
68 65 10
69 2 9
69 4 -2
69 7 5
69 9 19
69 10 -3
69 11 -10
69 12 15
69 13 8
69 14 8
69 15 13
69 17 7
69 19 -4
69 20 19
69 21 5
69 22 11
69 23 -4
69 24 -10
69 27 -1
69 30 12
69 31 -6
69 32 1
69 34 -9
69 35 -2
69 36 2
69 39 4
69 41 7
69 43 10
69 44 13
69 46 -9
69 47 -3
69 49 8
69 50 1
69 51 -6
69 52 1
69 57 4
69 58 1
69 59 10
69 63 -5
69 67 1
69 68 -4
70 4 -10
70 7 20
70 9 10
70 10 3
70 11 13
70 13 13
70 14 2
70 18 20
70 19 -5
70 20 10
70 22 5
70 24 7
70 25 12
70 26 18
70 27 -7
70 29 13
70 30 7
70 32 5
70 33 -3
70 36 -5
70 38 -6
70 40 6
70 41 16
70 42 20
70 43 1
70 46 -3
70 47 -3
70 48 -2
70 49 8
70 50 11
70 53 18
70 54 6
70 55 15
70 56 3
70 58 10
70 60 -10
70 69 -2
71 1 5
71 4 -10
71 6 5
71 8 6
71 10 -2
71 11 1
71 12 -5
71 17 5
71 21 20
71 22 13
71 26 15
71 27 11
71 30 11
71 32 4
71 34 13
71 36 3
71 38 -7
71 41 8
71 43 -3
71 44 4
71 45 16
71 48 3
71 49 3
71 53 6
71 57 -8
71 58 -9
71 59 9
71 62 16
71 63 11
71 64 10
71 65 15
71 68 1
72 1 8
72 2 -5
72 11 20
72 13 11
72 15 -1
72 16 -4
72 19 6
72 20 -8
72 24 8
72 25 -1
72 29 -7
72 31 -4
72 34 18
72 35 -3
72 39 11
72 40 12
72 42 20
72 43 16
72 45 -3
72 46 19
72 47 -1
72 48 14
72 50 9
72 51 11
72 53 12
72 55 8
72 58 10
72 66 1
72 67 -10
72 69 3
72 70 19
72 71 7
73 4 2
73 5 -1
73 8 -10
73 10 -3
73 12 -7
73 15 -1
73 16 -1
73 17 12
73 18 -3
73 20 14
73 22 -2
73 24 20
73 25 -8
73 27 4
73 28 5
73 31 -7
73 32 18
73 33 18
73 34 2
73 38 10
73 40 14
73 44 13
73 45 -3
73 47 -7
73 49 9
73 50 13
73 51 13
73 52 -1
73 53 -4
73 54 -5
73 55 6
73 57 7
73 59 9
73 61 14
73 62 3
73 63 18
73 65 19
73 66 9
73 68 1
73 72 20
74 1 -4
74 3 -1
74 5 11
74 8 11
74 11 12
74 12 -4
74 14 18
74 16 -8
74 18 3
74 19 18
74 20 18
74 21 9
74 22 14
74 24 -10
74 25 18
74 27 -4
74 32 13
74 34 -10
74 35 -10
74 37 16
74 42 -2
74 44 16
74 48 17
74 49 14
74 50 14
74 52 4
74 53 12
74 54 9
74 55 5
74 59 2
74 62 16
74 63 6
74 65 -2
74 66 -3
74 67 6
74 72 11
74 73 -8
75 1 -9
75 4 -2
75 6 4
75 9 -1
75 16 -10
75 17 5
75 18 5
75 24 14
75 25 12
75 26 11
75 28 -8
75 31 1
75 33 1
75 34 6
75 35 13
75 36 15
75 37 -3
75 38 1
75 41 2
75 43 -6
75 45 13
75 46 -10
75 49 12
75 50 3
75 52 14
75 53 5
75 54 18
75 56 11
75 57 16
75 61 6
75 65 -8
75 66 15
75 68 8
75 69 -5
75 70 -6
75 71 12
75 73 15
75 74 -3
76 7 2
76 8 4
76 9 5
76 10 14
76 11 5
76 14 -1
76 15 10
76 16 -2
76 17 -1
76 18 15
76 21 6
76 23 7
76 24 -3
76 25 -6
76 27 14
76 29 -7
76 30 18
76 31 9
76 34 9
76 38 5
76 40 13
76 41 16
76 42 17
76 44 17
76 45 20
76 46 -5
76 47 -5
76 53 11
76 54 17
76 56 2
76 58 -1
76 59 -3
76 64 -6
76 65 12
76 66 13
76 69 7
76 71 -1
76 72 -2
76 73 -3
76 74 19
76 75 1
77 2 6
77 3 9
77 5 20
77 8 19
77 11 10
77 12 18
77 14 8
77 18 -8
77 19 20
77 21 -7
77 22 10
77 23 -9
77 24 12
77 25 -4
77 27 12
77 28 -10
77 31 -9
77 32 5
77 35 6
77 37 6
77 38 2
77 39 17
77 41 13
77 42 2
77 44 12
77 46 4
77 48 20
77 51 11
77 52 2
77 54 15
77 56 16
77 58 2
77 59 6
77 62 3
77 63 7
77 70 15
77 73 20
78 3 11
78 6 3
78 7 -8
78 8 17
78 10 6
78 12 13
78 14 -2
78 17 10
78 19 -10
78 20 -5
78 22 -8
78 24 -10
78 25 14
78 27 15
78 30 14
78 32 -8
78 33 -8
78 35 3
78 36 9
78 39 -7
78 45 4
78 47 18
78 49 6
78 53 -8
78 54 5
78 55 10
78 56 15
78 57 -3
78 58 -8
78 59 13
78 61 -10
78 62 -10
78 66 13
78 70 8
78 77 1
79 1 -8
79 4 -6
79 6 16
79 8 16
79 9 -3
79 10 14
79 12 15
79 15 -9
79 17 -2
79 21 -6
79 23 18
79 24 -10
79 25 -7
79 28 17
79 30 14
79 31 6
79 33 -10
79 35 15
79 36 10
79 37 2
79 39 4
79 40 14
79 41 5
79 42 -8
79 44 -5
79 47 2
79 53 -3
79 56 10
79 59 15
79 60 12
79 61 -4
79 64 13
79 67 3
79 71 8
79 72 20
79 73 6
79 75 5
79 76 5
79 78 -1
80 2 12
80 5 8
80 6 15
80 9 -1
80 12 8
80 14 1
80 15 -2
80 18 6
80 22 10
80 23 17
80 25 9
80 26 13
80 28 12
80 33 1
80 34 3
80 35 -9
80 36 14
80 38 16
80 44 14
80 45 -4
80 46 11
80 48 17
80 49 -9
80 58 6
80 63 1
80 64 15
80 67 11
80 69 14
80 70 5
80 72 -10
80 73 -1
80 75 10
80 78 10
81 3 -2
81 4 17
81 6 -3
81 7 -5
81 8 4
81 10 -1
81 11 -3
81 12 9
81 14 5
81 16 16
81 19 11
81 21 17
81 22 -1
81 23 -6
81 31 -6
81 33 -8
81 34 19
81 36 13
81 40 4
81 44 -10
81 45 -10
81 46 -2
81 47 17
81 48 13
81 52 12
81 54 7
81 55 5
81 56 -7
81 58 6
81 59 19
81 60 -8
81 61 -5
81 69 4
81 72 4
81 74 -4
81 75 7
81 79 8
82 3 9
82 4 -10
82 6 -4
82 7 9
82 8 -2
82 13 20
82 15 12
82 17 15
82 21 15
82 22 10
82 24 13
82 25 3
82 32 10
82 34 4
82 35 19
82 36 -6
82 37 5
82 40 -8
82 41 20
82 42 19
82 44 15
82 47 7
82 48 5
82 49 5
82 52 -5
82 53 11
82 57 -3
82 58 18
82 60 -6
82 61 -1
82 63 19
82 67 -3
82 69 -9
82 71 11
82 73 9
82 75 16
82 76 10
82 77 4
82 78 13
82 79 16
82 81 13
83 1 17
83 2 -8
83 3 -1
83 6 11
83 7 9
83 8 19
83 9 -10
83 10 11
83 12 -3
83 13 -9
83 14 5
83 15 18
83 16 16
83 17 15
83 19 -7
83 21 13
83 22 13
83 23 -4
83 24 18
83 25 13
83 26 20
83 28 -2
83 30 9
83 31 -9
83 34 -9
83 35 17
83 36 -9
83 37 16
83 44 20
83 45 -1
83 46 6
83 47 5
83 49 12
83 51 6
83 52 -5
83 56 3
83 59 9
83 60 16
83 61 3
83 65 1
83 66 -8
83 71 1
83 73 17
83 74 14
83 76 10
83 77 -2
83 82 13
84 2 -3
84 9 -8
84 11 -7
84 12 1
84 13 1
84 14 -1
84 19 7
84 20 6
84 21 15
84 24 13
84 25 5
84 26 7
84 28 -3
84 29 -7
84 30 -8
84 32 11
84 33 -10
84 35 -7
84 36 1
84 37 -8
84 42 -6
84 44 11
84 46 12
84 48 -6
84 51 -2
84 52 12
84 55 -4
84 57 17
84 61 -7
84 65 -5
84 67 -9
84 71 7
84 73 -10
84 76 19
84 77 2
84 78 -2
84 79 10
84 83 2
85 2 18
85 5 3
85 7 14
85 8 15
85 12 13
85 13 11
85 14 -4
85 15 19
85 16 -8
85 19 -1
85 21 -8
85 23 -4
85 24 2
85 25 -2
85 30 -6
85 32 -2
85 35 4
85 36 -6
85 39 10
85 40 19
85 41 -8
85 42 -1
85 44 -8
85 48 -7
85 49 -9
85 53 12
85 54 20
85 55 -9
85 63 5
85 64 -7
85 65 17
85 66 -2
85 67 11
85 68 10
85 70 14
85 71 -9
85 72 -10
85 75 -10
85 76 5
85 78 18
85 80 2
85 84 10
86 2 10
86 4 5
86 7 7
86 8 1
86 9 -3
86 10 -4
86 11 -8
86 13 9
86 15 15
86 16 -1
86 18 12
86 19 7
86 22 17
86 23 -2
86 25 -6
86 27 17
86 28 -10
86 31 -10
86 32 2
86 35 11
86 36 7
86 38 -5
86 42 4
86 44 8
86 45 13
86 46 5
86 47 11
86 49 7
86 51 -1
86 54 17
86 55 10
86 56 -4
86 59 15
86 60 4
86 62 18
86 64 -4
86 65 18
86 68 -1
86 69 -8
86 70 -6
86 72 7
86 73 1
86 76 8
86 81 10
86 84 -7
86 85 20
87 3 1
87 4 -8
87 5 -5
87 6 11
87 7 16
87 8 20
87 11 17
87 13 -9
87 15 -4
87 17 8
87 18 12
87 19 18
87 20 -6
87 22 -1
87 23 10
87 25 17
87 28 18
87 30 -2
87 33 19
87 34 16
87 35 19
87 36 14
87 37 -4
87 38 10
87 39 -10
87 41 -8
87 42 -7
87 44 4
87 45 18
87 47 19
87 48 6
87 49 -4
87 55 20
87 57 9
87 60 10
87 61 -8
87 64 -8
87 67 -3
87 68 2
87 69 2
87 70 -4
87 72 10
87 73 15
87 74 -2
87 76 -4
87 77 -3
87 78 -5
87 80 20
87 82 15
87 83 7
87 84 6
88 3 15
88 4 -2
88 5 -8
88 6 -7
88 8 -3
88 9 16
88 10 -1
88 14 -5
88 16 17
88 17 6
88 19 -1
88 22 5
88 25 9
88 30 20
88 32 20
88 33 -2
88 34 13
88 35 5
88 36 13
88 37 11
88 41 -8
88 42 16
88 43 16
88 46 11
88 47 5
88 48 -3
88 49 12
88 54 1
88 56 5
88 57 11
88 61 17
88 63 13
88 64 12
88 71 -3
88 72 -7
88 73 19
88 75 2
88 77 16
88 78 -1
88 79 20
88 80 20
88 83 11
88 85 8
89 1 20
89 2 -5
89 5 -2
89 7 -8
89 9 1
89 10 1
89 18 2
89 21 15
89 22 -7
89 24 -8
89 25 6
89 26 -1
89 27 2
89 29 19
89 31 6
89 32 -7
89 33 20
89 35 -7
89 36 3
89 37 16
89 39 11
89 41 15
89 42 7
89 46 17
89 47 14
89 50 2
89 51 -5
89 52 5
89 54 3
89 55 5
89 57 -4
89 60 1
89 67 4
89 68 -7
89 70 11
89 74 3
89 76 -7
89 78 -9
89 79 -6
89 80 15
89 81 15
89 82 9
89 85 -5
89 86 12
89 88 12
90 1 9
90 5 -4
90 6 -2
90 7 -1
90 8 3
90 10 19
90 11 12
90 13 9
90 17 18
90 19 -6
90 21 -1
90 23 6
90 24 7
90 25 -3
90 28 4
90 29 -8
90 32 3
90 33 6
90 35 -5
90 36 7
90 37 10
90 38 -6
90 46 8
90 49 5
90 50 -4
90 55 15
90 56 -1
90 61 -10
90 62 8
90 63 5
90 65 8
90 66 -6
90 67 -6
90 68 -5
90 72 4
90 75 2
90 76 19
90 80 19
90 81 3
90 82 17
90 84 13
90 85 -8
90 87 -5
90 88 -10
91 1 -10
91 2 -2
91 3 12
91 5 15
91 6 18
91 8 6
91 9 15
91 10 -5
91 11 4
91 12 -7
91 13 12
91 14 16
91 19 15
91 22 1
91 23 11
91 25 13
91 28 8
91 29 -8
91 37 -3
91 38 1
91 40 -3
91 42 1
91 43 13
91 46 8
91 48 18
91 50 10
91 51 6
91 52 -8
91 53 6
91 56 -5
91 57 2
91 61 5
91 62 17
91 63 3
91 68 -9
91 69 16
91 70 8
91 71 2
91 76 17
91 78 -9
91 80 19
91 81 18
91 82 20
91 86 -6
91 87 -7
91 88 15
92 1 7
92 3 -2
92 4 6
92 6 19
92 8 -4
92 9 10
92 10 -2
92 12 14
92 15 15
92 18 -2
92 21 -9
92 24 4
92 27 -2
92 28 14
92 32 -7
92 35 18
92 40 6
92 41 12
92 45 1
92 49 5
92 52 -3
92 53 3
92 54 -9
92 55 -6
92 56 -4
92 57 -10
92 58 14
92 59 8
92 61 2
92 62 14
92 64 13
92 66 20
92 69 8
92 70 2
92 72 -9
92 73 3
92 74 15
92 75 17
92 77 -10
92 78 -7
92 80 14
92 82 10
92 83 4
92 84 -9
92 87 1
92 89 -9
92 90 15
93 1 9
93 9 17
93 11 18
93 14 -4
93 16 3
93 17 -2
93 18 12
93 19 4
93 21 8
93 26 6
93 29 9
93 31 1
93 33 -3
93 36 20
93 38 1
93 39 -1
93 40 7
93 41 18
93 46 -2
93 47 -4
93 48 12
93 49 18
93 50 2
93 51 -8
93 53 -10
93 54 17
93 55 2
93 56 -1
93 61 2
93 62 2
93 65 1
93 66 3
93 67 -3
93 74 4
93 81 17
93 85 7
93 89 -4
94 1 5
94 3 -1
94 4 9
94 6 -6
94 7 6
94 8 -5
94 10 -9
94 18 -7
94 20 12
94 22 -10
94 23 15
94 28 15
94 29 8
94 31 7
94 34 -8
94 36 7
94 37 14
94 38 10
94 40 19
94 41 19
94 44 -10
94 45 20
94 48 14
94 49 4
94 50 -8
94 51 15
94 57 1
94 58 17
94 59 3
94 61 2
94 62 3
94 63 4
94 64 11
94 65 13
94 66 7
94 69 20
94 71 -6
94 72 18
94 73 -1
94 78 15
94 82 6
94 87 13
94 88 12
94 90 1
94 91 -10
94 92 -5
95 4 20
95 5 -8
95 7 -4
95 8 17
95 10 -6
95 12 13
95 13 -3
95 14 12
95 17 4
95 18 9
95 22 12
95 23 3
95 26 8
95 27 -2
95 30 -7
95 33 20
95 34 9
95 35 -10
95 37 -5
95 41 15
95 43 1
95 44 4
95 47 -7
95 52 20
95 53 13
95 54 20
95 55 9
95 56 6
95 57 1
95 58 -1
95 60 -2
95 62 -4
95 63 -9
95 66 -8
95 67 2
95 69 18
95 70 -3
95 72 12
95 80 5
95 87 -10
95 88 -8
95 89 -1
95 91 -9
95 92 15
95 93 6
96 3 -4
96 5 -6
96 6 10
96 16 18
96 18 -6
96 19 14
96 22 -1
96 26 -4
96 31 15
96 34 1
96 35 6
96 37 -3
96 45 -4
96 46 14
96 49 18
96 50 12
96 51 11
96 53 19
96 55 10
96 56 -5
96 57 -9
96 58 10
96 61 6
96 62 -8
96 63 13
96 65 -10
96 68 9
96 69 -7
96 70 5
96 71 -9
96 72 -10
96 73 19
96 75 8
96 77 6
96 80 10
96 81 2
96 83 -10
96 86 5
96 88 6
96 89 9
96 91 14
96 95 -3
97 2 -7
97 4 19
97 6 18
97 7 -8
97 9 9
97 11 -1
97 12 11
97 15 7
97 17 20
97 18 4
97 20 -6
97 21 9
97 22 -10
97 23 -8
97 24 7
97 26 -4
97 32 20
97 33 5
97 36 10
97 37 8
97 38 18
97 40 -1
97 45 6
97 47 9
97 48 16
97 50 -5
97 52 -8
97 56 3
97 61 -10
97 62 -2
97 63 20
97 66 6
97 69 12
97 71 3
97 72 -4
97 73 -2
97 77 7
97 78 8
97 79 9
97 81 -6
97 83 -3
97 89 12
97 95 -2
98 1 17
98 4 4
98 15 6
98 17 8
98 18 8
98 19 17
98 22 7
98 24 19
98 25 15
98 29 -4
98 31 15
98 39 6
98 42 20
98 44 17
98 46 12
98 47 -7
98 48 3
98 58 1
98 59 18
98 61 -8
98 63 3
98 64 17
98 66 -1
98 70 1
98 71 7
98 72 -8
98 73 -2
98 78 1
98 80 -10
98 83 -8
98 84 -10
98 87 1
98 88 13
98 89 6
98 92 -10
98 95 11
98 96 14
98 97 16
99 1 -3
99 2 -8
99 8 -4
99 9 -4
99 10 15
99 12 -10
99 13 -7
99 14 9
99 15 1
99 17 -2
99 18 18
99 20 5
99 21 13
99 23 6
99 24 -2
99 33 10
99 36 -7
99 37 16
99 38 8
99 40 20
99 42 19
99 44 4
99 48 2
99 49 7
99 51 9
99 55 7
99 57 -2
99 59 3
99 60 13
99 61 -6
99 62 9
99 63 7
99 71 11
99 81 -10
99 82 1
99 86 16
99 88 16
99 90 14
99 92 5
99 93 -2
99 96 -6
100 1 1
100 6 15
100 8 20
100 10 9
100 13 -4
100 14 6
100 17 -8
100 23 6
100 24 6
100 26 19
100 28 -7
100 29 20
100 30 4
100 31 12
100 35 1
100 36 2
100 38 12
100 40 20
100 41 -3
100 42 13
100 47 17
100 48 -7
100 51 10
100 52 -1
100 53 -4
100 54 13
100 59 16
100 60 -4
100 61 1
100 62 8
100 66 -9
100 67 7
100 70 2
100 71 4
100 73 4
100 74 1
100 76 11
100 82 2
100 83 7
100 85 -2
100 88 3
100 91 13
100 93 18
100 94 7
100 96 3
101 2 10
101 5 -2
101 7 13
101 8 -3
101 10 7
101 12 -9
101 17 13
101 19 1
101 21 16
101 22 -1
101 23 13
101 26 16
101 27 16
101 29 12
101 30 -1
101 33 4
101 35 3
101 37 -9
101 43 9
101 46 -10
101 47 3
101 50 1
101 51 1
101 52 8
101 54 -7
101 62 10
101 64 -3
101 65 8
101 66 -4
101 68 5
101 71 9
101 72 16
101 73 7
101 75 17
101 78 -10
101 82 2
101 87 12
101 88 11
101 93 -4
101 94 15
101 100 19
102 1 -5
102 2 14
102 3 -8
102 8 14
102 11 13
102 13 9
102 14 4
102 15 13
102 23 -3
102 27 12
102 29 12
102 30 -3
102 31 1
102 34 2
102 36 -7
102 37 -1
102 38 9
102 44 1
102 45 15
102 47 5
102 49 -7
102 54 14
102 56 -3
102 59 -2
102 60 -2
102 61 13
102 62 18
102 66 1
102 67 10
102 70 -10
102 73 20
102 74 -6
102 76 6
102 79 -8
102 82 20
102 84 -9
102 85 -8
102 86 12
102 87 -8
102 88 9
102 89 -1
102 90 17
102 91 1
102 92 3
102 96 17
102 97 16
102 98 -1
103 1 -8
103 2 15
103 3 7
103 7 5
103 9 -4
103 10 13
103 12 1
103 14 -5
103 17 -1
103 20 16
103 23 -5
103 24 3
103 25 13
103 27 -6
103 28 20
103 30 13
103 32 11
103 39 8
103 41 7
103 42 19
103 43 -4
103 44 -7
103 45 7
103 48 -6
103 49 -1
103 53 -2
103 56 3
103 57 8
103 58 13
103 60 12
103 62 15
103 63 14
103 65 14
103 66 4
103 67 19
103 69 -2
103 71 16
103 72 -5
103 76 -4
103 77 7
103 78 -10
103 81 8
103 82 13
103 84 11
103 85 16
103 88 14
103 89 20
103 90 7
103 92 14
103 98 16
103 102 -5
104 1 6
104 4 3
104 5 -9
104 8 19
104 10 6
104 12 6
104 14 1
104 15 5
104 18 12
104 21 12
104 22 12
104 23 -9
104 24 -2
104 25 16
104 28 16
104 29 -7
104 31 5
104 33 -10
104 34 14
104 35 8
104 36 -10
104 39 -3
104 40 14
104 41 3
104 43 -2
104 44 19
104 45 -2
104 47 18
104 52 20
104 53 -6
104 58 -10
104 62 11
104 64 -8
104 65 -3
104 70 20
104 71 8
104 74 -2
104 75 2
104 78 18
104 81 -8
104 82 8
104 83 -5
104 85 19
104 86 1
104 87 9
104 90 -1
104 93 9
104 94 11
104 96 18
104 97 1
104 98 -7
104 99 10
104 101 -5
104 102 14
105 1 -7
105 2 -6
105 5 16
105 7 6
105 8 -7
105 11 -2
105 12 8
105 18 18
105 21 18
105 26 10
105 27 9
105 30 17
105 35 10
105 37 -5
105 38 20
105 44 12
105 45 3
105 48 -8
105 49 -8
105 50 -1
105 51 -1
105 53 3
105 55 18
105 58 -5
105 59 12
105 61 18
105 62 18
105 64 4
105 65 20
105 66 1
105 67 8
105 68 2
105 70 16
105 72 16
105 76 15
105 77 -7
105 78 -4
105 81 1
105 82 8
105 83 6
105 84 -8
105 89 -3
105 94 1
105 95 -10
105 96 2
105 99 6
105 103 -3
105 104 9
106 1 14
106 2 20
106 3 20
106 7 11
106 10 2
106 11 -1
106 12 6
106 14 10
106 15 18
106 17 15
106 18 15
106 22 -8
106 24 14
106 25 16
106 26 -3
106 29 -8
106 32 -3
106 33 20
106 38 14
106 41 8
106 46 4
106 48 20
106 50 15
106 52 -5
106 55 20
106 57 2
106 58 2
106 60 16
106 61 14
106 62 15
106 63 7
106 64 13
106 65 17
106 66 2
106 67 -10
106 70 6
106 74 6
106 76 11
106 80 10
106 84 -3
106 85 16
106 86 15
106 87 -9
106 89 17
106 92 3
106 93 10
106 94 -10
106 96 14
106 98 -3
106 99 -3
106 100 19
106 101 17
106 105 12
107 1 15
107 2 10
107 7 10
107 8 14
107 9 -7
107 10 -3
107 12 -9
107 13 -9
107 14 8
107 15 3
107 16 16
107 18 13
107 24 -7
107 26 19
107 31 -6
107 32 -10
107 36 1
107 42 7
107 43 11
107 44 4
107 45 13
107 46 13
107 50 -7
107 52 13
107 54 2
107 55 14
107 59 15
107 60 -4
107 63 14
107 65 -3
107 66 10
107 67 -8
107 69 10
107 70 17
107 72 7
107 75 6
107 76 19
107 77 20
107 79 17
107 83 4
107 86 -6
107 87 10
107 88 -1
107 89 4
107 93 -6
107 94 -10
107 96 14
107 97 13
107 99 9
107 102 2
107 104 10
108 1 -1
108 3 8
108 4 13
108 7 7
108 8 4
108 9 20
108 10 10
108 15 -10
108 17 17
108 19 15
108 20 14
108 21 -6
108 23 4
108 24 12
108 25 9
108 26 -6
108 27 10
108 28 -4
108 29 -6
108 32 11
108 34 8
108 37 15
108 39 -7
108 41 -2
108 43 11
108 46 10
108 49 7
108 55 13
108 56 20
108 57 -8
108 58 -2
108 59 9
108 60 7
108 61 2
108 62 7
108 63 19
108 64 -5
108 71 -1
108 80 18
108 81 12
108 82 15
108 84 5
108 85 -7
108 86 6
108 87 -10
108 88 -2
108 90 18
108 91 2
108 92 16
108 96 2
108 99 9
108 100 4
108 102 17
108 103 5
108 106 12
108 107 7
109 6 -2
109 7 -4
109 8 19
109 10 10
109 11 5
109 12 9
109 16 -5
109 20 5
109 23 17
109 24 -5
109 25 9
109 27 19
109 28 -2
109 29 16
109 31 -7
109 32 -4
109 37 -4
109 38 13
109 40 -5
109 41 14
109 44 10
109 45 1
109 46 -4
109 49 19
109 50 -4
109 51 11
109 53 4
109 54 13
109 56 8
109 57 19
109 58 10
109 60 4
109 61 12
109 63 -7
109 64 7
109 66 -8
109 68 -6
109 72 4
109 73 5
109 74 -10
109 75 -1
109 81 -10
109 83 6
109 84 -5
109 85 19
109 86 7
109 87 19
109 88 -2
109 92 16
109 94 -3
109 96 14
109 97 -3
109 98 -5
109 99 18
109 100 17
109 103 8
109 104 19
109 105 15
110 2 -9
110 3 14
110 4 -6
110 6 17
110 8 6
110 13 19
110 14 -2
110 15 -5
110 17 1
110 18 15
110 20 3
110 21 -4
110 23 18
110 25 11
110 28 16
110 29 19
110 30 14
110 31 14
110 33 9
110 34 10
110 35 14
110 36 4
110 40 13
110 42 6
110 43 20
110 44 8
110 46 -4
110 49 -7
110 51 7
110 55 5
110 57 9
110 60 8
110 61 10
110 62 4
110 63 3
110 66 4
110 68 -10
110 69 20
110 72 16
110 75 18
110 77 6
110 78 -7
110 81 -5
110 83 4
110 84 -1
110 85 -3
110 87 20
110 89 13
110 91 2
110 93 19
110 94 4
110 95 -2
110 98 20
110 99 3
110 100 4
110 103 -5
110 105 3
110 107 5
110 108 -8
110 109 17
111 1 16
111 4 19
111 9 -6
111 10 5
111 13 5
111 17 14
111 19 11
111 20 20
111 23 8
111 25 10
111 26 6
111 30 13
111 34 -7
111 35 7
111 36 -6
111 38 1
111 39 12
111 41 -1
111 44 9
111 45 5
111 47 8
111 49 5
111 52 14
111 53 11
111 54 -4
111 55 -2
111 57 5
111 58 6
111 60 8
111 61 13
111 62 4
111 67 -10
111 69 11
111 72 -4
111 73 3
111 74 12
111 80 18
111 86 13
111 89 20
111 90 -1
111 93 11
111 95 13
111 96 19
111 101 3
111 109 18
112 5 3
112 6 11
112 9 16
112 10 8
112 11 -2
112 12 -8
112 13 18
112 20 18
112 24 12
112 25 -3
112 26 4
112 28 9
112 33 19
112 34 15
112 36 7
112 38 -6
112 39 -8
112 40 15
112 41 -5
112 42 -10
112 45 18
112 46 17
112 47 -3
112 49 -10
112 50 5
112 51 15
112 52 6
112 54 16
112 55 -1
112 57 6
112 60 -1
112 61 -7
112 63 7
112 64 12
112 65 -7
112 70 20
112 72 4
112 73 5
112 74 -3
112 78 6
112 79 -2
112 80 20
112 81 -9
112 83 -5
112 84 14
112 87 2
112 88 -2
112 90 19
112 95 15
112 98 -8
112 100 14
112 101 5
112 102 3
112 107 -5
112 108 -8
113 2 -7
113 4 15
113 5 -2
113 7 20
113 11 -5
113 12 13
113 13 -10
113 14 -7
113 15 6
113 18 -9
113 20 8
113 22 -6
113 24 -2
113 28 -5
113 29 6
113 33 18
113 37 -9
113 38 -1
113 44 12
113 46 -7
113 47 12
113 48 4
113 49 -8
113 52 6
113 55 18
113 57 -8
113 58 14
113 61 13
113 62 -10
113 63 19
113 65 -9
113 66 -9
113 68 -2
113 69 6
113 71 17
113 72 12
113 74 12
113 75 -7
113 78 17
113 80 2
113 82 -3
113 83 2
113 86 -10
113 87 2
113 88 12
113 90 -7
113 91 1
113 92 2
113 93 12
113 94 -2
113 95 -10
113 96 -1
113 98 16
113 100 20
113 101 2
113 102 -2
113 104 -1
113 105 8
113 108 15
113 109 15
113 110 -1
113 111 -7
113 112 19
114 4 -3
114 5 -6
114 6 15
114 7 3
114 9 -10
114 11 20
114 12 -7
114 17 20
114 20 2
114 21 7
114 27 2
114 28 6
114 30 7
114 31 10
114 32 5
114 34 18
114 37 -8
114 38 -4
114 39 1
114 44 12
114 47 2
114 51 18
114 52 -10
114 55 16
114 56 5
114 58 13
114 59 4
114 60 -1
114 68 13
114 70 2
114 72 -8
114 73 2
114 77 3
114 78 -4
114 80 17
114 83 12
114 85 -5
114 86 5
114 87 -1
114 88 11
114 92 -6
114 93 6
114 95 9
114 97 10
114 100 -6
114 102 5
114 104 12
114 106 15
114 109 17
114 110 17
114 112 6
115 1 -2
115 2 5
115 3 13
115 4 -3
115 5 18
115 6 -2
115 7 17
115 10 6
115 12 -5
115 15 -4
115 16 -3
115 22 2
115 26 9
115 29 -9
115 32 9
115 33 16
115 34 18
115 35 8
115 36 19
115 37 12
115 39 -10
115 41 -6
115 42 5
115 43 4
115 44 -7
115 45 -10
115 48 16
115 50 17
115 52 15
115 56 -10
115 57 -1
115 58 4
115 59 13
115 60 9
115 61 -8
115 62 8
115 64 14
115 65 8
115 66 17
115 68 15
115 70 11
115 71 20
115 72 1
115 73 2
115 77 18
115 78 20
115 83 4
115 85 5
115 86 4
115 92 10
115 93 5
115 94 5
115 96 3
115 98 -6
115 101 12
115 106 -6
115 107 -2
115 110 -9
116 3 5
116 5 19
116 7 -4
116 11 -6
116 12 6
116 15 2
116 16 -4
116 17 -9
116 19 1
116 20 19
116 24 7
116 27 17
116 28 14
116 30 11
116 31 17
116 32 -2
116 34 9
116 35 3
116 38 15
116 39 10
116 41 8
116 45 6
116 46 12
116 47 13
116 48 8
116 50 19
116 51 19
116 53 16
116 56 12
116 57 18
116 58 17
116 59 11
116 62 -9
116 63 -4
116 68 17
116 70 13
116 71 14
116 74 -8
116 76 20
116 77 -6
116 83 4
116 84 12
116 86 19
116 87 8
116 88 4
116 90 -6
116 91 6
116 94 14
116 95 1
116 102 6
116 104 19
116 106 20
116 108 12
116 109 5
116 111 19
116 112 12
116 115 4
117 2 -2
117 4 2
117 12 -4
117 13 14
117 14 1
117 17 6
117 19 -10
117 21 2
117 23 5
117 24 4
117 25 1
117 27 -8
117 28 -10
117 32 13
117 33 -3
117 35 -4
117 36 4
117 37 -10
117 38 7
117 41 20
117 43 16
117 44 11
117 46 17
117 47 17
117 49 8
117 50 18
117 52 4
117 53 -5
117 54 2
117 56 1
117 58 2
117 60 -7
117 61 1
117 64 1
117 65 9
117 66 -8
117 67 -10
117 68 9
117 69 -1
117 70 -10
117 71 8
117 72 9
117 81 -7
117 82 20
117 87 -1
117 88 1
117 89 11
117 92 -3
117 93 -6
117 94 5
117 100 2
117 101 7
117 102 -10
117 105 -10
117 106 4
117 109 -6
117 110 15
117 111 -1
117 114 9
117 115 12
117 116 -8
118 2 9
118 3 3
118 4 5
118 5 5
118 6 18
118 7 -9
118 9 -1
118 10 3
118 12 13
118 14 -9
118 17 -10
118 19 5
118 20 -10
118 21 14
118 23 19
118 24 12
118 29 4
118 30 10
118 31 15
118 34 7
118 36 2
118 38 9
118 42 -3
118 43 20
118 44 8
118 45 -6
118 48 11
118 50 -7
118 54 -3
118 57 7
118 58 8
118 59 13
118 60 6
118 64 10
118 65 20
118 67 -8
118 69 -4
118 70 7
118 73 4
118 80 14
118 81 3
118 83 20
118 84 18
118 85 -8
118 86 12
118 88 1
118 90 15
118 91 8
118 92 -2
118 94 -8
118 95 11
118 96 10
118 97 12
118 100 -10
118 102 2
118 104 6
118 107 5
118 111 -6
118 114 15
118 117 -1
119 2 17
119 3 20
119 5 6
119 6 17
119 7 1
119 8 -7
119 16 -6
119 19 7
119 20 2
119 23 10
119 24 -9
119 25 2
119 28 -7
119 29 11
119 30 5
119 32 -8
119 36 -5
119 37 14
119 39 12
119 42 5
119 45 7
119 46 19
119 48 11
119 49 19
119 51 -10
119 52 14
119 61 8
119 64 -5
119 67 1
119 72 15
119 76 -8
119 77 16
119 79 -4
119 80 2
119 83 18
119 84 -3
119 85 10
119 89 18
119 93 -8
119 94 -1
119 97 -5
119 108 3
119 111 4
119 112 6
119 113 16
119 114 8
119 115 7
119 116 2
119 117 18
119 118 19
120 1 -2
120 2 12
120 3 -2
120 4 -4
120 6 -3
120 7 5
120 8 10
120 10 5
120 12 -1
120 14 2
120 15 2
120 16 15
120 17 -9
120 21 -4
120 22 9
120 24 18
120 25 10
120 27 11
120 28 -2
120 29 -9
120 32 -5
120 35 2
120 41 -2
120 42 -7
120 43 5
120 44 4
120 48 17
120 49 4
120 50 -3
120 51 17
120 54 3
120 55 6
120 57 17
120 59 5
120 61 10
120 63 18
120 64 11
120 66 17
120 68 -5
120 70 8
120 71 -1
120 75 -10
120 76 13
120 78 6
120 79 15
120 80 5
120 85 -6
120 86 -6
120 88 18
120 92 -8
120 93 9
120 94 1
120 95 -1
120 98 -3
120 99 4
120 101 -6
120 102 6
120 105 -1
120 110 9
120 116 -1
120 118 4
120 119 -8
121 2 10
121 3 14
121 4 14
121 9 -6
121 12 12
121 14 -9
121 19 -3
121 20 20
121 22 -9
121 23 9
121 25 5
121 26 9
121 27 -3
121 29 8
121 30 6
121 31 -1
121 32 -9
121 33 7
121 34 -2
121 37 17
121 38 14
121 40 -6
121 42 9
121 44 20
121 45 -9
121 47 -5
121 48 20
121 50 -1
121 51 9
121 52 -2
121 55 10
121 56 7
121 57 19
121 60 17
121 61 -3
121 62 -9
121 64 -4
121 65 -5
121 66 20
121 67 13
121 69 -9
121 70 7
121 71 1
121 75 -7
121 80 6
121 82 7
121 83 4
121 84 -7
121 86 1
121 88 17
121 91 5
121 97 8
121 101 3
121 104 -1
121 105 20
121 106 -4
121 109 -8
121 110 16
121 111 -2
121 112 -6
121 113 11
121 114 18
121 116 13
121 117 10
121 119 11
121 120 8
122 1 18
122 2 9
122 4 1
122 6 10
122 14 19
122 15 14
122 16 9
122 21 8
122 23 10
122 24 13
122 25 -10
122 26 11
122 27 -6
122 28 10
122 29 -2
122 31 19
122 33 5
122 37 9
122 41 13
122 42 16
122 43 15
122 44 17
122 49 10
122 50 -3
122 51 17
122 52 -1
122 53 10
122 54 15
122 56 2
122 57 3
122 62 10
122 66 18
122 70 9
122 72 11
122 74 11
122 76 20
122 78 -4
122 79 10
122 80 -4
122 81 -7
122 84 -8
122 86 6
122 88 13
122 94 4
122 95 2
122 98 12
122 102 16
122 103 3
122 104 3
122 108 6
122 109 -2
122 110 -7
122 111 17
122 112 -2
122 114 -8
122 116 6
122 117 1
122 120 2
123 3 16
123 5 -3
123 9 18
123 13 -4
123 16 13
123 18 11
123 19 4
123 20 20
123 21 -7
123 24 8
123 27 1
123 28 3
123 31 19
123 32 9
123 41 6
123 45 14
123 46 -4
123 49 13
123 55 20
123 56 -7
123 57 -1
123 58 -9
123 59 17
123 60 18
123 63 -6
123 65 17
123 66 3
123 70 19
123 73 15
123 74 9
123 75 -3
123 76 4
123 78 17
123 81 5
123 82 7
123 83 -1
123 85 16
123 86 5
123 87 -2
123 89 11
123 92 19
123 93 10
123 101 -3
123 102 -10
123 104 11
123 106 6
123 108 14
123 109 19
123 110 4
123 111 10
123 112 20
123 115 13
123 118 -1
123 119 17
123 122 9
124 2 1
124 3 15
124 4 8
124 5 -7
124 6 -3
124 9 -8
124 10 16
124 13 -1
124 14 20
124 16 2
124 17 -1
124 18 6
124 20 -3
124 21 16
124 23 14
124 27 3
124 28 -10
124 29 -3
124 30 4
124 32 -3
124 33 -4
124 39 8
124 40 -5
124 44 -2
124 45 -4
124 47 -2
124 52 -6
124 54 -5
124 56 -2
124 58 -1
124 60 15
124 62 13
124 64 -2
124 65 19
124 66 5
124 70 18
124 71 9
124 78 1
124 79 -8
124 81 -6
124 87 7
124 89 13
124 93 -1
124 95 14
124 96 17
124 99 -2
124 101 20
124 102 13
124 103 13
124 104 5
124 106 6
124 110 13
124 111 20
124 113 9
124 114 18
124 116 2
124 117 7
124 118 6
124 120 11
125 3 -7
125 4 6
125 9 -10
125 10 15
125 13 18
125 15 4
125 16 17
125 18 5
125 19 -2
125 22 19
125 24 -5
125 26 4
125 28 5
125 29 19
125 31 -10
125 32 -2
125 35 3
125 36 -10
125 37 19
125 41 5
125 44 8
125 47 -3
125 51 7
125 52 8
125 54 8
125 57 -10
125 58 6
125 60 17
125 61 10
125 65 18
125 66 20
125 67 11
125 68 -2
125 70 -6
125 71 19
125 72 9
125 75 14
125 76 5
125 77 5
125 81 18
125 82 -4
125 83 16
125 85 9
125 87 -3
125 88 11
125 89 -5
125 90 19
125 92 8
125 94 -2
125 95 -4
125 96 1
125 97 14
125 98 3
125 100 6
125 101 5
125 105 4
125 109 4
125 113 10
125 115 6
125 117 13
125 119 -1
125 120 6
126 1 -3
126 2 -9
126 3 19
126 9 -8
126 10 4
126 14 -9
126 16 11
126 18 -9
126 24 9
126 25 11
126 26 15
126 27 -2
126 28 13
126 29 3
126 31 1
126 37 10
126 38 8
126 42 1
126 43 -9
126 48 -4
126 51 -8
126 53 7
126 54 -7
126 58 -10
126 61 8
126 62 16
126 66 1
126 68 1
126 72 12
126 76 7
126 79 17
126 81 20
126 83 16
126 85 -1
126 86 -9
126 90 2
126 94 10
126 98 17
126 100 5
126 101 4
126 102 2
126 103 5
126 106 -7
126 107 15
126 108 16
126 112 12
126 113 -5
126 114 2
126 115 -10
126 116 17
126 117 8
126 119 -9
126 121 18
126 122 -8
126 125 -2
127 1 6
127 4 6
127 5 -4
127 6 16
127 7 -7
127 8 2
127 9 4
127 11 1
127 12 -7
127 13 7
127 15 5
127 20 16
127 21 19
127 23 17
127 24 16
127 25 13
127 29 5
127 30 9
127 36 5
127 42 -8
127 43 12
127 46 17
127 47 -10
127 48 -3
127 49 -3
127 50 -4
127 53 -1
127 55 13
127 57 -8
127 58 -3
127 59 6
127 62 16
127 63 1
127 70 -10
127 73 8
127 75 20
127 79 -8
127 80 -7
127 81 1
127 82 5
127 84 16
127 86 8
127 87 8
127 88 -9
127 92 7
127 101 15
127 102 -2
127 103 16
127 104 -10
127 107 7
127 109 9
127 112 15
127 117 4
127 118 -7
127 120 13
127 123 -1
127 126 -10
128 3 1
128 4 -1
128 7 8
128 8 15
128 9 11
128 10 20
128 11 10
128 13 -1
128 14 15
128 15 -10
128 18 11
128 22 -10
128 25 15
128 26 -8
128 27 3
128 30 8
128 32 6
128 37 12
128 38 2
128 42 15
128 43 -6
128 50 -1
128 51 -3
128 53 11
128 57 -5
128 59 -5
128 63 6
128 66 -5
128 67 9
128 68 6
128 69 12
128 74 -9
128 76 6
128 77 5
128 78 12
128 80 11
128 85 -4
128 86 4
128 87 7
128 89 -8
128 91 5
128 93 2
128 96 -2
128 98 -8
128 99 9
128 100 17
128 102 -10
128 104 -2
128 105 -8
128 109 2
128 111 16
128 113 2
128 114 5
128 118 6
128 119 1
128 121 -6
128 124 13
128 125 2
128 127 15
129 2 20
129 5 13
129 7 20
129 8 -1
129 11 16
129 12 12
129 15 3
129 16 -3
129 18 2
129 20 5
129 22 -9
129 24 10
129 25 1
129 27 1
129 29 15
129 30 -9
129 32 -10
129 34 15
129 37 20
129 38 -5
129 41 -1
129 42 -9
129 43 7
129 45 10
129 48 -9
129 51 16
129 52 20
129 53 5
129 54 4
129 55 19
129 57 2
129 58 -6
129 59 -8
129 60 -1
129 63 16
129 64 5
129 65 2
129 66 11
129 69 2
129 71 19
129 73 12
129 74 4
129 77 1
129 81 -9
129 82 -5
129 83 -10
129 85 3
129 87 -3
129 88 9
129 96 18
129 97 -6
129 102 19
129 103 3
129 109 10
129 110 -9
129 113 -7
129 115 5
129 119 -4
129 120 5
129 123 -5
130 2 -6
130 6 6
130 7 20
130 9 8
130 12 -4
130 14 13
130 21 2
130 23 5
130 25 -8
130 26 1
130 28 -7
130 29 9
130 32 9
130 33 5
130 34 3
130 35 15
130 38 -9
130 41 15
130 42 16
130 43 11
130 44 5
130 45 4
130 46 4
130 47 4
130 48 2
130 54 10
130 55 -1
130 57 8
130 59 -8
130 65 -4
130 69 1
130 70 15
130 71 2
130 72 10
130 76 13
130 79 3
130 81 8
130 82 6
130 85 7
130 86 -6
130 89 20
130 91 5
130 92 -4
130 94 14
130 95 4
130 97 -2
130 99 19
130 100 -1
130 108 -10
130 109 5
130 110 3
130 114 9
130 115 7
130 116 19
130 122 -1
130 123 13
130 125 3
130 126 1
130 127 17
130 128 3
130 129 -7
131 5 18
131 6 -1
131 7 3
131 8 2
131 9 -7
131 10 11
131 11 13
131 12 -4
131 13 7
131 14 18
131 15 15
131 21 -1
131 22 -4
131 23 4
131 25 -8
131 27 6
131 29 -4
131 30 8
131 31 -6
131 32 7
131 35 2
131 37 -2
131 38 14
131 39 15
131 40 -10
131 41 16
131 42 -4
131 45 -9
131 47 18
131 48 15
131 51 16
131 53 -8
131 54 15
131 56 -7
131 57 15
131 58 11
131 62 20
131 64 7
131 66 3
131 69 17
131 70 -5
131 71 -4
131 73 12
131 75 12
131 78 -2
131 81 4
131 83 9
131 84 6
131 85 14
131 86 8
131 88 -10
131 89 8
131 91 14
131 92 16
131 94 -8
131 95 9
131 97 1
131 103 2
131 110 -3
131 111 10
131 112 -8
131 113 11
131 118 17
131 119 10
131 120 6
131 122 13
131 123 -3
131 125 5
131 126 -3
131 127 13
131 128 -6
131 129 2
132 2 14
132 4 19
132 6 11
132 7 20
132 8 -1
132 11 8
132 13 5
132 14 3
132 16 20
132 19 13
132 21 11
132 23 7
132 26 4
132 28 16
132 30 -10
132 31 -1
132 32 20
132 34 7
132 35 18
132 36 13
132 37 13
132 45 6
132 49 12
132 50 14
132 53 2
132 54 4
132 55 7
132 56 15
132 60 18
132 61 13
132 63 8
132 69 -5
132 72 -3
132 74 -10
132 77 11
132 80 -5
132 83 -8
132 84 15
132 85 17
132 86 -3
132 87 1
132 89 11
132 90 3
132 91 3
132 92 11
132 94 9
132 95 18
132 97 -3
132 98 -2
132 99 3
132 102 19
132 104 17
132 105 9
132 107 5
132 108 -3
132 109 -5
132 110 -7
132 112 -6
132 115 -1
132 117 -3
132 120 8
132 123 -10
132 125 20
132 126 20
132 127 18
132 128 2
132 129 19
132 131 -2
133 2 5
133 3 17
133 4 -2
133 6 -9
133 9 1
133 10 1
133 14 15
133 18 -3
133 19 -6
133 22 10
133 23 18
133 25 -2
133 29 -2
133 30 8
133 31 -8
133 33 15
133 35 11
133 41 4
133 42 11
133 45 10
133 49 20
133 54 11
133 55 -5
133 56 16
133 58 -4
133 59 6
133 60 -3
133 61 -9
133 62 -10
133 63 3
133 66 -9
133 69 -9
133 70 9
133 72 2
133 73 7
133 74 10
133 75 -4
133 79 1
133 80 13
133 81 6
133 84 16
133 85 3
133 88 9
133 89 18
133 95 -5
133 98 6
133 99 7
133 100 5
133 101 4
133 102 16
133 103 -10
133 108 4
133 109 19
133 111 9
133 115 4
133 116 10
133 119 18
133 120 -2
133 122 18
133 124 17
133 126 16
133 129 12
133 130 16
134 2 10
134 3 1
134 4 20
134 6 2
134 7 -6
134 9 19
134 10 1
134 11 15
134 13 1
134 14 5
134 16 12
134 17 -5
134 19 -4
134 23 -3
134 26 15
134 27 9
134 29 11
134 32 1
134 38 12
134 39 -4
134 40 2
134 41 6
134 44 -3
134 45 17
134 48 5
134 49 -8
134 50 12
134 52 20
134 54 17
134 56 16
134 57 18
134 58 -2
134 59 -10
134 64 1
134 65 8
134 66 5
134 68 14
134 69 20
134 70 -4
134 71 2
134 72 -5
134 73 1
134 74 -8
134 80 4
134 83 -10
134 84 1
134 86 12
134 88 20
134 92 5
134 93 19
134 94 -1
134 97 3
134 101 15
134 102 18
134 103 -6
134 107 11
134 108 18
134 109 6
134 110 -5
134 111 -7
134 112 5
134 113 17
134 115 -9
134 116 19
134 118 17
134 119 4
134 121 11
134 127 11
134 128 15
134 129 20
134 130 -2
134 131 -2
134 133 -10
135 1 20
135 3 9
135 4 -7
135 8 2
135 10 10
135 11 4
135 15 4
135 17 6
135 18 -8
135 22 16
135 23 -6
135 27 1
135 28 2
135 31 -4
135 39 11
135 43 5
135 44 6
135 45 17
135 48 -3
135 52 -10
135 55 13
135 56 5
135 59 15
135 63 11
135 64 15
135 67 6
135 70 20
135 71 16
135 72 13
135 83 16
135 88 -9
135 90 20
135 91 11
135 92 9
135 93 6
135 94 9
135 97 10
135 98 -7
135 100 -10
135 105 14
135 107 1
135 108 -3
135 109 20
135 110 2
135 115 5
135 119 -9
135 120 8
135 121 18
135 122 17
135 125 -6
135 126 15
135 128 11
135 129 2
135 130 10
135 131 -2
135 133 -3
136 3 1
136 6 -10
136 7 13
136 9 -4
136 10 7
136 14 2
136 15 20
136 17 13
136 18 10
136 19 10
136 24 10
136 29 9
136 30 9
136 33 18
136 34 20
136 35 -5
136 37 1
136 40 -1
136 42 -7
136 44 11
136 46 6
136 47 -10
136 50 -1
136 52 -6
136 53 14
136 54 15
136 57 19
136 60 -4
136 63 5
136 68 9
136 69 19
136 70 12
136 71 15
136 74 -8
136 75 -7
136 80 3
136 81 11
136 84 19
136 85 6
136 87 -3
136 88 2
136 89 7
136 92 4
136 93 1
136 94 4
136 95 6
136 96 20
136 99 14
136 100 9
136 101 7
136 102 -9
136 104 18
136 105 12
136 106 3
136 108 -2
136 113 11
136 115 5
136 116 16
136 117 -6
136 118 7
136 124 9
136 127 15
136 130 9
136 132 6
136 135 8
137 3 10
137 5 17
137 6 1
137 7 2
137 8 2
137 9 6
137 10 -5
137 11 -9
137 13 8
137 17 -2
137 18 11
137 22 -3
137 23 16
137 25 17
137 26 20
137 27 6
137 28 17
137 31 -4
137 32 12
137 33 15
137 35 1
137 41 -2
137 42 16
137 44 -6
137 46 -7
137 47 -5
137 50 15
137 51 3
137 53 13
137 58 -4
137 63 19
137 64 20
137 65 -9
137 66 -7
137 68 -5
137 69 5
137 70 12
137 71 16
137 72 11
137 74 10
137 76 12
137 79 5
137 80 -2
137 81 -4
137 83 19
137 84 4
137 85 6
137 87 -3
137 95 14
137 97 7
137 98 17
137 99 18
137 100 11
137 102 7
137 110 3
137 111 7
137 114 9
137 115 3
137 118 10
137 120 4
137 122 -8
137 124 6
137 125 19
137 127 2
137 128 18
137 130 20
137 135 -10
137 136 17
138 5 19
138 6 -9
138 7 15
138 9 10
138 11 1
138 15 14
138 17 14
138 18 -4
138 19 -1
138 21 18
138 22 15
138 23 18
138 24 2
138 28 1
138 29 -5
138 30 -7
138 31 10
138 32 4
138 36 10
138 37 10
138 43 15
138 45 17
138 51 15
138 52 3
138 53 20
138 55 11
138 56 19
138 57 -9
138 59 8
138 61 -2
138 62 12
138 65 -7
138 68 15
138 73 17
138 74 7
138 75 9
138 78 6
138 79 1
138 80 20
138 83 -10
138 84 17
138 85 9
138 87 12
138 88 3
138 91 -2
138 94 18
138 96 -7
138 98 2
138 99 8
138 100 -1
138 102 5
138 104 12
138 106 -1
138 108 -5
138 109 1
138 110 9
138 112 -8
138 114 -8
138 115 17
138 116 -7
138 117 -9
138 121 8
138 124 17
138 126 6
138 127 17
138 131 13
138 133 -10
138 135 17
138 136 10
138 137 6
139 3 5
139 6 7
139 7 -9
139 8 20
139 10 17
139 12 13
139 14 2
139 18 9
139 20 -10
139 23 1
139 28 5
139 29 20
139 31 17
139 32 -7
139 33 -2
139 37 -2
139 38 12
139 39 15
139 41 9
139 43 16
139 47 -4
139 48 -6
139 49 9
139 50 -10
139 55 -6
139 56 -4
139 57 6
139 61 -9
139 62 16
139 65 -7
139 67 -6
139 68 13
139 71 -5
139 73 10
139 74 9
139 76 -4
139 78 20
139 81 -10
139 82 16
139 85 -2
139 86 8
139 87 17
139 89 -2
139 90 -6
139 91 10
139 94 1
139 95 20
139 97 -9
139 99 -4
139 101 11
139 102 18
139 105 7
139 106 -10
139 108 14
139 109 -1
139 111 6
139 112 -1
139 113 5
139 115 10
139 116 5
139 117 -5
139 118 13
139 122 20
139 123 7
139 124 11
139 130 11
139 133 9
139 134 6
139 135 -4
139 136 -9
139 137 2
139 138 16
140 1 -9
140 3 10
140 4 15
140 8 -6
140 9 6
140 17 -9
140 18 6
140 19 18
140 20 3
140 25 7
140 26 9
140 27 -1
140 29 14
140 30 2
140 32 -3
140 33 14
140 39 16
140 44 16
140 46 -9
140 47 8
140 51 15
140 52 -4
140 53 3
140 54 -9
140 55 16
140 56 18
140 57 13
140 58 6
140 59 18
140 62 -7
140 63 20
140 65 12
140 69 1
140 75 13
140 76 9
140 79 1
140 87 15
140 88 11
140 89 14
140 93 11
140 96 18
140 98 1
140 99 2
140 101 20
140 106 -4
140 107 16
140 108 7
140 112 17
140 113 1
140 115 17
140 121 17
140 122 1
140 125 14
140 126 -1
140 130 1
140 133 10
140 135 5
140 138 -5
141 1 10
141 3 -9
141 4 11
141 5 -9
141 8 11
141 9 14
141 10 11
141 11 7
141 13 11
141 14 17
141 16 -8
141 17 -9
141 18 6
141 21 -8
141 22 14
141 29 15
141 30 6
141 31 8
141 32 -1
141 34 12
141 35 6
141 36 5
141 37 2
141 40 -1
141 41 7
141 43 15
141 49 -3
141 51 19
141 52 -3
141 54 13
141 55 7
141 59 1
141 62 17
141 67 12
141 70 4
141 71 8
141 72 2
141 74 -3
141 76 -4
141 77 5
141 80 13
141 81 19
141 82 19
141 84 14
141 85 -10
141 89 10
141 90 -2
141 92 -4
141 94 14
141 97 17
141 100 -10
141 103 4
141 104 -5
141 105 -8
141 106 -9
141 108 5
141 111 16
141 112 20
141 115 -8
141 116 11
141 117 3
141 118 -9
141 119 1
141 120 10
141 124 12
141 125 1
141 126 -10
141 127 18
141 128 -8
141 129 4
141 132 3
141 134 19
141 135 17
141 137 13
141 138 3
141 140 11
142 1 6
142 3 -1
142 5 14
142 10 -9
142 11 18
142 12 10
142 14 10
142 16 9
142 19 5
142 20 2
142 21 9
142 23 5
142 25 3
142 26 -7
142 27 3
142 28 8
142 29 12
142 32 12
142 33 7
142 39 -3
142 40 -8
142 41 18
142 44 7
142 45 10
142 47 6
142 49 -8
142 51 -8
142 52 13
142 53 -1
142 55 -3
142 58 -3
142 59 -1
142 63 12
142 64 11
142 70 9
142 73 16
142 76 9
142 77 19
142 78 -9
142 79 11
142 83 -9
142 84 -6
142 85 9
142 90 -1
142 92 3
142 99 5
142 101 9
142 102 6
142 103 16
142 104 7
142 106 12
142 107 1
142 108 4
142 111 10
142 112 13
142 113 -7
142 114 20
142 115 -2
142 116 11
142 118 -4
142 119 12
142 121 7
142 124 1
142 127 9
142 129 3
142 131 16
142 132 14
142 137 -5
142 141 -2
143 1 -5
143 2 -6
143 3 11
143 4 -8
143 5 -4
143 6 16
143 9 11
143 11 -5
143 13 1
143 14 -1
143 15 -7
143 16 9
143 21 18
143 22 -9
143 24 20
143 25 -5
143 26 -1
143 29 -7
143 31 2
143 35 -10
143 36 -7
143 37 4
143 40 11
143 42 15
143 44 17
143 45 3
143 46 15
143 47 20
143 48 19
143 50 -3
143 53 -8
143 58 13
143 59 10
143 60 10
143 64 6
143 65 4
143 67 10
143 68 -9
143 70 2
143 71 10
143 73 -9
143 74 8
143 76 3
143 77 -4
143 78 17
143 82 -9
143 85 -4
143 89 7
143 90 -3
143 96 8
143 97 -1
143 98 -6
143 99 18
143 100 10
143 105 8
143 107 -1
143 108 -8
143 111 11
143 112 -2
143 113 -7
143 115 6
143 116 18
143 120 -3
143 123 8
143 125 -2
143 126 2
143 130 -8
143 132 18
143 133 19
143 135 -7
143 136 -5
143 137 -2
143 138 -7
143 141 1
144 1 8
144 4 11
144 5 7
144 9 17
144 10 5
144 11 -7
144 13 4
144 18 20
144 20 11
144 23 2
144 24 -1
144 27 10
144 29 14
144 34 18
144 35 -2
144 37 4
144 41 -9
144 42 16
144 43 17
144 44 16
144 46 12
144 47 15
144 48 1
144 49 1
144 50 -8
144 51 15
144 52 10
144 54 -1
144 57 17
144 59 1
144 60 -5
144 63 14
144 64 1
144 65 -8
144 66 18
144 67 4
144 71 15
144 72 -5
144 75 -7
144 80 6
144 83 10
144 85 15
144 88 1
144 92 9
144 95 2
144 96 14
144 97 -1
144 98 -9
144 100 19
144 101 10
144 102 -4
144 103 -6
144 104 14
144 105 -4
144 107 1
144 109 18
144 112 -1
144 113 15
144 114 4
144 115 20
144 120 -6
144 121 -4
144 124 -9
144 126 8
144 129 18
144 139 17
144 143 16
145 5 2
145 6 12
145 7 12
145 8 -1
145 9 -2
145 12 -1
145 13 -7
145 16 -8
145 17 9
145 20 15
145 24 11
145 25 15
145 26 13
145 27 16
145 31 6
145 33 4
145 35 9
145 39 1
145 40 10
145 45 13
145 46 -4
145 48 6
145 49 3
145 51 5
145 52 2
145 55 1
145 57 12
145 58 10
145 60 12
145 65 -7
145 67 16
145 68 14
145 70 6
145 71 12
145 73 -7
145 74 11
145 75 -6
145 77 11
145 79 -9
145 82 4
145 83 -3
145 85 1
145 87 10
145 89 16
145 93 19
145 97 3
145 101 7
145 102 2
145 103 17
145 105 9
145 107 -2
145 112 15
145 113 9
145 118 -9
145 120 -6
145 121 5
145 122 5
145 123 -3
145 125 3
145 126 6
145 130 1
145 132 -8
145 133 18
145 135 13
145 138 -8
145 139 5
146 1 -9
146 2 19
146 5 10
146 6 1
146 9 13
146 10 7
146 11 7
146 12 2
146 13 5
146 14 2
146 17 16
146 26 -5
146 27 -5
146 28 5
146 32 -3
146 34 8
146 36 -8
146 38 14
146 39 19
146 40 -6
146 43 7
146 44 -8
146 50 16
146 52 -5
146 53 15
146 54 11
146 58 7
146 59 10
146 60 4
146 61 1
146 67 15
146 69 2
146 73 12
146 80 17
146 81 3
146 82 -5
146 84 10
146 86 9
146 88 9
146 93 15
146 94 -6
146 96 18
146 99 1
146 101 4
146 104 14
146 106 8
146 107 -3
146 109 -9
146 110 9
146 112 7
146 113 7
146 115 -7
146 117 2
146 118 -1
146 119 19
146 121 13
146 127 17
146 130 13
146 131 -4
146 133 8
146 135 -7
146 137 5
146 139 -10
146 142 2
146 144 8
146 145 8
147 2 -7
147 3 -4
147 5 -5
147 6 -9
147 7 -1
147 16 7
147 20 -3
147 21 -3
147 23 17
147 25 -1
147 33 6
147 35 14
147 36 -7
147 37 20
147 41 5
147 44 15
147 45 12
147 46 12
147 47 13
147 49 -8
147 51 -4
147 52 15
147 55 -8
147 57 -4
147 58 7
147 61 10
147 62 -1
147 64 -7
147 65 -10
147 66 2
147 68 7
147 70 -10
147 71 16
147 72 -3
147 73 16
147 75 3
147 77 -9
147 78 14
147 80 5
147 81 -7
147 85 15
147 89 15
147 90 -9
147 91 -5
147 92 1
147 93 -1
147 94 8
147 96 -4
147 97 4
147 98 18
147 100 6
147 101 14
147 102 11
147 103 1
147 105 9
147 107 1
147 108 5
147 109 -8
147 110 16
147 112 9
147 115 -1
147 116 1
147 117 3
147 119 9
147 121 10
147 122 13
147 123 18
147 124 4
147 129 8
147 132 -4
147 134 17
147 136 14
147 138 17
147 139 15
147 141 8
147 142 13
147 143 -6
147 144 11
147 145 16
148 4 -6
148 5 -3
148 6 -2
148 7 6
148 8 20
148 9 20
148 10 17
148 11 -10
148 13 16
148 17 5
148 18 8
148 19 -10
148 22 -10
148 23 1
148 27 -3
148 28 18
148 33 2
148 40 -3
148 41 -3
148 47 11
148 48 -10
148 50 8
148 53 6
148 54 3
148 55 11
148 57 -7
148 59 15
148 61 -3
148 62 2
148 63 15
148 65 14
148 66 3
148 67 8
148 68 7
148 69 2
148 71 10
148 72 4
148 73 18
148 79 12
148 81 8
148 83 -5
148 84 3
148 85 -8
148 86 3
148 87 12
148 88 -8
148 91 4
148 92 8
148 93 -2
148 94 2
148 96 18
148 99 18
148 102 -3
148 103 9
148 106 -6
148 108 12
148 109 12
148 112 7
148 114 16
148 117 -9
148 121 16
148 125 4
148 127 13
148 128 15
148 129 13
148 131 -3
148 133 8
148 134 1
148 136 19
148 137 19
148 138 20
148 140 13
148 141 7
148 142 7
148 146 -1
149 1 4
149 2 -1
149 5 -2
149 11 -5
149 14 -10
149 17 17
149 18 5
149 19 15
149 20 -9
149 21 4
149 23 4
149 25 10
149 27 19
149 29 17
149 34 -5
149 37 14
149 38 19
149 39 3
149 41 12
149 42 -5
149 43 6
149 45 8
149 46 -8
149 47 16
149 48 2
149 49 9
149 52 4
149 53 2
149 55 -5
149 61 -6
149 63 -3
149 64 11
149 65 11
149 70 10
149 74 -6
149 75 -7
149 77 -4
149 79 5
149 81 12
149 82 -1
149 83 12
149 88 -8
149 90 4
149 91 18
149 94 -3
149 95 13
149 96 11
149 97 19
149 100 20
149 101 4
149 103 -9
149 104 -1
149 105 17
149 107 16
149 109 1
149 110 -10
149 111 14
149 112 8
149 115 19
149 119 13
149 120 13
149 121 18
149 123 -5
149 124 -7
149 128 -8
149 131 19
149 134 18
149 135 17
149 136 1
149 138 14
149 139 16
149 140 19
149 141 15
149 144 -8
149 145 -6
149 146 -10
149 147 14
150 2 9
150 4 11
150 5 -4
150 8 13
150 11 18
150 13 17
150 15 11
150 17 8
150 18 6
150 21 18
150 25 4
150 29 5
150 30 9
150 32 19
150 33 -9
150 35 4
150 36 4
150 37 11
150 40 8
150 43 -3
150 46 -9
150 49 16
150 50 -4
150 51 -7
150 53 -3
150 55 -4
150 57 -4
150 59 -1
150 61 8
150 62 6
150 63 -7
150 64 -5
150 67 13
150 68 -4
150 69 -5
150 70 13
150 72 20
150 75 6
150 79 8
150 80 -10
150 82 -3
150 84 3
150 85 17
150 86 1
150 87 17
150 89 16
150 90 3
150 92 -2
150 95 -3
150 96 7
150 97 -8
150 102 -3
150 103 19
150 106 15
150 107 17
150 111 -6
150 113 -2
150 116 7
150 117 -9
150 118 8
150 124 -10
150 125 8
150 130 -5
150 135 20
150 137 2
150 143 20
150 145 8
150 146 7
150 148 17
151 1 1
151 3 -7
151 7 11
151 9 -10
151 10 -7
151 12 2
151 14 -2
151 16 8
151 18 4
151 21 5
151 22 -6
151 23 6
151 24 16
151 25 -7
151 27 13
151 28 11
151 32 15
151 33 10
151 36 3
151 37 -8
151 38 12
151 42 -7
151 44 -9
151 51 -2
151 52 -8
151 53 -1
151 54 12
151 55 13
151 56 6
151 57 -7
151 61 -4
151 62 -8
151 63 -7
151 65 -1
151 67 -1
151 68 -8
151 69 -7
151 70 3
151 71 6
151 72 -4
151 73 15
151 77 13
151 78 -5
151 79 3
151 80 -5
151 81 19
151 82 -5
151 84 2
151 87 1
151 92 5
151 93 -8
151 95 8
151 96 -7
151 98 -4
151 100 16
151 103 3
151 104 -8
151 107 6
151 108 -8
151 109 20
151 110 17
151 112 12
151 114 -4
151 116 -2
151 119 20
151 121 17
151 122 -7
151 125 19
151 126 -7
151 128 -8
151 129 10
151 131 -9
151 132 19
151 133 -3
151 135 -3
151 136 5
151 138 -9
151 139 -3
151 143 20
151 144 -1
151 145 5
151 146 -8
151 150 -8
152 3 -5
152 4 15
152 5 14
152 8 1
152 9 1
152 10 9
152 12 3
152 14 -10
152 16 12
152 17 15
152 19 -5
152 20 20
152 22 15
152 24 -8
152 26 16
152 31 -2
152 34 -3
152 36 7
152 37 2
152 38 14
152 39 12
152 43 -2
152 44 3
152 45 20
152 51 17
152 52 14
152 53 -4
152 55 15
152 58 1
152 59 -4
152 60 13
152 61 8
152 65 -6
152 68 14
152 69 -8
152 70 6
152 71 17
152 73 11
152 74 9
152 81 5
152 84 15
152 85 -8
152 87 12
152 88 -8
152 93 4
152 94 17
152 97 -8
152 98 15
152 99 3
152 100 -7
152 102 3
152 105 -1
152 108 7
152 109 8
152 110 1
152 116 7
152 117 -6
152 118 7
152 119 11
152 120 -1
152 125 18
152 127 4
152 128 -9
152 129 -7
152 130 -1
152 133 9
152 134 11
152 135 12
152 136 -2
152 138 8
152 140 2
152 144 -10
152 145 4
152 147 16
153 4 19
153 6 -2
153 7 -10
153 8 -9
153 10 -4
153 14 4
153 16 -9
153 18 16
153 21 14
153 25 9
153 26 14
153 27 -10
153 28 11
153 32 6
153 34 -8
153 40 -5
153 41 -3
153 43 4
153 45 -1
153 47 1
153 48 14
153 49 -6
153 52 1
153 53 -3
153 54 2
153 56 19
153 58 16
153 61 1
153 62 15
153 63 -5
153 67 1
153 68 1
153 70 20
153 73 3
153 87 18
153 89 11
153 90 3
153 91 -2
153 93 6
153 97 4
153 99 -8
153 100 -3
153 101 11
153 106 -3
153 107 17
153 109 15
153 113 -5
153 114 7
153 115 -10
153 116 -4
153 117 7
153 120 3
153 122 -3
153 123 8
153 128 18
153 131 -10
153 132 11
153 134 18
153 135 3
153 136 -10
153 137 -10
153 139 7
153 140 14
153 141 2
153 143 13
153 146 11
153 151 -4
154 1 2
154 2 10
154 8 4
154 11 1
154 15 16
154 16 8
154 18 6
154 19 11
154 21 18
154 22 11
154 23 2
154 24 13
154 25 7
154 26 1
154 30 -2
154 32 12
154 33 5
154 35 -1
154 36 16
154 37 -8
154 39 6
154 40 5
154 42 9
154 44 4
154 46 2
154 47 11
154 49 12
154 51 11
154 55 -5
154 56 11
154 58 -10
154 61 6
154 63 18
154 65 -3
154 66 1
154 68 11
154 69 4
154 70 -1
154 71 9
154 73 14
154 74 8
154 76 9
154 77 14
154 78 16
154 80 9
154 82 17
154 83 3
154 86 2
154 89 17
154 93 7
154 95 20
154 96 10
154 102 12
154 106 -2
154 109 12
154 112 -10
154 114 19
154 115 -4
154 117 17
154 120 8
154 122 -5
154 123 15
154 126 2
154 127 -4
154 129 -6
154 130 -4
154 133 -1
154 134 6
154 138 19
154 139 9
154 141 -9
154 142 -1
154 143 2
154 144 1
154 146 16
154 149 16
154 150 19
154 151 -5
154 152 15
155 3 -10
155 4 6
155 8 15
155 10 1
155 11 17
155 13 -5
155 15 10
155 16 -3
155 17 14
155 19 1
155 20 8
155 23 9
155 24 -7
155 25 4
155 27 7
155 30 1
155 31 11
155 33 11
155 35 -9
155 37 -3
155 38 16
155 39 -4
155 41 20
155 42 1
155 45 -9
155 49 7
155 54 -10
155 56 15
155 58 12
155 61 19
155 62 19
155 65 -6
155 68 6
155 69 -3
155 71 -7
155 72 13
155 73 -6
155 76 -2
155 78 8
155 80 -8
155 81 -2
155 83 7
155 84 20
155 92 16
155 93 10
155 94 2
155 96 20
155 97 17
155 100 1
155 101 8
155 104 16
155 105 -1
155 106 10
155 108 13
155 112 11
155 113 13
155 116 7
155 118 14
155 119 17
155 124 -7
155 129 14
155 130 20
155 131 9
155 136 20
155 138 8
155 141 17
155 143 -6
155 144 8
155 145 6
155 147 -10
155 148 3
155 149 -7
155 150 20
155 152 -7
155 153 20
156 2 18
156 5 10
156 6 -3
156 7 11
156 9 -10
156 10 -9
156 13 -1
156 15 16
156 16 4
156 17 -3
156 18 13
156 19 -3
156 21 9
156 22 15
156 25 16
156 28 19
156 30 18
156 31 18
156 33 19
156 34 -2
156 35 12
156 38 13
156 39 11
156 44 16
156 47 15
156 48 -6
156 49 -5
156 50 15
156 51 11
156 60 1
156 62 -4
156 64 5
156 65 6
156 67 20
156 68 13
156 69 -9
156 71 -3
156 72 -7
156 73 8
156 75 12
156 76 6
156 77 7
156 78 6
156 79 8
156 81 14
156 82 -1
156 83 -6
156 84 -10
156 85 2
156 88 9
156 90 -5
156 94 -3
156 95 16
156 96 17
156 97 19
156 98 -1
156 99 7
156 102 5
156 107 -4
156 108 7
156 109 16
156 110 19
156 111 -2
156 114 11
156 116 17
156 117 -5
156 118 10
156 121 7
156 122 4
156 124 7
156 127 9
156 129 -9
156 134 -7
156 137 7
156 138 8
156 142 -3
156 143 1
156 145 5
156 147 -8
156 155 16
157 6 -9
157 7 -3
157 9 -3
157 10 18
157 12 14
157 13 15
157 18 -7
157 20 5
157 21 9
157 22 -3
157 25 -6
157 30 5
157 31 -9
157 34 3
157 37 3
157 38 2
157 39 14
157 41 8
157 42 14
157 43 -5
157 44 3
157 48 11
157 49 9
157 52 6
157 53 13
157 54 -6
157 57 -7
157 58 -8
157 59 6
157 60 -9
157 61 -10
157 63 -8
157 64 -10
157 68 -5
157 70 4
157 71 11
157 72 8
157 73 1
157 74 15
157 76 -4
157 77 18
157 79 8
157 80 13
157 82 -4
157 84 13
157 88 12
157 90 7
157 91 4
157 93 14
157 94 -8
157 95 15
157 96 -8
157 97 -8
157 100 6
157 101 -10
157 105 3
157 106 17
157 108 10
157 110 10
157 113 8
157 114 2
157 116 -4
157 119 5
157 120 6
157 123 -8
157 126 4
157 127 -1
157 128 -1
157 129 2
157 131 16
157 132 16
157 133 -5
157 137 15
157 139 5
157 140 -7
157 144 7
157 145 -2
157 146 14
157 147 -2
157 148 11
157 151 14
157 153 2
157 154 5
157 156 4
158 4 -1
158 5 18
158 9 -2
158 10 -8
158 11 5
158 13 11
158 14 18
158 15 -7
158 16 9
158 19 -10
158 20 -2
158 21 -9
158 22 2
158 24 3
158 27 3
158 28 -10
158 30 2
158 32 16
158 35 19
158 37 -5
158 45 -9
158 46 19
158 48 13
158 50 12
158 52 9
158 53 8
158 55 -8
158 57 6
158 60 14
158 62 10
158 64 14
158 65 5
158 69 -7
158 70 12
158 72 14
158 73 13
158 74 14
158 75 -5
158 76 -9
158 79 13
158 80 -2
158 81 3
158 82 16
158 86 -8
158 87 -5
158 88 14
158 89 -9
158 90 13
158 94 12
158 97 11
158 98 5
158 99 18
158 100 19
158 102 -2
158 104 9
158 105 12
158 106 13
158 107 19
158 108 -7
158 109 12
158 111 3
158 113 18
158 115 6
158 116 -8
158 117 8
158 118 -3
158 120 9
158 121 11
158 123 17
158 124 -9
158 126 -9
158 127 2
158 132 20
158 134 17
158 135 12
158 136 20
158 137 1
158 142 -4
158 143 -8
158 145 15
158 148 15
158 149 -10
158 154 18
158 155 8
158 156 5
159 1 -2
159 4 -3
159 7 11
159 8 6
159 9 1
159 10 19
159 13 4
159 14 -8
159 15 20
159 16 12
159 18 -2
159 19 13
159 26 -7
159 29 -4
159 34 7
159 35 -8
159 36 19
159 38 11
159 39 -10
159 40 -3
159 41 2
159 42 15
159 45 -1
159 46 -4
159 47 -8
159 51 7
159 53 2
159 54 -3
159 57 -4
159 61 9
159 63 8
159 65 -1
159 66 -8
159 70 7
159 71 14
159 72 -1
159 74 6
159 75 9
159 77 13
159 78 -5
159 79 13
159 80 -7
159 82 5
159 84 16
159 85 -7
159 86 13
159 87 -5
159 90 1
159 91 -5
159 92 2
159 95 -4
159 97 18
159 101 -1
159 103 3
159 105 14
159 106 8
159 108 14
159 110 15
159 111 20
159 112 18
159 113 -6
159 114 5
159 119 19
159 120 3
159 130 15
159 132 16
159 133 3
159 135 -1
159 136 12
159 138 18
159 139 -4
159 140 -1
159 141 19
159 146 3
159 149 15
159 150 19
159 151 -10
159 152 6
159 154 19
159 156 -9
159 157 13
159 158 -6
160 1 5
160 3 12
160 4 -3
160 6 -6
160 7 7
160 8 18
160 9 18
160 10 11
160 12 5
160 15 13
160 16 -8
160 18 10
160 19 9
160 20 20
160 22 -7
160 28 18
160 29 2
160 32 -4
160 33 -6
160 36 2
160 37 16
160 38 -4
160 39 8
160 40 -9
160 41 -3
160 42 8
160 43 -5
160 44 9
160 46 9
160 47 7
160 48 13
160 50 3
160 53 18
160 57 -6
160 59 2
160 60 8
160 61 -2
160 62 -2
160 66 17
160 69 9
160 74 -3
160 79 7
160 83 1
160 84 14
160 87 -10
160 89 -7
160 91 6
160 95 -9
160 96 -8
160 97 3
160 98 5
160 101 7
160 103 7
160 105 -9
160 111 11
160 112 -8
160 114 10
160 116 17
160 120 9
160 121 -3
160 123 -1
160 124 -10
160 133 13
160 136 18
160 140 18
160 141 19
160 145 1
160 146 11
160 147 12
160 151 17
160 157 19
160 159 -10
161 1 17
161 2 -3
161 3 15
161 5 19
161 6 16
161 8 2
161 10 -9
161 11 15
161 12 -1
161 13 2
161 15 4
161 18 -2
161 19 13
161 22 6
161 24 18
161 25 16
161 26 5
161 33 -9
161 34 -8
161 35 -5
161 36 15
161 37 5
161 38 7
161 41 6
161 43 -2
161 45 16
161 46 13
161 51 17
161 52 -2
161 53 -2
161 55 -2
161 58 10
161 59 19
161 61 13
161 63 13
161 64 4
161 68 5
161 70 8
161 71 6
161 72 20
161 74 -10
161 75 6
161 76 -3
161 79 2
161 80 -4
161 84 6
161 86 -8
161 88 6
161 89 -1
161 90 -3
161 91 14
161 94 -1
161 97 -6
161 98 -5
161 102 -2
161 103 6
161 106 14
161 108 14
161 109 -5
161 110 15
161 111 -10
161 112 -4
161 115 2
161 116 3
161 117 -2
161 118 11
161 121 20
161 122 7
161 123 -1
161 124 6
161 125 2
161 126 6
161 127 -2
161 129 -10
161 130 17
161 132 10
161 133 8
161 136 3
161 137 -8
161 138 2
161 140 -4
161 143 14
161 147 -10
161 149 -1
161 150 15
161 152 -7
161 153 7
161 158 -1
161 159 16
161 160 16
162 1 -6
162 2 20
162 6 3
162 9 -8
162 11 -2
162 13 1
162 14 -3
162 17 20
162 24 10
162 27 19
162 29 5
162 30 8
162 32 -9
162 33 14
162 34 4
162 35 10
162 36 16
162 38 11
162 40 -2
162 41 16
162 42 1
162 43 13
162 44 20
162 46 15
162 48 17
162 53 9
162 54 13
162 56 14
162 57 -9
162 58 -9
162 63 -7
162 66 14
162 73 -2
162 74 8
162 75 7
162 77 20
162 82 6
162 83 -7
162 86 20
162 87 13
162 92 14
162 93 20
162 96 -5
162 97 -9
162 103 6
162 105 10
162 106 -7
162 107 2
162 108 7
162 109 -3
162 110 19
162 111 -5
162 113 7
162 120 12
162 121 -6
162 122 8
162 123 -7
162 124 11
162 125 1
162 126 4
162 127 -7
162 128 19
162 129 15
162 130 12
162 133 -7
162 134 -1
162 136 -2
162 139 -7
162 142 -6
162 144 14
162 147 3
162 152 9
162 153 -2
162 154 1
162 155 6
162 157 6
162 160 3
163 1 -6
163 3 -9
163 5 13
163 7 10
163 8 -10
163 9 4
163 11 -6
163 12 20
163 13 16
163 14 5
163 16 4
163 17 12
163 18 18
163 22 11
163 23 4
163 25 16
163 30 4
163 33 2
163 34 5
163 36 18
163 38 -7
163 39 19
163 40 -5
163 41 -10
163 42 14
163 44 -3
163 46 -9
163 48 12
163 49 8
163 51 -7
163 53 19
163 56 -4
163 57 9
163 60 -9
163 63 1
163 64 -8
163 67 1
163 69 12
163 72 12
163 76 11
163 78 -6
163 79 1
163 80 1
163 81 7
163 83 9
163 84 2
163 85 15
163 87 16
163 88 1
163 89 11
163 90 7
163 91 18
163 92 -7
163 94 15
163 95 5
163 97 20
163 99 -5
163 100 1
163 101 13
163 102 -8
163 106 12
163 107 1
163 110 -3
163 116 9
163 118 -1
163 119 -8
163 120 2
163 121 -8
163 123 -2
163 125 -10
163 127 11
163 128 9
163 129 13
163 134 12
163 135 17
163 138 16
163 139 3
163 142 11
163 145 7
163 150 15
163 154 -2
163 157 -1
163 159 6
164 3 -10
164 4 -10
164 7 1
164 9 -7
164 11 -4
164 12 -4
164 13 7
164 14 -8
164 15 10
164 17 15
164 20 20
164 21 17
164 23 13
164 25 2
164 26 20
164 27 2
164 28 -10
164 31 3
164 32 16
164 33 -1
164 36 9
164 37 -1
164 42 16
164 43 20
164 44 17
164 45 5
164 46 -9
164 49 13
164 51 -4
164 52 -6
164 53 3
164 54 20
164 55 14
164 57 1
164 59 -7
164 63 -10
164 64 9
164 65 4
164 71 10
164 73 16
164 79 8
164 81 8
164 83 7
164 86 1
164 88 6
164 89 9
164 92 17
164 93 5
164 94 19
164 98 -6
164 99 7
164 101 -10
164 103 17
164 105 13
164 106 18
164 110 15
164 116 1
164 117 13
164 118 17
164 119 -5
164 120 1
164 122 16
164 123 18
164 127 -7
164 128 9
164 130 5
164 131 -7
164 132 18
164 135 3
164 138 18
164 140 14
164 141 12
164 142 9
164 143 12
164 145 9
164 147 -3
164 148 2
164 151 4
164 153 20
164 154 2
164 155 15
164 159 13
164 162 9
164 163 -6
165 4 9
165 7 6
165 8 9
165 9 -5
165 11 -8
165 14 -4
165 17 -3
165 20 -8
165 21 -2
165 24 -4
165 26 -2
165 27 4
165 31 13
165 33 -6
165 34 8
165 36 16
165 38 -5
165 39 -1
165 44 -9
165 47 -9
165 48 -2
165 49 16
165 50 17
165 51 10
165 52 -2
165 54 17
165 57 10
165 58 7
165 59 10
165 60 -4
165 64 -10
165 67 16
165 70 8
165 72 5
165 74 7
165 76 17
165 79 2
165 80 18
165 81 17
165 84 14
165 86 -7
165 87 -7
165 88 8
165 91 -8
165 93 17
165 96 -4
165 98 4
165 100 6
165 101 7
165 102 2
165 103 -6
165 107 -10
165 108 2
165 112 9
165 113 15
165 114 11
165 115 -7
165 118 2
165 119 4
165 122 7
165 123 15
165 124 -7
165 125 -4
165 126 8
165 129 9
165 134 15
165 137 -4
165 138 12
165 139 -9
165 143 7
165 146 7
165 148 -6
165 149 6
165 153 6
165 155 5
165 156 13
165 158 12
165 159 -9
165 160 20
165 161 -8
165 164 20
166 2 13
166 3 -1
166 4 18
166 5 3
166 7 6
166 8 -8
166 10 -4
166 12 -8
166 13 1
166 15 1
166 18 3
166 19 5
166 20 11
166 21 3
166 22 -3
166 23 -2
166 24 13
166 25 14
166 26 8
166 27 4
166 28 16
166 30 2
166 32 3
166 34 -2
166 35 2
166 39 15
166 41 14
166 42 1
166 44 12
166 45 17
166 46 13
166 47 20
166 50 -2
166 51 5
166 53 5
166 55 15
166 58 1
166 59 -8
166 62 10
166 64 18
166 65 11
166 66 18
166 67 -4
166 68 -10
166 74 6
166 75 -7
166 76 20
166 78 -6
166 79 5
166 80 -4
166 83 6
166 84 -3
166 85 1
166 88 17
166 89 5
166 90 18
166 92 18
166 93 -8
166 94 20
166 95 19
166 96 -7
166 99 -4
166 100 17
166 101 9
166 102 15
166 103 -8
166 104 15
166 105 -7
166 106 -4
166 108 15
166 111 13
166 112 -8
166 115 1
166 117 4
166 118 20
166 122 -1
166 126 3
166 127 4
166 128 7
166 129 -2
166 136 11
166 137 6
166 139 10
166 140 19
166 144 -5
166 145 -7
166 150 12
166 156 3
166 157 15
166 158 5
166 160 7
166 162 19
166 164 -7
166 165 7
167 1 6
167 2 4
167 5 -6
167 8 18
167 9 -2
167 10 -4
167 11 7
167 13 -8
167 14 1
167 17 2
167 18 11
167 23 -10
167 26 12
167 29 19
167 32 9
167 33 7
167 35 2
167 36 1
167 37 -1
167 39 20
167 40 13
167 41 3
167 43 20
167 46 17
167 47 15
167 52 -10
167 55 6
167 56 15
167 57 -1
167 58 7
167 59 10
167 60 9
167 61 6
167 64 12
167 67 8
167 68 1
167 70 8
167 75 1
167 76 -6
167 78 -7
167 79 17
167 80 -3
167 81 -6
167 87 15
167 90 9
167 91 14
167 93 16
167 95 7
167 96 8
167 98 20
167 99 -7
167 100 -9
167 101 16
167 102 3
167 105 7
167 106 5
167 109 18
167 110 4
167 111 17
167 113 -4
167 116 1
167 117 16
167 122 16
167 125 1
167 129 18
167 130 7
167 132 -1
167 133 13
167 140 -5
167 144 15
167 145 -1
167 146 6
167 147 14
167 149 1
167 150 1
167 152 20
167 153 -9
167 154 17
167 156 -5
167 157 4
167 159 -8
167 160 17
167 162 14
167 163 8
167 166 17
168 2 2
168 5 15
168 6 2
168 8 20
168 10 10
168 12 -6
168 13 -9
168 14 6
168 17 -4
168 19 -3
168 20 -5
168 21 3
168 22 -3
168 23 -8
168 25 8
168 30 -7
168 32 -10
168 33 12
168 35 -6
168 38 -3
168 39 3
168 43 7
168 48 -6
168 50 -10
168 51 18
168 53 9
168 55 -5
168 59 -9
168 60 7
168 61 8
168 66 17
168 67 18
168 68 -6
168 70 -8
168 71 9
168 72 3
168 73 18
168 75 4
168 76 -5
168 77 12
168 79 17
168 81 -1
168 84 -3
168 85 18
168 87 7
168 90 -4
168 91 -6
168 93 -2
168 94 -2
168 99 -6
168 101 12
168 102 -10
168 103 14
168 104 17
168 106 -1
168 108 -9
168 109 -2
168 112 -5
168 113 3
168 123 -1
168 124 2
168 125 20
168 128 12
168 132 -6
168 133 -10
168 136 5
168 137 5
168 138 -10
168 139 12
168 142 -1
168 144 -3
168 148 12
168 149 3
168 150 -4
168 152 -9
168 153 -6
168 155 1
168 161 -1
168 164 16
168 165 -4
169 1 4
169 3 -6
169 4 10
169 6 -9
169 7 4
169 8 -6
169 10 19
169 11 17
169 13 -9
169 14 -3
169 15 3
169 21 -5
169 22 -5
169 23 10
169 24 -4
169 25 15
169 26 -6
169 27 10
169 28 -10
169 29 -3
169 30 20
169 31 -5
169 35 2
169 38 13
169 39 17
169 42 19
169 43 15
169 46 -3
169 50 2
169 51 -9
169 55 1
169 56 -3
169 57 18
169 58 4
169 59 7
169 60 4
169 65 -5
169 69 8
169 72 3
169 76 -6
169 78 8
169 82 -1
169 84 5
169 87 11
169 89 -9
169 92 -2
169 93 -9
169 98 20
169 100 10
169 101 9
169 102 15
169 103 18
169 105 -8
169 106 17
169 107 -6
169 109 10
169 111 -8
169 113 -6
169 115 3
169 119 1
169 121 -8
169 122 18
169 123 11
169 124 5
169 125 -5
169 129 7
169 131 14
169 134 8
169 139 19
169 141 -2
169 144 -4
169 146 12
169 147 -2
169 149 17
169 150 9
169 158 6
169 160 5
169 161 -1
169 165 7
169 166 13
169 167 11
170 5 -2
170 6 -6
170 7 4
170 9 -4
170 10 5
170 12 5
170 14 -4
170 15 -10
170 18 11
170 19 -7
170 21 8
170 26 2
170 28 14
170 31 -3
170 32 7
170 33 4
170 34 4
170 36 11
170 38 17
170 41 -3
170 43 6
170 47 -10
170 52 -3
170 54 6
170 55 -2
170 56 -4
170 57 14
170 58 9
170 59 14
170 63 -10
170 68 4
170 69 12
170 70 -6
170 71 12
170 72 15
170 73 6
170 74 20
170 75 17
170 76 17
170 77 12
170 81 -9
170 82 10
170 84 15
170 87 2
170 89 10
170 96 17
170 101 -2
170 102 16
170 103 4
170 107 -9
170 109 11
170 113 8
170 114 -6
170 117 5
170 118 20
170 122 3
170 123 18
170 127 -7
170 128 -2
170 129 -9
170 131 -8
170 133 -3
170 135 4
170 137 18
170 142 1
170 143 -10
170 145 -9
170 146 -8
170 149 3
170 150 -3
170 151 14
170 152 -6
170 153 4
170 155 -9
170 156 -4
170 157 -2
170 159 17
170 161 -5
170 164 -4
170 165 -10
170 166 7
170 167 -8
170 168 6
170 169 5
171 1 12
171 2 -1
171 5 5
171 6 18
171 8 -5
171 9 19
171 11 4
171 12 -5
171 13 8
171 14 -10
171 16 -1
171 19 -5
171 20 -1
171 27 -10
171 29 14
171 31 -7
171 34 1
171 35 -1
171 36 -1
171 37 16
171 38 7
171 39 12
171 41 17
171 43 12
171 45 -7
171 50 4
171 52 -3
171 54 16
171 56 -4
171 58 6
171 59 -4
171 60 -3
171 61 -1
171 63 -10
171 64 5
171 68 13
171 69 8
171 71 -6
171 72 15
171 75 2
171 76 12
171 77 18
171 78 -9
171 79 3
171 81 -10
171 83 -6
171 86 14
171 87 18
171 93 18
171 94 14
171 95 4
171 96 12
171 102 17
171 103 3
171 106 11
171 108 6
171 111 -4
171 113 16
171 114 11
171 115 -3
171 116 14
171 120 -7
171 123 16
171 126 16
171 127 16
171 129 2
171 130 1
171 131 -9
171 133 18
171 135 4
171 136 19
171 137 7
171 139 12
171 142 8
171 143 6
171 147 -1
171 148 1
171 149 -6
171 150 12
171 154 5
171 157 6
171 159 -7
171 161 16
171 163 13
171 165 20
171 168 3
171 169 18
171 170 -3
172 1 4
172 3 20
172 5 1
172 7 9
172 11 13
172 12 9
172 13 16
172 18 15
172 19 10
172 21 15
172 24 4
172 26 11
172 28 16
172 34 -6
172 41 -9
172 43 -4
172 45 -10
172 46 2
172 47 16
172 49 11
172 52 6
172 53 5
172 55 -7
172 59 10
172 61 10
172 63 10
172 64 2
172 65 -7
172 66 15
172 72 -9
172 73 -9
172 75 -5
172 76 19
172 77 17
172 79 -9
172 80 10
172 81 20
172 85 9
172 88 -9
172 89 -9
172 94 9
172 97 3
172 99 14
172 100 -1
172 101 -3
172 102 20
172 104 20
172 105 20
172 106 -10
172 107 11
172 108 -2
172 109 3
172 111 -5
172 113 -8
172 114 6
172 115 -3
172 118 10
172 120 1
172 124 1
172 125 -6
172 129 -7
172 130 -7
172 131 -9
172 132 17
172 133 20
172 136 19
172 137 14
172 139 1
172 140 7
172 141 12
172 145 3
172 146 12
172 147 -2
172 150 17
172 151 -1
172 152 18
172 155 12
172 157 -1
172 158 17
172 159 5
172 161 9
172 162 18
172 165 11
172 166 -6
172 169 -9
172 170 8
173 1 7
173 2 -1
173 4 13
173 5 5
173 6 10
173 8 -7
173 9 13
173 10 4
173 11 16
173 15 -7
173 17 -5
173 20 -3
173 21 -10
173 22 10
173 24 3
173 25 5
173 28 5
173 29 6
173 31 7
173 36 11
173 41 20
173 48 -3
173 50 -3
173 54 19
173 57 8
173 59 -3
173 60 3
173 62 16
173 65 11
173 68 5
173 71 1
173 75 10
173 76 11
173 77 7
173 78 8
173 81 -1
173 86 -8
173 88 16
173 89 -3
173 90 -7
173 91 -3
173 94 17
173 95 19
173 97 -2
173 98 20
173 101 12
173 103 19
173 104 19
173 105 8
173 107 -8
173 110 11
173 111 7
173 112 7
173 114 2
173 115 8
173 117 18
173 119 -7
173 120 -10
173 126 -6
173 127 -8
173 128 4
173 129 18
173 130 17
173 132 3
173 134 -5
173 136 -9
173 138 2
173 141 1
173 142 14
173 144 6
173 145 -3
173 147 -4
173 149 14
173 150 17
173 151 18
173 152 10
173 158 -5
173 161 10
173 163 16
173 164 17
173 166 -10
173 167 15
173 169 8
173 171 20
174 4 11
174 5 20
174 7 18
174 8 14
174 10 15
174 11 -10
174 12 19
174 15 6
174 19 11
174 21 -10
174 23 -9
174 24 4
174 26 12
174 28 -10
174 29 7
174 31 -1
174 34 18
174 35 2
174 38 13
174 39 11
174 41 6
174 42 17
174 44 6
174 46 18
174 50 -2
174 52 8
174 54 13
174 57 -10
174 62 5
174 63 6
174 64 -7
174 65 -1
174 67 -4
174 68 -7
174 70 9
174 72 4
174 75 4
174 76 11
174 78 19
174 80 -4
174 81 18
174 84 6
174 92 10
174 95 -7
174 96 20
174 97 3
174 98 -8
174 100 -6
174 103 -5
174 104 16
174 105 12
174 107 -3
174 108 -9
174 110 4
174 112 1
174 114 17
174 115 15
174 116 7
174 117 -7
174 118 4
174 119 5
174 121 -1
174 123 14
174 126 15
174 127 19
174 128 6
174 130 20
174 131 9
174 132 2
174 135 4
174 136 15
174 139 15
174 142 17
174 146 7
174 150 17
174 151 -2
174 152 4
174 154 -8
174 155 1
174 158 -1
174 162 11
174 163 13
174 164 17
174 171 6
175 4 -9
175 8 12
175 9 12
175 10 8
175 12 -2
175 15 7
175 16 -1
175 17 4
175 19 14
175 20 7
175 21 -6
175 22 9
175 23 14
175 24 -1
175 26 -9
175 30 9
175 32 18
175 33 17
175 35 -5
175 38 1
175 39 -4
175 40 15
175 44 -2
175 45 5
175 48 5
175 49 5
175 52 -10
175 56 -5
175 60 -2
175 61 15
175 66 20
175 68 -2
175 69 11
175 74 5
175 75 8
175 76 7
175 80 13
175 81 18
175 83 3
175 84 11
175 85 16
175 86 15
175 88 12
175 89 19
175 90 -5
175 92 -6
175 93 -9
175 94 5
175 95 14
175 96 3
175 100 6
175 102 14
175 106 14
175 107 -3
175 108 -1
175 111 19
175 112 -6
175 115 -4
175 119 5
175 120 -4
175 121 2
175 123 -8
175 126 16
175 128 15
175 129 19
175 130 11
175 131 4
175 132 16
175 134 -6
175 135 12
175 136 -10
175 139 3
175 140 18
175 144 -9
175 145 -3
175 147 -4
175 150 15
175 152 5
175 154 -1
175 155 2
175 156 5
175 158 -4
175 162 8
175 164 9
175 167 5
175 168 17
175 169 -10
175 172 8
175 173 18
175 174 -8
176 3 7
176 4 -6
176 6 -1
176 7 -9
176 10 -2
176 12 -2
176 13 18
176 14 -8
176 16 -2
176 17 9
176 18 2
176 19 14
176 20 2
176 21 -2
176 25 -8
176 26 8
176 28 -6
176 30 9
176 31 18
176 33 -2
176 36 -7
176 37 19
176 38 -7
176 43 -7
176 45 -4
176 47 5
176 48 5
176 52 17
176 53 8
176 55 18
176 56 19
176 57 13
176 60 -5
176 62 -3
176 67 17
176 73 8
176 75 19
176 76 18
176 77 16
176 78 2
176 80 12
176 82 6
176 84 12
176 85 19
176 87 -10
176 88 17
176 89 -5
176 90 18
176 91 8
176 92 13
176 93 12
176 94 14
176 100 8
176 102 18
176 104 13
176 106 4
176 109 15
176 110 10
176 112 -1
176 115 17
176 117 8
176 118 20
176 119 16
176 128 14
176 130 13
176 132 18
176 135 -5
176 136 18
176 140 -3
176 141 9
176 143 7
176 144 -2
176 146 18
176 149 15
176 150 19
176 151 2
176 152 10
176 154 9
176 156 4
176 158 1
176 160 -5
176 162 15
176 163 6
176 165 12
176 169 17
176 173 -8
176 174 -7
177 2 -3
177 4 4
177 6 14
177 9 -2
177 10 20
177 11 -5
177 12 6
177 13 16
177 15 2
177 17 -5
177 21 17
177 25 14
177 26 12
177 28 8
177 29 6
177 30 8
177 31 -5
177 33 13
177 36 17
177 37 2
177 40 14
177 43 -8
177 46 7
177 48 1
177 49 16
177 52 3
177 54 -4
177 57 8
177 60 3
177 62 -4
177 64 19
177 65 -8
177 68 20
177 69 3
177 71 -8
177 73 -5
177 77 13
177 78 18
177 80 -1
177 81 2
177 82 16
177 85 6
177 88 -3
177 89 6
177 92 -9
177 97 11
177 98 14
177 102 3
177 103 14
177 105 5
177 106 4
177 110 -9
177 113 17
177 115 18
177 117 -3
177 118 -3
177 123 2
177 124 13
177 125 -1
177 127 -5
177 128 12
177 129 2
177 133 17
177 134 3
177 135 13
177 136 9
177 137 1
177 143 14
177 144 19
177 148 9
177 153 5
177 156 17
177 158 -5
177 164 -1
177 167 6
177 168 -2
177 169 -1
177 170 20
177 173 -3
177 174 15
177 175 2
177 176 -2
178 2 -8
178 8 -7
178 9 -10
178 11 -1
178 13 4
178 14 15
178 17 4
178 19 15
178 21 1
178 22 -3
178 24 -9
178 25 1
178 26 2
178 27 -1
178 28 19
178 29 7
178 30 9
178 31 -2
178 32 20
178 33 8
178 35 10
178 36 -4
178 38 8
178 39 6
178 42 18
178 44 -4
178 45 10
178 48 10
178 49 5
178 50 6
178 51 20
178 52 19
178 53 4
178 57 12
178 58 6
178 59 16
178 60 -2
178 61 8
178 62 20
178 65 1
178 67 17
178 70 20
178 74 -4
178 76 5
178 80 18
178 84 -4
178 86 8
178 87 15
178 89 11
178 90 -5
178 91 4
178 101 17
178 102 12
178 103 9
178 106 -5
178 108 10
178 109 18
178 112 -3
178 113 14
178 114 9
178 116 12
178 121 3
178 122 14
178 125 14
178 126 -10
178 127 -8
178 128 -1
178 130 5
178 134 8
178 136 -1
178 141 10
178 142 15
178 145 -2
178 146 5
178 148 -10
178 151 -9
178 152 11
178 153 -5
178 156 -8
178 159 11
178 161 -4
178 162 -4
178 165 7
178 166 6
178 167 3
178 172 11
178 173 6
178 177 15
179 2 -7
179 3 -9
179 4 13
179 5 7
179 7 12
179 9 -6
179 10 14
179 12 14
179 13 -2
179 15 10
179 18 4
179 20 -2
179 21 6
179 24 5
179 28 13
179 29 -1
179 31 11
179 32 -8
179 34 1
179 35 20
179 36 7
179 37 12
179 40 6
179 44 9
179 46 5
179 47 16
179 49 15
179 54 -1
179 56 -7
179 57 20
179 60 -6
179 61 14
179 62 -7
179 63 12
179 65 1
179 67 17
179 69 3
179 70 -3
179 72 20
179 73 -2
179 75 4
179 76 -4
179 78 -2
179 79 -10
179 80 -10
179 81 6
179 83 -6
179 85 8
179 87 11
179 88 11
179 91 2
179 93 10
179 96 -3
179 97 -7
179 101 17
179 106 7
179 108 4
179 110 9
179 113 -2
179 116 1
179 118 19
179 119 4
179 120 14
179 123 2
179 124 -8
179 129 4
179 130 -3
179 133 19
179 138 7
179 139 4
179 141 9
179 142 20
179 144 10
179 145 -10
179 146 19
179 148 16
179 149 18
179 156 4
179 157 -8
179 158 14
179 159 15
179 163 4
179 164 -3
179 165 20
179 166 11
179 168 11
179 169 13
179 170 5
179 172 18
179 178 -2
180 2 9
180 3 9
180 4 -1
180 6 12
180 10 11
180 12 17
180 14 19
180 17 -7
180 18 -8
180 19 5
180 21 -6
180 24 17
180 28 9
180 29 -10
180 31 -6
180 32 16
180 34 -2
180 35 -1
180 38 -2
180 40 -5
180 41 20
180 42 14
180 44 2
180 48 19
180 50 13
180 51 9
180 52 10
180 53 -1
180 54 -9
180 56 -4
180 57 7
180 59 -5
180 60 11
180 63 1
180 65 2
180 66 9
180 67 15
180 69 3
180 70 19
180 71 3
180 73 11
180 74 9
180 76 17
180 79 4
180 80 1
180 88 -10
180 90 -2
180 91 13
180 93 7
180 95 17
180 96 15
180 98 19
180 99 1
180 100 1
180 105 15
180 108 -7
180 109 12
180 110 -8
180 113 19
180 114 8
180 117 14
180 118 18
180 119 8
180 121 5
180 122 19
180 130 -3
180 141 -6
180 144 -6
180 146 7
180 147 -8
180 148 11
180 150 -9
180 151 2
180 153 -3
180 154 -8
180 155 -10
180 156 5
180 158 2
180 161 -5
180 163 8
180 164 11
180 166 12
180 168 5
180 171 -5
180 173 6
180 176 13
180 177 12
180 178 8
181 4 10
181 6 6
181 7 -9
181 8 12
181 10 -6
181 12 -6
181 14 -1
181 16 -9
181 17 10
181 20 -9
181 22 5
181 24 -2
181 26 8
181 27 -10
181 30 13
181 31 4
181 34 8
181 35 17
181 37 -1
181 38 3
181 43 8
181 44 -2
181 45 -10
181 46 18
181 48 11
181 49 5
181 54 16
181 55 12
181 56 8
181 57 12
181 58 7
181 59 3
181 60 9
181 66 -6
181 67 5
181 68 10
181 69 -10
181 72 -10
181 74 -8
181 75 -8
181 77 -9
181 78 -10
181 79 -7
181 80 14
181 82 3
181 83 -3
181 84 1
181 85 1
181 86 13
181 90 -8
181 91 11
181 92 -4
181 93 12
181 94 -8
181 96 1
181 97 15
181 98 19
181 99 -3
181 104 -3
181 107 3
181 109 8
181 111 17
181 114 3
181 115 -1
181 116 20
181 117 -6
181 118 16
181 121 15
181 122 16
181 123 6
181 125 -2
181 126 1
181 131 -8
181 132 -9
181 135 -8
181 136 -9
181 144 -2
181 146 6
181 147 -2
181 148 7
181 150 9
181 151 6
181 152 -4
181 153 19
181 155 5
181 158 7
181 159 10
181 160 3
181 161 14
181 164 15
181 165 8
181 166 -9
181 167 7
181 168 10
181 169 13
181 170 -10
181 173 7
181 176 19
181 177 16
181 178 19
182 1 -2
182 2 1
182 3 6
182 10 4
182 11 20
182 12 -6
182 13 6
182 18 -8
182 19 15
182 21 -4
182 22 17
182 23 -1
182 24 16
182 25 -6
182 28 2
182 31 19
182 35 7
182 37 8
182 38 12
182 40 6
182 41 -10
182 43 12
182 44 5
182 46 18
182 47 13
182 49 -6
182 50 16
182 51 16
182 52 12
182 53 1
182 54 -3
182 57 12
182 59 -7
182 62 3
182 63 18
182 65 -3
182 66 10
182 67 14
182 68 15
182 71 2
182 73 -5
182 75 -9
182 76 15
182 77 -7
182 78 11
182 79 1
182 80 9
182 82 7
182 89 3
182 92 15
182 93 15
182 94 -6
182 96 -10
182 98 10
182 99 18
182 100 7
182 104 20
182 106 -9
182 107 1
182 109 5
182 111 2
182 113 -10
182 118 14
182 120 8
182 123 -2
182 124 13
182 126 19
182 128 15
182 129 2
182 131 11
182 132 -6
182 134 -1
182 135 16
182 137 20
182 138 12
182 139 15
182 144 -4
182 145 6
182 146 5
182 148 12
182 149 2
182 151 -6
182 152 5
182 154 8
182 155 9
182 156 -10
182 163 20
182 165 1
182 167 1
182 170 14
182 172 -9
182 173 20
182 174 6
182 178 11
182 181 -2
183 5 15
183 6 16
183 7 1
183 13 -9
183 14 6
183 15 11
183 16 2
183 19 17
183 21 -7
183 23 -4
183 24 20
183 27 -1
183 28 -8
183 29 -7
183 30 2
183 31 7
183 33 13
183 34 15
183 36 19
183 37 10
183 38 -6
183 40 9
183 41 -4
183 44 -5
183 46 3
183 48 3
183 50 -4
183 53 1
183 55 20
183 56 -2
183 57 5
183 58 2
183 60 2
183 61 7
183 63 18
183 65 20
183 66 -5
183 68 -10
183 69 18
183 70 13
183 73 -6
183 76 2
183 78 7
183 79 16
183 80 -3
183 83 1
183 84 13
183 85 1
183 90 7
183 91 -10
183 92 -5
183 96 2
183 98 18
183 100 -6
183 102 4
183 103 17
183 105 5
183 108 7
183 111 -1
183 112 16
183 114 15
183 115 13
183 118 9
183 120 12
183 121 4
183 122 2
183 125 16
183 128 20
183 129 14
183 132 3
183 135 8
183 136 -1
183 138 10
183 145 18
183 148 8
183 149 7
183 150 14
183 154 5
183 155 17
183 156 1
183 157 -4
183 158 16
183 161 -8
183 163 -3
183 166 -9
183 167 -1
183 168 6
183 170 6
183 171 5
183 172 16
183 176 -8
183 177 -2
183 178 12
183 179 -7
183 182 9
184 3 6
184 4 -9
184 5 2
184 6 5
184 7 15
184 11 14
184 12 -2
184 16 16
184 17 10
184 18 11
184 20 17
184 28 -5
184 29 5
184 34 1
184 37 -2
184 38 20
184 39 3
184 40 19
184 43 -2
184 44 15
184 46 3
184 48 2
184 51 9
184 52 18
184 53 18
184 55 19
184 56 8
184 58 10
184 62 10
184 67 4
184 68 13
184 71 3
184 72 20
184 76 6
184 77 3
184 79 10
184 81 1
184 83 -2
184 86 5
184 88 -10
184 89 -9
184 92 2
184 93 -10
184 97 14
184 102 -3
184 103 2
184 104 4
184 106 6
184 108 3
184 110 7
184 111 19
184 112 -5
184 114 13
184 116 4
184 117 -5
184 120 3
184 121 -7
184 125 2
184 127 7
184 128 15
184 129 -4
184 130 -8
184 131 12
184 132 13
184 139 -3
184 142 20
184 145 -8
184 147 14
184 148 16
184 149 9
184 152 8
184 153 8
184 154 5
184 156 5
184 160 7
184 162 9
184 163 10
184 164 11
184 167 -4
184 171 -8
184 173 -5
184 174 2
184 175 -2
184 177 -1
184 178 10
184 181 14
184 182 4
185 1 -4
185 2 11
185 9 1
185 10 -6
185 11 6
185 14 -4
185 15 15
185 16 14
185 17 13
185 18 -3
185 19 2
185 21 17
185 23 1
185 26 -7
185 29 -3
185 30 -3
185 31 -10
185 35 10
185 36 6
185 40 9
185 41 -4
185 42 -3
185 44 -8
185 46 3
185 47 10
185 48 19
185 49 -6
185 53 8
185 54 16
185 55 12
185 58 9
185 59 3
185 60 13
185 61 9
185 66 8
185 68 14
185 69 17
185 70 2
185 71 15
185 72 -4
185 73 -10
185 74 -1
185 75 16
185 77 7
185 78 -10
185 81 7
185 83 3
185 84 -5
185 87 -1
185 90 4
185 93 7
185 94 4
185 97 18
185 100 -6
185 102 -6
185 105 15
185 106 -6
185 107 12
185 109 -5
185 110 5
185 112 19
185 117 2
185 119 10
185 121 -5
185 122 11
185 124 -8
185 125 6
185 131 12
185 132 15
185 133 1
185 134 7
185 137 -8
185 138 12
185 142 16
185 143 -3
185 144 13
185 147 9
185 150 6
185 152 2
185 156 -4
185 158 -5
185 159 15
185 160 10
185 161 5
185 162 1
185 163 14
185 164 1
185 166 8
185 167 13
185 171 -5
185 172 -5
185 174 7
185 176 -1
185 177 10
185 180 12
185 181 -3
186 1 15
186 2 15
186 10 18
186 13 18
186 14 -9
186 15 -5
186 16 2
186 17 19
186 18 8
186 19 3
186 21 13
186 22 -6
186 25 -8
186 26 -1
186 27 20
186 28 -6
186 29 -4
186 30 -4
186 31 7
186 34 15
186 35 8
186 36 7
186 37 10
186 38 16
186 39 19
186 45 -4
186 46 -4
186 47 13
186 49 -1
186 52 3
186 54 15
186 56 -8
186 59 17
186 60 9
186 61 2
186 65 9
186 66 6
186 67 17
186 68 3
186 69 4
186 70 15
186 73 13
186 78 2
186 79 -7
186 80 -4
186 82 6
186 86 17
186 88 13
186 90 6
186 92 -3
186 94 9
186 98 14
186 99 12
186 100 11
186 101 -2
186 103 7
186 105 -7
186 106 -10
186 107 -4
186 109 19
186 112 8
186 116 4
186 118 10
186 122 8
186 124 18
186 130 -2
186 134 8
186 137 -2
186 139 -10
186 140 5
186 141 1
186 142 16
186 143 -1
186 147 20
186 149 3
186 150 13
186 151 -8
186 152 18
186 154 9
186 155 17
186 159 -4
186 160 1
186 161 1
186 162 19
186 163 12
186 164 16
186 165 19
186 168 18
186 169 3
186 170 18
186 171 8
186 172 20
186 175 20
186 177 5
186 178 -1
186 180 8
186 182 -5
186 183 18
186 184 8
186 185 17
187 1 19
187 2 17
187 4 -7
187 5 15
187 6 -4
187 10 -7
187 12 11
187 13 15
187 14 -3
187 19 11
187 21 -6
187 22 11
187 25 -2
187 27 11
187 31 20
187 34 8
187 35 -5
187 36 7
187 37 -7
187 42 9
187 43 2
187 44 11
187 45 -6
187 50 11
187 53 13
187 54 9
187 59 -6
187 60 -6
187 61 16
187 63 11
187 64 -3
187 66 -1
187 67 11
187 70 17
187 71 -1
187 73 -8
187 74 8
187 77 2
187 80 -7
187 82 15
187 84 10
187 88 -8
187 89 -1
187 96 19
187 102 -8
187 103 7
187 105 11
187 106 3
187 107 -8
187 108 6
187 109 20
187 111 14
187 113 15
187 114 15
187 115 7
187 118 5
187 119 7
187 120 -10
187 131 2
187 132 -9
187 133 -5
187 135 16
187 137 15
187 138 8
187 140 12
187 141 -4
187 142 10
187 143 -7
187 144 19
187 146 -6
187 147 -4
187 148 8
187 150 6
187 151 -4
187 153 9
187 154 11
187 155 10
187 159 -4
187 160 20
187 169 8
187 172 4
187 176 -9
187 177 11
187 178 16
187 181 9
187 183 1
187 184 -7
188 1 -4
188 5 5
188 6 18
188 10 17
188 14 -5
188 16 1
188 19 4
188 23 10
188 27 -10
188 28 10
188 30 -9
188 31 7
188 37 3
188 38 -6
188 45 20
188 46 8
188 48 19
188 49 -1
188 50 1
188 52 7
188 54 -1
188 57 5
188 58 15
188 59 2
188 61 1
188 62 14
188 64 -10
188 65 -2
188 66 -1
188 67 16
188 68 7
188 71 13
188 72 9
188 75 -8
188 77 1
188 80 -2
188 83 9
188 89 10
188 91 19
188 93 2
188 96 3
188 97 6
188 101 15
188 103 14
188 106 10
188 113 15
188 114 9
188 118 16
188 120 4
188 121 -6
188 122 1
188 125 6
188 127 -5
188 128 -7
188 131 2
188 134 -3
188 135 -6
188 136 14
188 138 6
188 142 3
188 143 -6
188 144 -6
188 147 -2
188 148 9
188 150 -4
188 153 5
188 154 17
188 156 11
188 160 11
188 161 15
188 165 -3
188 166 15
188 171 5
188 172 19
188 176 17
188 182 -1
188 183 -7
188 184 14
188 186 -7
189 1 4
189 3 13
189 4 14
189 5 3
189 9 12
189 12 4
189 13 11
189 14 8
189 15 9
189 16 15
189 17 1
189 18 5
189 21 6
189 22 13
189 23 20
189 25 17
189 28 -6
189 29 17
189 30 11
189 31 -8
189 35 3
189 36 13
189 37 2
189 38 6
189 39 16
189 42 4
189 44 5
189 45 15
189 47 15
189 51 -6
189 52 1
189 53 3
189 54 -10
189 56 -3
189 57 18
189 58 20
189 60 1
189 61 -8
189 63 11
189 64 10
189 65 -2
189 70 8
189 72 -6
189 73 2
189 79 14
189 87 -1
189 91 -2
189 92 6
189 96 9
189 97 7
189 98 6
189 99 13
189 100 15
189 104 19
189 105 7
189 106 -3
189 107 4
189 111 1
189 112 19
189 113 -5
189 114 1
189 115 4
189 116 13
189 119 14
189 120 10
189 123 -5
189 124 -7
189 128 3
189 129 17
189 131 -2
189 132 17
189 133 -10
189 136 18
189 139 -4
189 141 10
189 143 -10
189 148 -9
189 150 5
189 154 8
189 155 20
189 156 -5
189 158 -4
189 159 -10
189 160 -3
189 161 5
189 162 20
189 163 14
189 165 -10
189 167 18
189 168 20
189 169 -6
189 170 -10
189 172 1
189 173 10
189 174 -6
189 175 18
189 179 2
189 183 2
189 186 14
189 187 16
190 1 7
190 2 10
190 3 -6
190 4 11
190 6 13
190 7 -3
190 9 14
190 12 -4
190 15 13
190 17 -8
190 20 3
190 21 -8
190 22 18
190 24 -1
190 25 -2
190 28 14
190 30 10
190 36 8
190 37 -2
190 39 20
190 43 7
190 44 8
190 45 -6
190 46 3
190 47 16
190 50 17
190 52 -6
190 53 14
190 55 20
190 57 14
190 59 6
190 61 10
190 66 2
190 68 18
190 69 2
190 70 15
190 72 -2
190 76 -6
190 85 -3
190 89 15
190 91 20
190 92 2
190 93 -1
190 95 11
190 97 16
190 98 -8
190 101 -1
190 105 -2
190 106 -2
190 108 12
190 109 8
190 113 -10
190 117 2
190 119 4
190 121 -6
190 123 10
190 124 15
190 126 2
190 127 3
190 130 -4
190 136 19
190 137 9
190 138 -9
190 140 -1
190 141 -2
190 143 17
190 145 10
190 146 11
190 147 5
190 148 20
190 150 16
190 151 -9
190 152 8
190 153 15
190 157 -5
190 159 11
190 161 19
190 162 15
190 163 1
190 164 9
190 167 13
190 168 -10
190 169 3
190 170 -3
190 174 3
190 175 20
190 177 -7
190 178 -2
190 179 3
190 180 -1
190 183 9
190 185 -6
190 187 15
191 1 9
191 2 -2
191 3 1
191 6 5
191 8 18
191 9 8
191 10 2
191 13 10
191 14 19
191 16 19
191 17 17
191 21 10
191 23 -8
191 24 16
191 26 19
191 27 -10
191 28 15
191 30 2
191 33 13
191 36 5
191 40 17
191 42 -4
191 44 7
191 45 -7
191 47 6
191 53 11
191 56 -10
191 58 -5
191 59 -3
191 61 17
191 66 -7
191 67 7
191 68 -5
191 70 13
191 71 14
191 73 -2
191 74 7
191 77 -8
191 78 18
191 79 3
191 81 -3
191 82 15
191 85 9
191 88 -10
191 89 1
191 90 8
191 93 -6
191 94 1
191 95 -4
191 102 5
191 105 20
191 110 2
191 112 8
191 113 10
191 114 11
191 116 -1
191 117 13
191 118 -4
191 119 7
191 125 3
191 126 -7
191 127 19
191 128 13
191 130 6
191 131 5
191 132 17
191 134 3
191 135 -6
191 142 6
191 144 19
191 146 3
191 147 -1
191 152 -6
191 155 -2
191 156 14
191 158 -10
191 159 7
191 166 -3
191 168 -2
191 169 -2
191 170 -2
191 171 11
191 172 20
191 173 16
191 175 -7
191 177 -2
191 179 -5
191 181 6
191 182 9
191 183 14
191 189 19
191 190 13
192 6 3
192 8 -3
192 9 15
192 11 -5
192 14 4
192 17 17
192 21 17
192 22 7
192 23 17
192 24 12
192 25 -9
192 27 20
192 29 2
192 32 19
192 35 20
192 40 11
192 44 -10
192 45 18
192 46 2
192 47 -6
192 49 14
192 51 17
192 52 2
192 56 14
192 57 8
192 58 10
192 63 14
192 64 9
192 65 16
192 66 17
192 68 13
192 69 -6
192 70 -4
192 71 10
192 72 18
192 76 13
192 77 12
192 81 11
192 85 7
192 86 -1
192 89 -1
192 90 -6
192 92 16
192 96 10
192 97 -5
192 99 7
192 100 -9
192 101 7
192 104 5
192 106 -4
192 107 -2
192 111 9
192 114 -8
192 116 5
192 118 15
192 119 -8
192 126 -5
192 130 -7
192 131 19
192 132 -5
192 136 14
192 139 2
192 141 -9
192 145 15
192 146 1
192 148 -6
192 149 12
192 150 2
192 151 6
192 156 9
192 157 12
192 159 6
192 160 -4
192 163 10
192 164 2
192 165 -3
192 168 -9
192 169 5
192 170 3
192 171 -8
192 173 17
192 182 12
192 183 17
192 184 -10
192 185 -1
192 186 12
192 188 20
192 190 9
193 1 -8
193 4 -3
193 5 10
193 6 -1
193 9 9
193 11 -3
193 12 15
193 15 3
193 23 3
193 27 -5
193 32 -3
193 34 2
193 36 1
193 38 9
193 39 -6
193 43 -8
193 47 6
193 48 7
193 50 13
193 52 1
193 53 1
193 54 -4
193 59 -7
193 62 5
193 63 13
193 64 16
193 68 17
193 69 9
193 70 12
193 71 -2
193 72 -7
193 76 1
193 77 -8
193 78 20
193 79 14
193 80 15
193 81 7
193 82 4
193 83 -8
193 84 20
193 89 2
193 90 19
193 91 17
193 93 1
193 95 20
193 99 -7
193 104 12
193 107 18
193 113 3
193 114 10
193 119 -5
193 120 -8
193 121 15
193 124 14
193 127 13
193 128 6
193 129 -4
193 130 1
193 131 12
193 133 -3
193 134 15
193 136 1
193 143 9
193 146 11
193 149 19
193 154 4
193 155 -2
193 159 13
193 160 17
193 162 18
193 163 19
193 166 -4
193 167 18
193 169 -2
193 171 -6
193 173 14
193 175 16
193 176 10
193 178 18
193 181 2
193 186 4
193 192 11
194 2 3
194 6 7
194 9 -9
194 14 -10
194 15 4
194 17 -6
194 18 -8
194 21 7
194 22 15
194 29 10
194 31 17
194 34 15
194 35 9
194 36 -9
194 38 8
194 39 17
194 41 11
194 42 17
194 44 17
194 45 -8
194 47 17
194 48 8
194 49 18
194 51 -8
194 52 2
194 53 6
194 55 15
194 57 9
194 60 2
194 61 19
194 63 12
194 64 14
194 65 -2
194 68 11
194 69 -9
194 70 1
194 71 15
194 73 18
194 77 14
194 78 6
194 82 17
194 84 9
194 89 10
194 90 20
194 91 -6
194 93 16
194 97 13
194 102 6
194 103 13
194 104 2
194 106 6
194 108 14
194 109 -1
194 112 -9
194 115 20
194 116 18
194 118 8
194 119 10
194 120 -8
194 121 7
194 122 7
194 123 12
194 124 6
194 126 18
194 127 -1
194 128 5
194 129 -4
194 132 9
194 134 9
194 137 5
194 139 5
194 142 14
194 144 18
194 146 4
194 148 -1
194 151 -7
194 152 18
194 153 16
194 156 11
194 160 18
194 161 4
194 163 -6
194 164 12
194 166 9
194 167 1
194 169 6
194 170 4
194 171 -6
194 173 3
194 174 -6
194 175 11
194 176 1
194 177 4
194 183 14
194 184 17
194 185 -5
194 187 8
194 188 8
194 189 7
194 190 9
194 191 2
195 2 1
195 7 15
195 13 -1
195 17 -10
195 18 8
195 21 -4
195 23 3
195 24 15
195 25 11
195 30 17
195 35 8
195 36 7
195 38 1
195 39 -2
195 41 -6
195 43 8
195 45 2
195 46 2
195 47 10
195 49 13
195 54 18
195 55 3
195 56 -7
195 58 9
195 59 12
195 61 19
195 62 -8
195 63 9
195 64 -4
195 69 8
195 71 10
195 72 1
195 73 1
195 74 -9
195 82 -4
195 85 7
195 87 20
195 90 19
195 91 7
195 92 18
195 97 14
195 98 14
195 99 -5
195 100 1
195 102 -10
195 103 -2
195 104 15
195 106 -4
195 107 2
195 108 7
195 109 8
195 111 17
195 113 -7
195 116 -8
195 119 -7
195 120 6
195 121 20
195 124 15
195 125 12
195 126 2
195 129 16
195 133 19
195 134 13
195 137 -5
195 138 8
195 140 -1
195 141 -4
195 142 1
195 143 -6
195 144 -9
195 145 2
195 146 4
195 147 7
195 148 6
195 153 1
195 154 1
195 157 5
195 159 8
195 160 12
195 161 2
195 162 6
195 163 -8
195 164 9
195 165 7
195 166 1
195 171 12
195 173 2
195 176 -7
195 178 16
195 180 -6
195 181 1
195 182 12
195 183 5
195 184 -3
195 187 -6
195 189 4
195 191 4
195 192 -7
196 3 -8
196 4 -7
196 8 8
196 9 -3
196 11 3
196 15 -6
196 16 12
196 18 -9
196 19 10
196 20 4
196 25 -8
196 26 9
196 28 -2
196 29 -2
196 30 3
196 32 -9
196 33 -2
196 34 15
196 36 18
196 37 6
196 38 5
196 40 11
196 43 -5
196 44 6
196 46 2
196 58 -6
196 59 10
196 60 5
196 62 -2
196 63 16
196 65 5
196 67 4
196 69 9
196 70 10
196 71 15
196 74 -3
196 75 -4
196 76 4
196 80 11
196 84 12
196 85 -3
196 87 -10
196 90 13
196 91 -7
196 93 8
196 94 11
196 97 -5
196 99 2
196 100 16
196 101 -1
196 102 -9
196 103 4
196 105 -4
196 106 15
196 107 18
196 109 11
196 111 -3
196 114 -6
196 115 19
196 118 -2
196 120 16
196 123 16
196 125 15
196 127 4
196 134 15
196 136 -8
196 139 1
196 142 9
196 144 -9
196 145 15
196 147 12
196 150 20
196 151 -3
196 153 9
196 156 -9
196 158 5
196 160 -5
196 165 1
196 167 15
196 170 8
196 171 -8
196 174 7
196 177 -10
196 178 10
196 180 18
196 181 17
196 182 1
196 183 -7
196 185 19
196 192 4
196 195 19
197 3 12
197 6 20
197 10 -8
197 15 11
197 17 9
197 18 8
197 20 19
197 22 -4
197 25 4
197 26 6
197 29 12
197 30 -8
197 32 1
197 33 5
197 37 10
197 41 8
197 44 11
197 45 -5
197 46 -6
197 49 20
197 51 18
197 56 19
197 57 3
197 58 3
197 61 -7
197 65 -5
197 67 6
197 69 4
197 70 -2
197 74 -10
197 76 1
197 77 -5
197 81 20
197 82 2
197 84 11
197 87 -4
197 88 4
197 89 -8
197 90 7
197 94 1
197 95 -7
197 96 7
197 97 9
197 99 -10
197 103 15
197 104 14
197 105 1
197 106 -2
197 107 -3
197 108 -2
197 110 1
197 111 17
197 112 1
197 113 9
197 115 10
197 116 1
197 119 -10
197 120 -9
197 121 -8
197 122 -10
197 127 3
197 129 -3
197 131 3
197 132 15
197 133 6
197 136 12
197 141 -8
197 144 6
197 145 12
197 148 3
197 149 14
197 150 -10
197 151 20
197 152 10
197 153 -2
197 155 9
197 157 20
197 159 19
197 161 -2
197 164 5
197 165 -9
197 166 5
197 168 16
197 170 7
197 173 13
197 174 17
197 175 3
197 178 3
197 179 12
197 180 11
197 181 5
197 182 -6
197 185 13
197 187 -9
197 188 -10
197 189 9
197 191 12
197 192 16
197 195 -4
198 1 9
198 2 12
198 5 -4
198 9 -8
198 10 -5
198 14 -3
198 17 8
198 18 3
198 19 8
198 20 -7
198 21 -7
198 24 6
198 28 11
198 30 4
198 31 -9
198 32 11
198 33 -10
198 37 -6
198 41 -6
198 43 2
198 46 14
198 49 17
198 54 6
198 56 16
198 60 -7
198 61 9
198 62 9
198 66 15
198 67 -2
198 68 -3
198 69 -1
198 70 11
198 72 10
198 74 -7
198 75 -8
198 77 20
198 81 10
198 82 8
198 83 12
198 84 14
198 85 18
198 88 1
198 91 13
198 94 5
198 95 1
198 97 11
198 100 20
198 106 11
198 107 7
198 108 8
198 110 -7
198 111 1
198 112 4
198 113 14
198 115 -8
198 117 18
198 118 18
198 122 10
198 123 12
198 124 14
198 125 5
198 129 -4
198 131 4
198 132 -7
198 133 -2
198 134 1
198 135 -5
198 136 1
198 137 3
198 140 16
198 143 3
198 144 2
198 145 1
198 147 16
198 148 1
198 149 -2
198 150 -6
198 151 -2
198 153 -10
198 157 2
198 161 15
198 165 17
198 166 -10
198 168 1
198 169 11
198 170 10
198 171 -8
198 172 14
198 176 -6
198 179 -7
198 180 5
198 182 -9
198 183 13
198 184 12
198 185 18
198 187 11
198 188 10
198 192 -3
198 197 -5
199 2 4
199 6 10
199 8 -10
199 9 19
199 11 1
199 13 -5
199 16 1
199 18 2
199 19 -2
199 20 -4
199 21 -8
199 22 -1
199 26 2
199 28 13
199 30 5
199 31 -10
199 33 20
199 35 -9
199 37 15
199 39 4
199 40 -7
199 42 4
199 44 -9
199 45 8
199 47 -2
199 48 -10
199 51 6
199 52 19
199 53 4
199 54 7
199 55 -2
199 57 -4
199 71 8
199 74 19
199 76 16
199 78 2
199 79 13
199 89 14
199 90 12
199 93 -7
199 94 4
199 96 -3
199 97 -2
199 99 15
199 102 2
199 105 -7
199 106 -4
199 109 4
199 111 18
199 112 -10
199 113 19
199 114 7
199 115 16
199 116 -2
199 117 17
199 122 -3
199 125 17
199 128 10
199 129 9
199 131 15
199 132 11
199 133 -5
199 135 -6
199 137 5
199 138 -5
199 139 13
199 141 -10
199 148 5
199 149 -3
199 154 7
199 155 17
199 156 -1
199 157 17
199 159 9
199 160 4
199 163 3
199 166 20
199 171 -10
199 172 8
199 175 17
199 178 18
199 179 16
199 183 12
199 184 18
199 185 3
199 188 -5
199 189 13
199 196 11
199 197 12
199 198 10
