171 9432
3 1 1
3 2 -6
4 1 12
5 4 15
6 2 -1
6 3 -4
6 4 8
7 5 12
8 1 12
8 6 7
8 7 17
9 4 -10
9 6 10
11 2 -5
11 6 5
12 8 20
13 1 -9
13 8 -3
13 9 5
13 10 -7
13 11 14
14 1 3
14 2 1
14 3 -7
14 4 6
14 5 19
14 8 -6
14 9 5
14 10 -8
14 11 13
15 1 8
15 2 -6
15 3 1
15 4 4
15 5 15
15 8 -1
15 9 -10
15 10 13
15 11 -4
16 1 -2
16 2 2
16 3 -8
16 4 17
16 5 18
16 6 20
16 7 -7
16 10 5
16 12 -9
16 14 -2
17 1 16
17 2 -7
17 3 -6
17 4 -3
17 5 16
17 11 6
17 12 19
17 15 5
18 2 14
18 3 7
18 4 -3
18 5 -3
18 8 -1
18 12 14
19 1 17
19 2 15
19 3 -7
19 4 15
19 5 16
19 9 20
19 12 10
19 13 -8
20 1 10
20 2 -1
20 3 18
20 4 19
20 5 -6
20 6 -9
20 7 -9
20 10 1
20 12 -8
20 13 3
20 14 -4
20 15 -8
20 18 7
21 1 13
21 3 -1
21 4 -2
21 5 -4
21 6 20
21 11 12
21 14 7
21 15 5
21 19 7
22 1 2
22 2 17
22 4 10
22 5 8
22 6 3
22 8 10
22 13 -1
22 15 -3
22 16 10
23 1 8
23 2 4
23 3 17
23 5 -9
23 6 20
23 9 19
23 13 9
23 14 5
23 17 18
24 1 -4
24 2 18
24 3 2
24 4 9
24 5 -1
24 6 19
24 7 16
24 10 -9
24 12 2
24 14 -5
24 17 -9
24 18 -6
24 19 20
24 22 -6
25 1 -9
25 2 2
25 3 -10
25 4 4
25 5 11
25 7 1
25 11 1
25 15 13
25 16 18
25 18 14
25 19 -3
25 23 3
26 1 -10
26 2 11
26 3 -5
26 4 -8
26 7 5
26 8 13
26 16 -2
26 17 -10
26 19 -7
26 20 7
27 1 -9
27 2 12
27 3 3
27 4 3
27 5 6
27 7 -10
27 9 -8
27 13 8
27 16 4
27 17 13
27 18 19
27 21 -7
28 2 9
28 3 6
28 4 7
28 7 9
28 8 -7
28 9 -10
28 10 -7
28 11 1
28 12 9
28 16 -5
28 20 1
28 21 18
28 22 19
28 23 -4
28 24 -5
29 5 1
29 6 20
29 8 -5
29 9 2
29 10 6
29 11 -4
29 12 2
29 16 -5
29 20 16
29 24 -5
29 25 1
29 26 6
29 27 3
30 1 -10
30 3 -4
30 5 18
30 6 18
30 7 7
30 9 2
30 10 -5
30 11 -10
30 12 19
30 13 17
30 14 -1
30 15 -8
30 18 5
30 22 19
30 26 12
30 28 17
30 29 2
31 4 17
31 6 10
31 7 16
31 8 12
31 10 -9
31 11 -10
31 12 11
31 13 5
31 14 7
31 15 13
31 19 16
31 23 -2
31 27 14
31 28 3
32 6 19
32 7 18
32 8 3
32 9 3
32 11 18
32 12 -2
32 13 -1
32 14 4
32 15 13
32 16 17
32 20 1
32 24 3
33 2 -4
33 6 -6
33 7 5
33 8 2
33 9 10
33 10 17
33 12 5
33 13 -4
33 14 10
33 15 -3
33 17 15
33 21 5
33 25 12
33 28 -10
34 1 1
34 6 10
34 7 16
34 8 2
34 9 18
34 10 19
34 11 4
34 16 -9
34 17 12
34 18 10
34 19 -1
34 20 11
34 24 1
34 30 17
35 2 16
35 3 -7
35 4 18
35 8 6
35 9 18
35 10 -10
35 11 17
35 13 -2
35 14 2
35 15 -10
35 16 13
35 17 16
35 18 4
35 19 18
35 20 8
35 21 -1
35 22 15
35 23 17
35 24 15
35 25 2
35 26 6
35 27 -5
35 30 -3
35 31 -2
35 32 -2
35 33 13
36 5 7
36 8 6
36 12 1
36 13 4
36 14 16
36 15 9
36 16 -8
36 17 -6
36 18 9
36 19 -7
36 20 -7
36 21 7
36 22 -1
36 23 2
36 24 15
36 25 9
36 26 15
36 27 -4
36 30 1
36 34 9
37 1 6
37 3 12
37 5 10
37 6 13
37 7 5
37 10 1
37 12 10
37 13 12
37 14 11
37 15 18
37 16 -1
37 17 -3
37 18 6
37 19 -1
37 20 13
37 21 11
37 22 2
37 23 -4
37 24 3
37 25 9
37 26 4
37 27 -10
37 28 16
37 29 14
37 32 6
37 34 -10
37 35 4
37 36 11
38 4 2
38 6 7
38 11 1
38 13 -2
38 14 1
38 15 1
38 16 11
38 17 -3
38 18 13
38 19 7
38 20 7
38 21 -2
38 22 9
38 23 -6
38 24 4
38 25 11
38 26 -3
38 27 5
38 28 17
38 33 7
38 35 11
39 6 11
39 8 8
39 13 -2
39 14 19
39 15 -8
39 16 20
39 17 -8
39 18 14
39 19 19
39 20 -5
39 21 -8
39 22 14
39 23 -3
39 24 -6
39 25 -4
39 26 14
39 27 11
39 28 19
39 30 -4
40 2 8
40 6 -4
40 9 -5
40 13 1
40 14 -8
40 15 -6
40 16 17
40 17 -9
40 18 19
40 19 14
40 20 -7
40 21 2
40 22 -5
40 23 9
40 24 19
40 25 7
40 26 10
40 27 -3
40 28 11
40 31 -5
40 35 20
41 1 2
41 7 20
41 8 8
41 13 6
41 14 4
41 15 19
41 16 -1
41 17 17
41 18 16
41 19 -7
41 20 -3
41 21 18
41 22 1
41 23 6
41 24 3
41 25 13
41 26 2
41 27 17
41 29 13
41 30 1
41 37 19
42 2 -7
42 3 7
42 4 10
42 8 14
42 9 20
42 10 -4
42 11 -8
42 16 -5
42 20 10
42 21 11
42 22 -5
42 23 -5
42 24 -1
42 28 18
42 29 18
42 30 12
42 31 16
42 32 17
42 33 18
42 34 -7
42 37 18
42 38 -9
42 39 8
42 40 -2
43 5 3
43 8 17
43 12 18
43 16 13
43 20 19
43 24 7
43 25 9
43 26 10
43 27 6
43 28 19
43 29 -7
43 30 -2
43 31 -7
43 32 14
43 33 3
43 34 5
43 37 8
43 41 7
44 1 -2
44 3 18
44 5 20
44 6 19
44 7 8
44 10 -8
44 12 10
44 13 14
44 14 18
44 15 1
44 18 15
44 22 -7
44 26 4
44 28 4
44 29 18
44 30 2
44 31 -5
44 32 -1
44 33 15
44 34 -5
44 35 15
44 36 9
44 39 -3
44 41 15
44 42 11
44 43 7
45 4 5
45 6 -1
45 11 -6
45 13 -6
45 14 1
45 15 8
45 19 -4
45 23 -4
45 27 7
45 28 11
45 29 8
45 30 -9
45 31 -6
45 32 11
45 33 -10
45 34 6
45 35 -3
45 40 16
45 42 -9
46 6 7
46 8 -10
46 13 1
46 14 18
46 15 9
46 16 -2
46 20 13
46 24 -8
46 28 12
46 29 1
46 30 -2
46 31 -6
46 32 2
46 33 6
46 34 1
46 35 10
46 37 -4
47 2 8
47 6 17
47 9 -2
47 13 5
47 14 14
47 15 5
47 17 10
47 21 3
47 25 -7
47 28 12
47 29 8
47 30 4
47 31 -5
47 32 -4
47 33 18
47 34 14
47 35 -9
47 38 15
47 42 2
48 1 20
48 7 12
48 8 -8
48 16 -7
48 17 16
48 18 -5
48 19 15
48 20 19
48 24 17
48 28 -3
48 29 6
48 30 6
48 31 19
48 32 19
48 33 14
48 34 -9
48 36 -4
48 37 -1
48 44 -8
49 1 -4
49 2 3
49 3 18
49 4 -1
49 5 9
49 6 -1
49 7 1
49 8 -2
49 9 4
49 10 12
49 11 1
49 12 -9
49 14 17
49 18 -5
49 20 13
49 21 7
49 22 16
49 23 5
49 26 11
49 28 16
49 29 10
49 30 9
49 31 11
49 32 7
49 33 -8
49 34 18
49 35 -4
49 36 -1
49 37 -2
49 38 1
49 39 -9
49 40 9
49 41 2
49 42 -4
49 43 11
49 44 4
49 45 14
49 46 3
49 47 10
49 48 -8
50 1 -7
50 2 -10
50 3 15
50 4 -5
50 5 12
50 8 2
50 9 3
50 10 17
50 11 10
50 15 -4
50 19 14
50 20 19
50 21 5
50 22 -4
50 23 3
50 27 16
50 30 13
50 31 12
50 32 13
50 33 -5
50 35 13
50 36 9
50 37 12
50 38 -6
50 39 16
50 40 1
50 41 19
50 44 19
50 45 -6
50 46 1
50 47 -4
51 1 18
51 2 20
51 3 -4
51 4 17
51 5 2
51 8 -3
51 9 15
51 10 -1
51 11 5
51 16 20
51 20 -6
51 21 -6
51 22 6
51 23 15
51 24 9
51 30 16
51 31 -9
51 32 -3
51 33 -8
51 36 4
51 37 11
51 38 6
51 39 14
51 40 3
51 41 -5
51 44 -5
51 45 -3
51 46 -2
51 47 5
52 1 -4
52 2 19
52 3 -6
52 4 -7
52 5 14
52 8 1
52 9 -8
52 10 7
52 11 5
52 13 15
52 17 2
52 20 -1
52 21 9
52 22 7
52 23 19
52 25 8
52 30 8
52 31 12
52 32 14
52 33 -9
52 35 9
52 36 6
52 37 15
52 38 12
52 39 -7
52 40 -9
52 41 -9
52 44 14
52 45 12
52 46 8
52 47 -6
53 1 8
53 2 12
53 3 -3
53 4 18
53 5 -4
53 6 1
53 7 19
53 10 2
53 12 4
53 14 -8
53 18 -4
53 22 7
53 24 13
53 25 -5
53 26 -5
53 27 9
53 28 7
53 29 13
53 32 9
53 34 6
53 35 11
53 36 13
53 37 -3
53 38 17
53 39 5
53 40 11
53 41 -10
53 42 -9
53 43 12
53 46 4
53 48 -2
53 51 5
54 1 -9
54 2 11
54 3 12
54 4 -5
54 5 5
54 11 -9
54 12 17
54 15 -4
54 19 15
54 23 -4
54 24 13
54 25 9
54 26 7
54 27 -7
54 33 3
54 34 12
54 35 6
54 36 6
54 37 6
54 38 11
54 39 14
54 40 14
54 41 4
54 47 -8
54 48 -3
54 52 15
55 1 -2
55 2 15
55 3 -8
55 4 4
55 5 -10
55 8 -3
55 12 -5
55 16 -2
55 20 13
55 24 15
55 25 17
55 26 17
55 27 16
55 30 -4
55 34 -5
55 35 -3
55 37 -6
55 38 -6
55 39 14
55 40 20
55 41 -1
55 44 -2
55 48 -5
55 49 -6
56 1 -6
56 2 13
56 3 -8
56 4 7
56 5 8
56 9 4
56 12 12
56 13 7
56 17 -1
56 21 -3
56 24 15
56 25 2
56 26 3
56 27 6
56 31 11
56 34 -5
56 35 14
56 36 8
56 37 -9
56 38 9
56 39 -5
56 40 -8
56 41 1
56 45 1
56 48 14
56 50 -3
57 1 16
57 2 5
57 3 17
57 4 5
57 5 20
57 6 -2
57 7 18
57 10 15
57 12 18
57 13 4
57 14 19
57 15 -5
57 18 17
57 22 1
57 26 16
57 28 5
57 29 -1
57 32 3
57 34 3
57 35 19
57 36 15
57 38 -2
57 39 5
57 40 -6
57 41 2
57 42 6
57 43 4
57 46 12
57 48 3
57 50 2
57 51 10
57 52 12
57 55 4
58 1 7
58 2 -7
58 3 -1
58 4 2
58 5 -2
58 6 -3
58 11 13
58 13 12
58 14 -4
58 15 -5
58 19 3
58 23 6
58 27 -2
58 28 -3
58 33 4
58 35 16
58 36 9
58 37 8
58 39 12
58 40 12
58 41 -2
58 42 15
58 47 20
58 49 17
58 51 15
58 52 -5
58 56 8
59 1 7
59 2 -1
59 3 -2
59 4 -4
59 5 11
59 6 -7
59 8 10
59 13 9
59 14 -8
59 15 10
59 16 3
59 20 -6
59 24 -1
59 28 9
59 30 4
59 35 -1
59 36 -6
59 37 -3
59 38 -7
59 40 14
59 41 4
59 42 19
59 44 1
59 49 6
59 50 10
59 52 15
59 53 15
60 1 -1
60 2 16
60 3 17
60 4 -10
60 5 -5
60 6 7
60 9 5
60 13 14
60 14 2
60 15 20
60 17 -8
60 21 4
60 25 11
60 28 12
60 31 12
60 35 -7
60 36 1
60 37 1
60 38 12
60 39 -8
60 41 11
60 42 -4
60 45 -10
60 49 17
60 50 -8
60 51 10
60 54 2
61 1 10
61 2 20
61 3 -7
61 4 16
61 5 6
61 6 -1
61 7 -2
61 10 -3
61 12 1
61 14 2
61 16 -3
61 17 9
61 18 7
61 19 2
61 22 15
61 26 14
61 28 13
61 29 2
61 32 1
61 34 8
61 35 4
61 36 -10
61 37 -3
61 38 -1
61 39 14
61 40 1
61 41 -8
61 42 8
61 43 18
61 46 18
61 48 8
61 51 8
61 54 5
61 55 4
61 56 -7
61 59 -10
62 1 2
62 2 -3
62 3 -5
62 4 8
62 5 -10
62 7 6
62 11 4
62 15 16
62 16 -8
62 17 5
62 18 -3
62 19 5
62 23 -10
62 27 19
62 29 -5
62 33 11
62 35 6
62 36 4
62 37 11
62 38 20
62 39 8
62 40 -6
62 41 10
62 43 -7
62 47 12
62 52 6
62 53 -1
62 55 1
62 56 11
62 60 20
63 1 -8
63 2 14
63 3 12
63 4 6
63 5 20
63 7 4
63 8 5
63 16 13
63 17 -1
63 18 5
63 19 8
63 20 18
63 24 -8
63 29 4
63 30 8
63 35 -3
63 36 19
63 37 5
63 38 -5
63 39 10
63 40 -8
63 43 4
63 44 1
63 49 -5
63 53 18
63 54 14
63 56 9
63 57 -6
64 1 1
64 2 20
64 3 5
64 4 2
64 5 16
64 7 3
64 9 -2
64 13 14
64 16 15
64 17 2
64 18 7
64 19 5
64 21 -1
64 25 13
64 29 1
64 31 15
64 35 2
64 36 4
64 37 -8
64 38 1
64 39 6
64 40 -8
64 41 1
64 43 5
64 45 12
64 50 -10
64 53 16
64 54 1
64 55 -2
64 58 16
65 2 6
65 3 14
65 4 -10
65 6 16
65 7 6
65 8 17
65 9 -8
65 10 -1
65 11 17
65 12 9
65 16 6
65 20 11
65 21 -3
65 22 -3
65 23 3
65 24 3
65 30 12
65 31 17
65 32 7
65 33 -9
65 37 6
65 38 -1
65 39 2
65 40 6
65 43 17
65 44 1
65 45 5
65 46 18
65 47 -10
65 48 13
65 49 20
65 53 20
65 57 -4
65 58 1
65 59 -4
65 60 -5
65 61 10
66 5 -9
66 6 -9
66 7 20
66 8 -10
66 9 -8
66 10 -1
66 11 4
66 12 4
66 16 9
66 20 16
66 24 12
66 25 -4
66 26 13
66 27 9
66 30 -8
66 34 -2
66 37 -7
66 41 17
66 42 -9
66 44 -7
66 45 -7
66 46 11
66 47 14
66 48 17
66 49 8
66 53 -2
66 57 20
66 61 16
66 62 1
66 63 -3
66 64 14
67 1 9
67 3 17
67 5 -5
67 6 15
67 7 6
67 8 20
67 9 -1
67 10 6
67 11 -5
67 12 -6
67 13 10
67 14 3
67 15 13
67 18 20
67 22 6
67 26 -10
67 28 15
67 29 14
67 32 11
67 34 6
67 35 -6
67 36 10
67 39 7
67 41 4
67 42 19
67 43 20
67 45 -4
67 46 4
67 47 -6
67 48 5
67 49 16
67 50 6
67 51 7
67 52 -7
67 55 1
67 59 7
67 63 -2
67 65 19
67 66 18
68 4 16
68 6 -9
68 7 -7
68 8 8
68 9 -1
68 10 15
68 11 12
68 12 11
68 13 13
68 14 11
68 15 -5
68 19 11
68 23 3
68 27 13
68 28 11
68 33 18
68 35 20
68 40 -7
68 42 -6
68 43 15
68 44 6
68 46 -2
68 47 10
68 48 9
68 49 -4
68 50 -2
68 51 5
68 52 18
68 56 3
68 60 -3
68 64 3
68 65 7
69 6 10
69 7 20
69 8 2
69 9 15
69 10 1
69 11 11
69 12 19
69 13 -10
69 14 14
69 15 -3
69 16 2
69 20 -7
69 24 4
69 28 4
69 30 15
69 35 16
69 37 12
69 42 10
69 43 6
69 44 12
69 45 17
69 47 9
69 48 3
69 49 18
69 50 6
69 51 4
69 52 13
69 53 4
69 57 2
69 61 2
70 2 -8
70 6 15
70 7 8
70 8 2
70 9 10
70 10 13
70 11 18
70 12 7
70 13 11
70 14 -4
70 15 3
70 17 -3
70 21 6
70 25 13
70 28 -7
70 31 6
70 35 12
70 38 -8
70 42 -1
70 43 -1
70 44 15
70 45 6
70 46 -7
70 48 18
70 49 11
70 50 9
70 51 10
70 52 6
70 54 16
70 58 -7
70 62 5
70 65 -7
71 1 6
71 6 20
71 7 -7
71 8 2
71 9 8
71 10 6
71 11 -7
71 12 2
71 16 2
71 17 15
71 18 -6
71 19 -1
71 20 12
71 24 -9
71 29 6
71 30 16
71 36 -1
71 37 1
71 42 20
71 43 13
71 44 -9
71 45 18
71 46 9
71 47 14
71 49 12
71 53 18
71 54 6
71 55 -10
71 56 -9
71 57 9
71 61 9
71 67 9
72 1 13
72 2 3
72 3 -7
72 4 2
72 5 -6
72 6 -2
72 7 8
72 8 13
72 9 12
72 10 -2
72 11 4
72 12 13
72 13 18
72 14 5
72 15 20
72 16 14
72 17 11
72 18 16
72 19 8
72 20 16
72 21 -8
72 22 8
72 23 8
72 24 -8
72 25 -8
72 26 12
72 27 14
72 28 -10
72 29 -1
72 30 -1
72 31 18
72 32 18
72 33 19
72 34 8
72 37 -6
72 38 4
72 39 2
72 40 15
72 44 7
72 45 3
72 46 2
72 47 -1
72 49 16
72 50 11
72 51 8
72 52 7
72 53 -7
72 54 18
72 55 16
72 56 -7
72 57 -8
72 58 4
72 59 11
72 60 5
72 61 10
72 62 1
72 63 -1
72 64 20
72 67 18
72 68 -9
72 69 19
72 70 3
73 1 9
73 2 -1
73 3 -6
73 4 17
73 5 10
73 6 16
73 7 19
73 8 -9
73 9 -8
73 10 7
73 11 -4
73 12 -9
73 13 8
73 14 7
73 15 19
73 16 13
73 17 5
73 18 10
73 19 16
73 20 -3
73 21 3
73 22 -5
73 23 2
73 24 5
73 25 -9
73 26 -6
73 27 12
73 28 -7
73 29 -8
73 30 12
73 31 17
73 32 12
73 33 3
73 34 -4
73 37 -9
73 38 17
73 39 2
73 40 5
73 44 -4
73 45 4
73 46 4
73 47 20
73 49 10
73 50 13
73 51 7
73 52 -2
73 53 8
73 54 8
73 55 -3
73 56 19
73 57 4
73 58 -4
73 59 17
73 60 8
73 61 11
73 62 3
73 63 9
73 64 3
73 67 3
73 68 8
73 69 12
73 70 -5
74 1 2
74 2 15
74 3 -6
74 4 6
74 5 17
74 6 6
74 7 -7
74 8 1
74 9 20
74 10 -9
74 11 -6
74 12 -3
74 13 3
74 14 -5
74 15 -1
74 16 18
74 17 11
74 18 -2
74 19 2
74 20 15
74 21 13
74 22 -2
74 23 -1
74 24 12
74 25 7
74 26 19
74 27 16
74 28 16
74 29 6
74 30 -2
74 31 -9
74 32 20
74 33 13
74 34 4
74 37 16
74 38 -8
74 39 -6
74 40 -10
74 44 11
74 45 8
74 46 -7
74 47 4
74 49 11
74 50 20
74 51 1
74 52 -6
74 53 12
74 54 -6
74 55 -1
74 56 20
74 57 1
74 58 16
74 59 1
74 60 -6
74 61 -8
74 62 7
74 63 -9
74 64 -1
74 67 18
74 68 14
74 69 3
74 70 15
75 1 -3
75 2 2
75 3 5
75 4 18
75 5 -6
75 6 9
75 7 11
75 8 -4
75 9 -4
75 10 3
75 11 -3
75 12 2
75 13 9
75 14 15
75 15 19
75 16 -9
75 17 8
75 18 3
75 19 11
75 20 -2
75 21 8
75 22 16
75 23 13
75 24 17
75 25 11
75 26 1
75 27 4
75 28 -3
75 29 -4
75 30 5
75 31 9
75 32 17
75 33 -1
75 34 14
75 35 -7
75 36 13
75 39 7
75 41 7
75 42 -6
75 43 5
75 46 10
75 48 -9
75 49 17
75 50 12
75 51 17
75 52 -5
75 53 19
75 54 10
75 55 8
75 56 20
75 57 19
75 58 12
75 59 20
75 60 -4
75 61 -5
75 62 9
75 63 20
75 64 -6
75 65 4
75 66 9
75 69 -3
75 71 16
75 73 -4
76 1 9
76 2 -1
76 3 5
76 4 4
76 5 -9
76 6 4
76 7 -4
76 8 4
76 9 14
76 10 1
76 11 -1
76 12 8
76 13 -1
76 14 19
76 15 -3
76 16 -4
76 17 -8
76 18 14
76 19 -6
76 20 13
76 21 1
76 22 5
76 23 -8
76 24 -8
76 25 -6
76 26 -3
76 27 5
76 28 -5
76 29 1
76 30 2
76 31 -10
76 32 -4
76 33 8
76 34 -2
76 40 -9
76 41 -3
76 47 13
76 48 -1
76 49 -6
76 50 5
76 51 4
76 52 2
76 53 16
76 54 8
76 55 18
76 56 6
76 57 19
76 58 17
76 59 1
76 60 -7
76 61 -6
76 62 12
76 63 8
76 64 -1
76 70 -1
76 71 -3
76 74 5
77 2 20
77 3 9
77 4 15
77 5 -10
77 6 -4
77 7 5
77 8 16
77 9 11
77 10 3
77 11 -2
77 12 -7
77 13 19
77 14 1
77 15 13
77 16 -7
77 17 9
77 18 -3
77 19 18
77 20 9
77 21 1
77 22 6
77 23 15
77 24 -7
77 25 -5
77 26 -5
77 27 18
77 28 -8
77 29 -7
77 30 5
77 31 20
77 32 2
77 33 -6
77 34 -6
77 37 16
77 41 9
77 44 -8
77 48 -7
77 49 -10
77 50 -6
77 51 20
77 52 -6
77 53 9
77 54 -7
77 55 14
77 56 19
77 57 13
77 58 15
77 59 16
77 60 4
77 61 13
77 62 12
77 63 19
77 64 13
77 67 16
77 71 -9
78 1 -2
78 2 8
78 3 2
78 4 13
78 5 4
78 6 7
78 7 20
78 8 12
78 9 9
78 10 1
78 11 20
78 12 -7
78 13 -6
78 14 -5
78 15 2
78 16 10
78 17 14
78 18 -6
78 19 8
78 20 10
78 21 -5
78 22 15
78 23 19
78 24 3
78 25 7
78 26 8
78 27 11
78 28 -8
78 29 12
78 30 19
78 31 9
78 32 15
78 33 4
78 34 6
78 38 9
78 41 2
78 45 -9
78 48 1
78 49 4
78 50 -7
78 51 5
78 52 -3
78 53 6
78 54 10
78 55 -5
78 56 -1
78 57 9
78 58 11
78 59 -9
78 60 16
78 61 8
78 62 6
78 63 -1
78 64 19
78 68 17
78 71 3
78 72 3
79 1 -10
79 2 11
79 3 6
79 4 3
79 5 18
79 6 7
79 7 -7
79 8 5
79 9 -5
79 10 15
79 11 4
79 12 6
79 13 -6
79 14 7
79 15 -4
79 16 5
79 17 12
79 18 -9
79 19 17
79 20 9
79 21 -5
79 22 2
79 23 1
79 24 -7
79 25 20
79 26 -8
79 27 -4
79 28 -8
79 29 8
79 30 3
79 31 12
79 32 1
79 33 5
79 34 -5
79 35 13
79 36 -7
79 39 8
79 41 10
79 42 -5
79 43 18
79 46 18
79 48 -10
79 49 20
79 50 -1
79 51 19
79 52 6
79 53 -10
79 54 4
79 55 -8
79 56 16
79 57 15
79 58 -2
79 59 -5
79 60 -1
79 61 16
79 62 3
79 63 -5
79 64 13
79 65 -2
79 66 2
79 69 4
79 71 8
79 72 -8
79 73 18
79 74 6
79 77 7
80 1 13
80 3 17
80 4 -2
80 5 14
80 6 17
80 7 19
80 8 19
80 9 -3
80 10 16
80 11 12
80 12 1
80 13 7
80 14 15
80 15 1
80 16 11
80 17 -2
80 18 14
80 19 -1
80 20 18
80 21 -9
80 22 -3
80 23 4
80 24 -4
80 25 9
80 26 -8
80 27 12
80 28 -8
80 29 12
80 30 -1
80 31 -1
80 32 7
80 33 5
80 34 12
80 35 2
80 40 -2
80 42 -5
80 47 -7
80 49 -3
80 50 14
80 51 -7
80 52 7
80 53 -6
80 54 15
80 55 13
80 56 13
80 57 -6
80 58 -1
80 59 3
80 60 12
80 61 16
80 62 8
80 63 -7
80 64 -6
80 65 4
80 70 5
80 73 -4
80 74 -5
80 78 1
81 1 7
81 2 -10
81 4 2
81 5 14
81 6 12
81 7 -8
81 8 -10
81 9 9
81 10 10
81 11 8
81 12 -5
81 13 -2
81 14 5
81 15 -8
81 16 -6
81 17 2
81 18 9
81 19 -7
81 20 5
81 21 1
81 22 2
81 23 7
81 24 13
81 25 13
81 26 15
81 27 9
81 28 20
81 29 -10
81 30 17
81 31 -4
81 32 -8
81 33 -1
81 34 19
81 35 20
81 37 16
81 42 10
81 44 -9
81 49 13
81 50 18
81 51 3
81 52 10
81 53 -2
81 54 7
81 55 6
81 56 -10
81 57 12
81 58 -4
81 59 2
81 60 4
81 61 -2
81 62 13
81 63 8
81 64 4
81 65 12
81 67 9
81 72 -7
81 74 16
81 75 -1
82 1 9
82 2 -3
82 3 19
82 5 -1
82 6 16
82 7 2
82 8 1
82 9 10
82 10 8
82 11 -2
82 12 10
82 13 14
82 14 17
82 15 4
82 16 3
82 17 7
82 18 -8
82 19 3
82 20 -4
82 21 15
82 22 12
82 23 13
82 24 -6
82 25 2
82 26 6
82 27 -10
82 28 -3
82 29 17
82 30 -10
82 31 -5
82 32 17
82 33 -5
82 34 3
82 35 10
82 38 13
82 42 -5
82 45 -1
82 49 -5
82 50 18
82 51 4
82 52 6
82 53 5
82 54 -6
82 55 -7
82 56 -1
82 57 15
82 58 14
82 59 4
82 60 -2
82 61 8
82 62 2
82 63 -3
82 64 19
82 65 -8
82 68 5
82 72 -3
82 73 -10
82 76 -9
83 1 6
83 2 -9
83 3 18
83 4 1
83 5 -3
83 6 8
83 7 7
83 8 16
83 9 4
83 10 20
83 11 -10
83 12 12
83 13 12
83 14 19
83 15 5
83 16 10
83 17 16
83 18 19
83 19 3
83 20 -5
83 21 8
83 22 3
83 23 1
83 24 9
83 25 2
83 26 5
83 27 -8
83 28 -9
83 29 -6
83 30 8
83 31 -8
83 32 2
83 33 15
83 34 -2
83 35 -6
83 36 5
83 39 -8
83 41 19
83 42 19
83 43 -5
83 46 -4
83 48 -7
83 49 -2
83 50 8
83 51 -1
83 52 18
83 53 9
83 54 11
83 55 17
83 56 12
83 57 7
83 58 8
83 59 16
83 60 8
83 61 -6
83 62 4
83 63 2
83 64 -1
83 65 8
83 66 6
83 69 2
83 71 -9
83 73 -8
83 76 18
83 77 2
83 78 -7
83 81 -9
84 1 11
84 2 13
84 3 8
84 4 5
84 5 -9
84 6 -10
84 7 8
84 8 12
84 9 -3
84 10 3
84 11 -5
84 12 3
84 13 18
84 14 15
84 15 2
84 16 -2
84 17 19
84 18 -5
84 19 -6
84 20 14
84 21 5
84 22 -10
84 23 -1
84 24 -10
84 25 9
84 26 -6
84 27 -5
84 28 -3
84 29 15
84 30 -8
84 31 15
84 32 12
84 33 9
84 34 18
84 36 8
84 40 7
84 43 12
84 47 13
84 49 -4
84 50 -7
84 51 -7
84 52 4
84 53 5
84 54 19
84 55 14
84 56 -1
84 57 13
84 58 11
84 59 -1
84 60 16
84 61 18
84 62 15
84 63 8
84 64 10
84 66 1
84 70 17
84 74 5
84 75 1
84 77 19
84 78 4
84 82 1
85 1 7
85 2 17
85 3 8
85 4 9
85 6 13
85 7 20
85 8 4
85 9 19
85 10 17
85 11 -9
85 12 -2
85 13 -8
85 14 9
85 15 15
85 16 2
85 17 10
85 18 11
85 19 4
85 20 -1
85 21 19
85 22 -5
85 23 8
85 24 2
85 25 15
85 26 -10
85 27 5
85 28 17
85 29 11
85 30 6
85 31 20
85 32 1
85 33 -5
85 34 6
85 36 1
85 37 -3
85 43 -8
85 44 -4
85 49 -10
85 50 18
85 51 13
85 52 -9
85 53 14
85 54 -6
85 55 2
85 56 -9
85 57 10
85 58 2
85 59 1
85 60 -7
85 61 10
85 62 -6
85 63 -1
85 64 7
85 66 -4
85 67 1
85 75 19
85 76 -4
85 78 -1
85 79 -8
86 1 -2
86 2 14
86 3 12
86 4 6
86 5 19
86 6 8
86 7 17
86 8 10
86 9 15
86 10 -5
86 11 5
86 12 13
86 13 9
86 14 -6
86 15 11
86 16 15
86 17 15
86 18 19
86 19 4
86 20 11
86 21 -2
86 22 -2
86 23 19
86 24 10
86 25 17
86 26 4
86 27 13
86 28 -2
86 29 -1
86 30 7
86 31 12
86 32 -3
86 33 -9
86 34 8
86 36 -1
86 38 -9
86 43 -3
86 45 6
86 49 2
86 50 -1
86 51 2
86 52 11
86 53 -10
86 54 2
86 55 13
86 56 19
86 57 17
86 58 17
86 59 -3
86 60 5
86 61 1
86 62 5
86 63 9
86 64 -1
86 66 19
86 68 11
86 72 12
86 75 4
86 76 3
86 77 18
86 80 8
87 1 9
87 2 16
87 3 4
87 4 8
87 5 19
87 6 6
87 7 -7
87 8 20
87 9 -1
87 10 11
87 11 -2
87 12 16
87 13 12
87 14 20
87 15 3
87 16 -9
87 17 -4
87 18 10
87 19 1
87 20 -2
87 21 1
87 22 6
87 23 14
87 24 -1
87 25 4
87 26 13
87 27 16
87 28 15
87 29 12
87 30 -4
87 31 7
87 32 13
87 33 5
87 34 -6
87 35 -6
87 36 12
87 37 12
87 38 -7
87 39 -1
87 40 12
87 41 6
87 42 10
87 43 3
87 44 2
87 45 -1
87 46 -4
87 47 -8
87 48 9
87 51 13
87 55 4
87 57 8
87 58 14
87 59 2
87 60 -7
87 63 3
87 65 1
87 66 14
87 67 -3
87 68 11
87 69 2
87 70 -9
87 71 17
87 73 15
87 77 14
87 79 -4
87 80 19
87 81 7
87 82 8
87 85 -1
88 1 -10
88 2 -1
88 3 5
88 4 2
88 5 9
88 6 14
88 7 -3
88 8 -6
88 9 2
88 10 2
88 11 3
88 12 18
88 13 20
88 14 10
88 15 6
88 16 1
88 17 12
88 18 -2
88 19 3
88 20 3
88 21 8
88 22 5
88 23 19
88 24 4
88 25 -9
88 26 1
88 27 16
88 28 11
88 29 16
88 30 16
88 31 18
88 32 -8
88 33 14
88 34 6
88 37 -4
88 38 16
88 39 7
88 40 20
88 44 18
88 45 1
88 46 13
88 47 5
88 52 10
88 56 4
88 57 1
88 58 11
88 59 14
88 60 20
88 64 -10
88 65 3
88 66 15
88 67 -9
88 68 16
88 69 14
88 70 12
88 71 -8
88 74 8
88 78 3
88 79 1
88 80 19
88 81 4
88 82 -5
88 86 13
89 1 4
89 2 20
89 3 -3
89 4 16
89 5 -10
89 7 9
89 8 -5
89 9 6
89 10 15
89 11 15
89 12 12
89 13 10
89 14 -6
89 15 18
89 16 5
89 17 9
89 18 -1
89 19 -2
89 20 -1
89 21 18
89 22 -1
89 23 3
89 24 11
89 25 -3
89 26 19
89 27 18
89 28 2
89 29 16
89 30 9
89 31 -2
89 32 15
89 33 -6
89 34 19
89 37 15
89 38 15
89 39 17
89 40 15
89 44 20
89 45 5
89 46 -8
89 47 -10
89 49 -8
89 53 5
89 57 12
89 58 20
89 59 -7
89 60 8
89 61 -4
89 65 20
89 66 -4
89 67 9
89 68 -7
89 69 20
89 70 -9
89 71 19
89 75 -6
89 79 -8
89 80 19
89 81 20
89 82 15
89 83 4
90 1 -2
90 2 5
90 3 8
90 4 -6
90 5 -7
90 6 -1
90 7 16
90 8 10
90 9 -9
90 10 20
90 11 8
90 12 -8
90 13 12
90 14 -5
90 15 4
90 16 7
90 17 10
90 18 1
90 19 11
90 20 16
90 21 9
90 22 -1
90 23 -8
90 24 4
90 25 14
90 26 11
90 27 19
90 28 7
90 29 5
90 30 -3
90 31 20
90 32 18
90 33 -6
90 34 -1
90 37 8
90 38 -4
90 39 -10
90 40 1
90 44 16
90 45 -8
90 46 3
90 47 10
90 50 -3
90 54 1
90 57 15
90 58 3
90 59 -1
90 60 2
90 62 9
90 65 6
90 66 7
90 67 16
90 68 -4
90 69 -5
90 70 -4
90 71 4
90 72 18
90 76 16
90 79 -6
90 80 -1
90 81 -1
90 82 12
90 84 4
91 1 2
91 2 1
91 3 19
91 4 11
91 5 10
91 6 8
91 7 5
91 8 -4
91 9 -7
91 10 5
91 11 -6
91 12 5
91 13 19
91 14 1
91 15 19
91 16 -5
91 17 -7
91 18 12
91 19 13
91 20 8
91 21 6
91 22 9
91 23 16
91 24 11
91 25 9
91 26 -5
91 27 9
91 28 -3
91 29 4
91 30 -10
91 31 14
91 32 14
91 33 14
91 34 15
91 35 7
91 36 -7
91 39 4
91 41 12
91 42 17
91 43 1
91 46 2
91 48 7
91 51 -6
91 55 16
91 59 20
91 61 16
91 62 17
91 63 7
91 64 17
91 65 -8
91 66 5
91 67 7
91 68 9
91 69 -1
91 70 -10
91 71 12
91 73 2
91 77 -2
91 81 -4
91 83 -6
91 84 17
91 85 -3
91 86 4
91 89 15
92 1 20
92 2 12
92 3 -4
92 4 -8
92 5 18
92 6 12
92 7 -9
92 8 20
92 9 8
92 10 6
92 11 -3
92 12 5
92 13 7
92 14 17
92 15 2
92 16 7
92 17 1
92 18 -10
92 19 15
92 20 -10
92 21 1
92 22 20
92 23 8
92 24 18
92 25 -5
92 26 19
92 27 11
92 28 13
92 29 -1
92 30 5
92 31 -8
92 32 18
92 33 18
92 34 -4
92 40 -9
92 41 -5
92 47 -3
92 48 -3
92 52 3
92 56 1
92 60 19
92 61 19
92 62 9
92 63 14
92 64 17
92 65 3
92 66 -2
92 67 16
92 68 20
92 69 3
92 70 -3
92 71 -10
92 74 -6
92 78 11
92 82 6
92 83 -2
92 84 -1
92 85 -3
92 86 8
92 90 19
93 1 -8
93 2 -7
93 3 17
93 4 11
93 5 9
93 6 -6
93 8 8
93 9 13
93 10 -2
93 11 16
93 12 18
93 13 7
93 14 -9
93 15 14
93 16 3
93 17 19
93 18 1
93 19 17
93 20 -7
93 21 -3
93 22 -4
93 23 18
93 24 2
93 25 -7
93 26 5
93 27 17
93 28 -10
93 29 -2
93 30 18
93 31 10
93 32 -4
93 33 6
93 34 6
93 37 16
93 41 -3
93 44 15
93 48 -2
93 49 1
93 53 -7
93 57 -6
93 61 8
93 62 -5
93 63 16
93 64 14
93 65 -1
93 66 20
93 67 -9
93 68 -5
93 69 -1
93 70 -7
93 71 -4
93 75 17
93 79 11
93 83 -10
93 84 -1
93 85 -4
93 86 11
93 87 15
94 1 2
94 2 -7
94 3 7
94 4 -6
94 5 20
94 6 14
94 7 9
94 8 1
94 9 9
94 10 -6
94 11 -8
94 12 9
94 13 8
94 14 17
94 15 -9
94 16 -2
94 17 4
94 18 -2
94 19 1
94 20 -6
94 21 -7
94 22 -2
94 23 17
94 24 -8
94 25 3
94 26 13
94 27 6
94 28 -7
94 29 -2
94 30 3
94 31 -3
94 32 -9
94 33 -10
94 34 3
94 38 2
94 41 17
94 45 15
94 48 -5
94 50 17
94 54 -2
94 58 7
94 61 -2
94 62 -4
94 63 5
94 64 7
94 65 -3
94 66 13
94 67 8
94 68 2
94 69 7
94 70 14
94 71 -4
94 72 8
94 76 1
94 80 9
94 83 4
94 84 2
94 85 6
94 86 -10
94 88 8
95 1 2
95 2 -10
95 3 7
95 4 -2
95 5 10
95 6 -8
95 7 3
95 9 4
95 10 11
95 11 -9
95 12 7
95 13 -7
95 14 11
95 15 -3
95 16 1
95 17 15
95 18 13
95 19 8
95 20 17
95 21 7
95 22 17
95 23 4
95 24 20
95 25 -8
95 26 9
95 27 8
95 28 4
95 29 18
95 30 -4
95 31 14
95 32 9
95 33 -2
95 34 10
95 35 18
95 36 -8
95 39 -4
95 41 2
95 42 -4
95 43 -7
95 46 20
95 48 -2
95 49 9
95 50 -7
95 51 -4
95 52 -9
95 55 20
95 59 5
95 63 18
95 65 -6
95 66 4
95 67 -4
95 68 -10
95 69 -7
95 70 2
95 71 -3
95 72 -4
95 73 -8
95 74 18
95 77 18
95 81 -5
95 85 -6
95 88 20
95 89 -1
95 90 11
95 93 -10
96 1 10
96 2 3
96 3 -2
96 4 -9
96 5 1
96 6 3
96 7 -6
96 8 14
96 10 7
96 11 3
96 12 4
96 13 18
96 14 9
96 15 2
96 16 -10
96 17 -9
96 18 9
96 19 19
96 20 6
96 21 -10
96 22 -3
96 23 5
96 24 9
96 25 15
96 26 12
96 27 12
96 28 20
96 29 5
96 30 16
96 31 -10
96 32 9
96 33 13
96 34 16
96 35 -4
96 40 14
96 42 -1
96 47 -5
96 49 -6
96 50 9
96 51 5
96 52 -2
96 56 -2
96 60 10
96 64 19
96 65 -1
96 66 13
96 67 19
96 68 8
96 69 5
96 70 -7
96 71 -4
96 72 4
96 73 20
96 74 16
96 78 -7
96 82 16
96 86 16
96 87 17
96 89 -5
96 90 6
96 94 6
97 1 -2
97 2 -9
97 3 -9
97 4 14
97 5 9
97 6 6
97 7 -9
97 8 -9
97 9 -2
97 11 16
97 12 7
97 13 -10
97 14 -2
97 15 12
97 16 3
97 17 9
97 18 18
97 19 -5
97 20 5
97 21 13
97 22 17
97 23 14
97 24 -6
97 25 11
97 26 18
97 27 2
97 28 -1
97 29 12
97 30 -6
97 31 13
97 32 7
97 33 9
97 34 16
97 35 -1
97 37 1
97 42 -2
97 44 -2
97 49 10
97 50 7
97 51 -1
97 52 -6
97 53 5
97 57 16
97 61 19
97 65 1
97 66 10
97 67 -9
97 68 5
97 69 7
97 70 18
97 71 15
97 72 20
97 73 -5
97 74 -2
97 75 -6
97 79 6
97 83 3
97 87 13
97 88 -7
97 90 4
97 91 4
98 1 10
98 2 7
98 3 18
98 4 14
98 5 1
98 6 6
98 7 1
98 8 10
98 9 -9
98 10 9
98 12 5
98 13 2
98 14 -4
98 15 7
98 16 13
98 17 2
98 18 3
98 19 -2
98 20 17
98 21 4
98 22 5
98 23 2
98 24 -5
98 25 17
98 26 -3
98 27 18
98 28 17
98 29 11
98 30 13
98 31 -9
98 32 -2
98 33 6
98 34 6
98 35 -1
98 38 15
98 42 20
98 45 18
98 49 12
98 50 2
98 51 18
98 52 5
98 54 -1
98 58 13
98 62 15
98 65 2
98 66 18
98 67 5
98 68 -5
98 69 -7
98 70 1
98 71 15
98 72 8
98 73 13
98 74 7
98 76 1
98 80 -8
98 84 -5
98 87 17
98 88 5
98 89 17
98 92 -9
99 1 -6
99 2 20
99 3 -7
99 4 -1
99 5 -6
99 6 18
99 7 10
99 8 3
99 9 14
99 10 4
99 11 3
99 12 19
99 13 -2
99 14 8
99 15 20
99 16 -8
99 17 13
99 18 19
99 19 8
99 20 -8
99 21 20
99 22 16
99 23 7
99 24 7
99 25 -5
99 26 14
99 27 9
99 28 -9
99 29 7
99 30 8
99 31 6
99 32 -7
99 33 20
99 34 -2
99 35 4
99 36 18
99 39 13
99 41 13
99 42 20
99 43 -10
99 46 14
99 48 -9
99 51 20
99 53 -4
99 54 4
99 55 12
99 56 -8
99 59 9
99 63 8
99 65 -6
99 66 -9
99 67 -5
99 68 -5
99 69 20
99 70 -8
99 71 2
99 73 12
99 75 7
99 76 -4
99 77 13
99 78 18
99 81 -5
99 85 -7
99 89 9
99 92 1
99 93 -9
99 94 -2
99 97 7
100 1 11
100 2 -2
100 3 11
100 4 7
100 5 11
100 6 7
100 7 8
100 8 -2
100 9 -9
100 10 7
100 11 3
100 12 11
100 13 -10
100 14 2
100 15 11
100 16 -7
100 17 4
100 18 2
100 19 15
100 20 15
100 21 15
100 22 2
100 23 1
100 24 -5
100 25 17
100 26 -4
100 27 15
100 28 6
100 29 3
100 30 6
100 31 12
100 32 17
100 33 -8
100 34 6
100 36 12
100 40 -7
100 43 19
100 47 10
100 52 7
100 53 12
100 54 -6
100 55 -6
100 56 10
100 60 3
100 64 5
100 65 -2
100 66 1
100 67 -8
100 68 17
100 69 -10
100 70 1
100 71 12
100 74 10
100 75 13
100 76 -2
100 77 -2
100 78 9
100 82 -1
100 86 4
100 90 -6
100 91 10
100 93 7
100 94 13
100 98 18
101 1 -10
101 2 12
101 3 5
101 4 -1
101 5 14
101 6 7
101 7 -2
101 8 -8
101 9 -2
101 10 -8
101 11 17
101 13 19
101 14 9
101 15 -7
101 16 -2
101 17 14
101 18 -1
101 19 -6
101 20 -1
101 21 14
101 22 18
101 23 2
101 24 13
101 25 17
101 26 -6
101 27 -5
101 28 7
101 29 -3
101 30 14
101 31 -3
101 32 -4
101 33 -1
101 34 7
101 36 2
101 37 15
101 43 12
101 44 4
101 49 6
101 53 -5
101 54 11
101 55 -8
101 56 12
101 57 -2
101 61 2
101 65 7
101 66 6
101 67 1
101 68 7
101 69 19
101 70 -10
101 71 -6
101 75 11
101 76 10
101 77 18
101 78 -7
101 79 -4
101 83 -2
101 87 5
101 91 -10
101 92 9
101 94 20
101 95 20
102 1 13
102 2 13
102 3 -7
102 4 15
102 5 8
102 6 2
102 7 -9
102 8 14
102 9 4
102 10 -7
102 11 18
102 12 18
102 13 3
102 14 16
102 15 19
102 16 2
102 17 2
102 18 -3
102 19 9
102 20 7
102 21 4
102 22 14
102 23 13
102 24 -4
102 25 -10
102 26 10
102 27 15
102 28 5
102 29 -5
102 30 8
102 31 -10
102 32 -8
102 33 -10
102 34 -5
102 36 3
102 38 8
102 43 8
102 45 9
102 50 -2
102 53 -8
102 54 -1
102 55 13
102 56 -6
102 58 1
102 62 -4
102 65 19
102 66 20
102 67 11
102 68 18
102 69 16
102 70 -2
102 71 5
102 72 11
102 75 -7
102 76 14
102 77 13
102 78 3
102 80 -6
102 84 9
102 88 18
102 91 7
102 92 8
102 93 14
102 96 2
103 1 10
103 2 10
103 3 8
103 4 11
103 5 -4
103 6 18
103 7 9
103 8 4
103 9 12
103 10 12
103 11 14
103 12 5
103 13 8
103 14 -6
103 15 -4
103 16 9
103 17 -9
103 18 20
103 19 2
103 20 11
103 21 -3
103 22 9
103 23 11
103 24 11
103 25 -2
103 26 14
103 27 9
103 28 10
103 29 15
103 30 -8
103 31 -3
103 32 7
103 33 3
103 34 9
103 35 20
103 36 13
103 37 -2
103 38 -5
103 39 -1
103 40 -9
103 41 2
103 42 4
103 43 9
103 44 14
103 45 4
103 46 -1
103 47 6
103 48 -7
103 51 5
103 55 12
103 57 3
103 58 -2
103 59 -3
103 60 -10
103 63 -10
103 65 16
103 66 -10
103 67 15
103 68 8
103 69 -1
103 70 4
103 71 17
103 72 1
103 73 13
103 74 -10
103 75 -4
103 76 -10
103 77 5
103 78 15
103 79 11
103 80 1
103 81 -4
103 82 3
103 83 18
103 84 3
103 85 -3
103 86 10
103 89 -9
103 93 20
103 95 -2
103 96 11
103 97 -9
103 98 -2
103 101 10
104 1 8
104 2 -5
104 3 -5
104 4 -6
104 5 6
104 6 17
104 7 14
104 8 -8
104 9 -1
104 10 9
104 11 -7
104 12 -5
104 14 11
104 15 13
104 16 -9
104 17 -3
104 18 17
104 19 -7
104 20 -2
104 21 -9
104 22 10
104 23 14
104 24 6
104 25 -1
104 26 -3
104 27 11
104 28 -3
104 29 -4
104 30 18
104 31 -10
104 32 6
104 33 -4
104 34 11
104 35 13
104 36 -3
104 37 14
104 38 12
104 39 11
104 40 15
104 41 9
104 44 4
104 45 -5
104 46 -1
104 47 9
104 52 7
104 56 2
104 57 16
104 58 3
104 59 -2
104 60 5
104 64 8
104 67 -3
104 68 2
104 69 4
104 70 18
104 73 12
104 74 -2
104 75 8
104 76 6
104 77 15
104 78 17
104 79 -4
104 80 -10
104 81 10
104 82 13
104 83 1
104 84 -5
104 85 -5
104 86 15
104 90 4
104 94 -10
104 95 19
104 96 -4
104 97 -3
104 98 20
104 102 -9
105 1 -5
105 2 8
105 3 2
105 4 5
105 5 11
105 6 -2
105 7 -3
105 8 1
105 9 6
105 10 14
105 11 -8
105 12 11
105 13 17
105 15 8
105 16 -1
105 17 16
105 18 -1
105 19 11
105 20 -8
105 21 -9
105 22 6
105 23 19
105 24 -8
105 25 10
105 26 -6
105 27 -8
105 28 11
105 29 -8
105 30 -1
105 31 16
105 32 3
105 33 14
105 34 20
105 35 19
105 36 19
105 37 -2
105 38 2
105 39 -3
105 40 18
105 41 18
105 44 -2
105 45 20
105 46 10
105 47 12
105 49 -7
105 53 15
105 57 14
105 58 14
105 59 -4
105 60 -4
105 61 6
105 67 15
105 68 -6
105 69 5
105 70 15
105 72 -2
105 74 17
105 75 -5
105 76 14
105 77 10
105 78 -10
105 79 20
105 80 15
105 81 -6
105 82 4
105 83 -3
105 84 -4
105 85 15
105 86 17
105 87 20
105 91 2
105 95 2
105 96 9
105 97 -3
105 98 -1
105 99 14
106 1 20
106 2 5
106 3 5
106 4 -9
106 5 12
106 6 1
106 7 -7
106 8 8
106 9 -7
106 10 8
106 11 2
106 12 -4
106 13 -9
106 14 10
106 16 4
106 17 -7
106 18 4
106 19 6
106 20 -9
106 21 -1
106 22 -4
106 23 11
106 24 8
106 25 18
106 26 6
106 27 5
106 28 -9
106 29 -5
106 30 -10
106 31 19
106 32 -9
106 33 8
106 34 20
106 35 5
106 36 3
106 37 20
106 38 8
106 39 4
106 40 9
106 41 -10
106 44 -1
106 45 12
106 46 20
106 47 3
106 50 9
106 54 -9
106 57 14
106 58 2
106 59 13
106 60 5
106 62 18
106 67 15
106 68 16
106 69 6
106 70 9
106 72 -5
106 73 -5
106 75 7
106 76 15
106 77 -3
106 78 11
106 79 1
106 80 13
106 81 -3
106 82 -2
106 83 18
106 84 18
106 85 -7
106 86 -6
106 88 16
106 92 -4
106 95 18
106 96 13
106 97 1
106 98 11
106 100 3
107 1 -4
107 2 10
107 3 5
107 4 -9
107 5 4
107 6 17
107 7 -10
107 8 5
107 9 5
107 10 -7
107 11 2
107 12 5
107 13 17
107 14 10
107 15 1
107 17 -2
107 18 -4
107 19 -8
107 20 12
107 21 -1
107 22 -10
107 23 3
107 24 7
107 25 4
107 26 7
107 27 1
107 28 10
107 29 6
107 30 -6
107 31 10
107 32 -8
107 33 15
107 34 18
107 35 18
107 36 12
107 37 -9
107 38 15
107 39 3
107 40 -7
107 41 -3
107 42 -3
107 43 -7
107 46 3
107 48 8
107 51 -9
107 55 15
107 59 -2
107 61 18
107 62 15
107 63 6
107 64 15
107 65 10
107 66 15
107 69 10
107 71 -4
107 72 7
107 73 -10
107 74 2
107 76 -9
107 77 -9
107 78 -3
107 79 7
107 80 8
107 81 5
107 82 6
107 83 9
107 84 -6
107 85 12
107 86 -6
107 89 16
107 93 -8
107 97 18
107 99 -1
107 100 16
107 101 5
107 102 -10
107 105 13
108 1 5
108 2 20
108 3 14
108 4 -7
108 5 9
108 6 5
108 7 7
108 8 11
108 9 -7
108 10 1
108 11 7
108 12 15
108 13 -10
108 14 9
108 15 5
108 16 -6
108 18 -4
108 19 4
108 20 18
108 21 13
108 22 -10
108 23 8
108 24 20
108 25 -7
108 26 17
108 27 19
108 28 15
108 29 2
108 30 14
108 31 5
108 32 15
108 33 15
108 34 1
108 35 -8
108 36 3
108 37 8
108 38 3
108 39 1
108 40 19
108 41 -3
108 47 3
108 48 -4
108 52 15
108 56 -4
108 60 -9
108 61 5
108 62 -5
108 63 2
108 64 15
108 70 6
108 71 17
108 72 17
108 73 15
108 74 10
108 75 3
108 77 -9
108 78 4
108 79 5
108 80 20
108 81 -9
108 82 10
108 83 -4
108 84 4
108 85 6
108 86 -10
108 90 12
108 94 -9
108 98 -6
108 99 9
108 100 7
108 101 4
108 102 2
108 106 19
109 1 -2
109 2 1
109 3 13
109 4 -2
109 5 16
109 6 -4
109 7 7
109 8 8
109 9 3
109 10 -3
109 11 4
109 12 5
109 13 -6
109 14 5
109 15 9
109 16 5
109 17 9
109 19 -2
109 20 5
109 21 10
109 22 -7
109 23 15
109 24 10
109 25 -10
109 26 -4
109 27 -6
109 28 7
109 29 -8
109 30 -6
109 31 -9
109 32 -4
109 33 20
109 34 5
109 35 9
109 36 -2
109 37 -6
109 38 -10
109 39 18
109 40 9
109 41 14
109 44 7
109 48 7
109 49 3
109 53 6
109 57 -10
109 61 13
109 62 12
109 63 10
109 64 15
109 67 -6
109 71 11
109 72 18
109 73 17
109 74 14
109 75 2
109 76 17
109 78 -3
109 79 -5
109 80 -8
109 81 16
109 82 -2
109 83 1
109 84 17
109 85 16
109 86 -6
109 87 8
109 91 12
109 95 -2
109 99 -8
109 100 15
109 101 10
109 102 -10
109 103 11
110 1 20
110 2 3
110 3 6
110 4 -3
110 5 8
110 6 10
110 7 6
110 8 13
110 9 9
110 10 14
110 11 13
110 12 3
110 13 16
110 14 -9
110 15 -3
110 16 8
110 17 -2
110 18 -2
110 20 -10
110 21 -1
110 22 7
110 23 -4
110 24 3
110 25 16
110 26 -1
110 27 -2
110 28 13
110 29 11
110 30 17
110 31 -2
110 32 6
110 33 -10
110 34 12
110 35 -1
110 36 6
110 37 20
110 38 -2
110 39 -7
110 40 16
110 41 20
110 45 6
110 48 1
110 50 7
110 54 -3
110 58 4
110 61 20
110 62 6
110 63 1
110 64 9
110 68 15
110 71 8
110 72 13
110 73 15
110 74 13
110 75 8
110 76 4
110 77 13
110 79 15
110 80 20
110 81 13
110 82 3
110 83 -1
110 84 -10
110 85 10
110 86 8
110 88 20
110 92 9
110 96 6
110 99 -6
110 100 4
110 101 7
110 102 2
110 104 17
111 1 -7
111 2 14
111 3 -9
111 4 9
111 5 1
111 6 18
111 7 7
111 8 -10
111 9 17
111 10 -3
111 11 13
111 12 2
111 13 19
111 14 15
111 15 19
111 16 20
111 17 -7
111 18 -3
111 19 16
111 21 9
111 22 2
111 23 11
111 24 -2
111 25 -8
111 26 18
111 27 9
111 28 9
111 29 -6
111 30 11
111 31 1
111 32 5
111 33 -9
111 34 -1
111 35 -7
111 36 2
111 37 2
111 38 3
111 39 -1
111 40 2
111 41 6
111 42 6
111 43 13
111 46 -1
111 48 -8
111 49 15
111 50 12
111 51 -9
111 52 -3
111 55 13
111 59 13
111 63 18
111 65 -10
111 66 9
111 69 -3
111 71 16
111 72 7
111 73 -1
111 74 -5
111 75 -5
111 76 13
111 77 -8
111 78 13
111 80 -8
111 81 16
111 82 3
111 83 14
111 84 10
111 85 1
111 86 4
111 87 -8
111 88 -2
111 89 17
111 90 -7
111 93 7
111 97 -4
111 101 3
111 104 -4
111 105 -1
111 106 -4
111 109 -6
112 1 20
112 2 3
112 3 7
112 4 16
112 5 15
112 6 8
112 7 6
112 8 -9
112 9 10
112 10 2
112 11 -4
112 12 1
112 13 1
112 14 -1
112 15 4
112 16 -2
112 17 -7
112 18 -6
112 19 17
112 20 7
112 22 8
112 23 -8
112 24 -9
112 25 2
112 26 -5
112 27 7
112 28 4
112 29 -5
112 30 -8
112 31 1
112 32 8
112 33 18
112 34 9
112 35 15
112 36 4
112 37 -10
112 38 -9
112 39 -1
112 40 2
112 41 5
112 42 4
112 47 6
112 49 16
112 50 -4
112 51 -1
112 52 1
112 56 -3
112 60 14
112 64 -9
112 65 3
112 70 4
112 72 18
112 73 4
112 74 12
112 75 -4
112 76 5
112 77 1
112 78 -2
112 79 -8
112 81 -7
112 82 2
112 83 18
112 84 19
112 85 7
112 86 -3
112 87 10
112 88 -2
112 89 13
112 90 -5
112 94 14
112 98 15
112 102 3
112 103 14
112 105 -4
112 106 -3
112 110 -4
113 1 12
113 2 14
113 3 -1
113 4 -10
113 5 13
113 6 10
113 7 13
113 8 -3
113 9 16
113 10 -6
113 11 -2
113 12 12
113 13 8
113 14 -5
113 15 8
113 16 16
113 17 7
113 18 15
113 19 19
113 20 13
113 21 -5
113 23 1
113 24 2
113 25 6
113 26 12
113 27 8
113 28 -2
113 29 -6
113 30 -3
113 31 12
113 32 -3
113 33 19
113 34 -9
113 35 11
113 36 -6
113 37 20
113 38 4
113 39 16
113 40 6
113 41 10
113 42 -1
113 44 16
113 49 15
113 50 9
113 51 -10
113 52 17
113 53 10
113 57 10
113 61 12
113 65 7
113 67 18
113 72 17
113 73 16
113 74 5
113 75 18
113 76 12
113 77 -4
113 78 1
113 79 9
113 80 10
113 82 2
113 83 10
113 84 16
113 85 -2
113 86 4
113 87 -5
113 88 -10
113 89 4
113 90 14
113 91 -1
113 95 -3
113 99 -1
113 103 -2
113 104 12
113 106 -1
113 107 3
114 1 19
114 2 4
114 3 -2
114 4 1
114 5 2
114 6 12
114 7 -7
114 8 -6
114 9 3
114 10 4
114 11 6
114 12 7
114 13 -10
114 14 3
114 15 3
114 16 17
114 17 -2
114 18 -1
114 19 -10
114 20 8
114 21 -7
114 22 14
114 24 -10
114 25 3
114 26 -1
114 27 -8
114 28 8
114 29 17
114 30 -8
114 31 14
114 32 -5
114 33 1
114 34 17
114 35 9
114 36 2
114 37 -9
114 38 10
114 39 4
114 40 -4
114 41 11
114 42 19
114 45 -8
114 49 -6
114 50 -2
114 51 17
114 52 -7
114 54 17
114 58 14
114 62 18
114 65 -8
114 68 -3
114 72 1
114 73 -10
114 74 7
114 75 16
114 76 16
114 77 19
114 78 20
114 79 3
114 80 -3
114 81 19
114 83 7
114 84 -7
114 85 19
114 86 -2
114 87 -4
114 88 8
114 89 10
114 90 4
114 92 -7
114 96 -9
114 100 7
114 103 16
114 104 13
114 105 12
114 108 15
115 1 7
115 2 8
115 3 4
115 4 1
115 5 2
115 6 17
115 7 -2
115 8 15
115 9 4
115 10 3
115 11 20
115 12 8
115 13 14
115 14 -9
115 15 14
115 16 6
115 17 12
115 18 15
115 19 10
115 20 -1
115 21 -9
115 22 10
115 23 8
115 25 15
115 26 5
115 27 -9
115 28 17
115 29 -6
115 30 13
115 31 7
115 32 11
115 33 7
115 34 19
115 35 12
115 36 11
115 37 -6
115 38 -1
115 39 -1
115 40 -3
115 41 11
115 42 19
115 43 12
115 46 19
115 48 8
115 51 5
115 53 20
115 54 11
115 55 14
115 56 -1
115 59 20
115 63 -10
115 65 8
115 66 16
115 69 -8
115 71 9
115 72 6
115 73 4
115 74 -6
115 75 11
115 76 12
115 77 2
115 78 20
115 79 16
115 80 7
115 81 15
115 82 8
115 84 13
115 85 8
115 86 20
115 89 -1
115 91 16
115 92 -6
115 93 6
115 94 7
115 97 13
115 101 18
115 105 10
115 108 5
115 109 -4
115 110 10
115 113 20
116 1 15
116 2 20
116 3 -5
116 4 -3
116 5 10
116 6 3
116 7 -5
116 8 -9
116 9 4
116 10 9
116 11 5
116 12 17
116 13 -3
116 14 10
116 15 -1
116 16 -5
116 17 4
116 18 1
116 19 2
116 20 13
116 21 13
116 22 -10
116 23 -4
116 24 -8
116 26 12
116 27 16
116 28 15
116 29 12
116 30 4
116 31 16
116 32 3
116 33 11
116 34 -5
116 35 -2
116 36 6
116 37 -6
116 38 11
116 39 18
116 40 7
116 41 18
116 43 -4
116 47 -9
116 52 3
116 53 18
116 54 11
116 55 9
116 56 -10
116 60 3
116 64 -10
116 66 2
116 70 9
116 72 17
116 73 9
116 74 -5
116 75 16
116 76 -10
116 77 7
116 78 1
116 79 20
116 80 19
116 81 10
116 82 6
116 83 16
116 85 5
116 86 19
116 90 19
116 91 -5
116 92 -3
116 93 11
116 94 18
116 98 3
116 102 -9
116 106 -1
116 107 -5
116 109 -5
116 110 2
116 114 14
117 1 16
117 2 13
117 3 4
117 4 -7
117 5 -10
117 6 3
117 7 -4
117 8 -7
117 9 18
117 10 -6
117 11 -6
117 12 17
117 13 -9
117 14 13
117 15 12
117 16 -5
117 17 -1
117 18 -4
117 19 18
117 20 -1
117 21 17
117 22 -4
117 23 11
117 24 15
117 25 12
117 27 16
117 28 -5
117 29 9
117 30 1
117 31 2
117 32 -1
117 33 10
117 34 1
117 35 13
117 36 -7
117 37 6
117 38 -6
117 39 -9
117 40 6
117 41 4
117 43 1
117 44 8
117 49 2
117 53 16
117 54 17
117 55 10
117 56 -9
117 57 -2
117 61 6
117 66 4
117 67 5
117 72 10
117 73 1
117 74 1
117 75 6
117 76 12
117 77 19
117 78 -4
117 79 4
117 80 -2
117 81 17
117 82 -1
117 83 18
117 84 7
117 86 19
117 87 11
117 91 -3
117 92 17
117 93 6
117 94 -5
117 95 -2
117 99 9
117 103 9
117 107 5
117 108 14
117 110 13
117 111 8
118 1 -6
118 2 10
118 3 6
118 4 16
118 5 -5
118 6 4
118 7 16
118 8 20
118 9 -7
118 10 -9
118 11 17
118 12 13
118 13 4
118 14 19
118 15 -8
118 16 12
118 17 14
118 18 2
118 19 4
118 20 16
118 21 8
118 22 15
118 23 -4
118 24 12
118 25 -10
118 26 -3
118 28 -5
118 29 10
118 30 20
118 31 -2
118 32 15
118 33 -4
118 34 4
118 35 7
118 36 7
118 37 19
118 38 8
118 39 1
118 40 9
118 41 20
118 43 -2
118 45 15
118 50 11
118 53 1
118 54 13
118 55 6
118 56 19
118 58 13
118 62 -5
118 66 13
118 68 -5
118 72 14
118 73 -4
118 74 -5
118 75 4
118 76 -4
118 77 17
118 78 13
118 79 7
118 80 -3
118 81 -6
118 82 18
118 83 9
118 84 -9
118 85 19
118 88 11
118 91 17
118 92 -10
118 93 19
118 94 -3
118 96 -10
118 100 2
118 104 17
118 107 17
118 108 -10
118 109 19
118 112 -2
119 1 -7
119 2 1
119 3 5
119 4 -5
119 5 -1
119 6 8
119 7 13
119 8 -8
119 9 8
119 10 9
119 11 8
119 12 16
119 13 1
119 14 16
119 15 5
119 16 -2
119 17 4
119 18 9
119 19 14
119 20 -5
119 21 2
119 22 -2
119 23 -1
119 24 -1
119 25 -8
119 26 -6
119 27 11
119 28 12
119 29 16
119 30 18
119 31 17
119 32 -2
119 33 -9
119 34 -2
119 35 -3
119 36 17
119 37 18
119 38 8
119 39 -1
119 40 2
119 41 3
119 42 4
119 43 -1
119 44 1
119 45 -8
119 46 8
119 47 13
119 48 19
119 51 6
119 55 12
119 57 -8
119 58 13
119 59 6
119 60 -3
119 63 11
119 65 -10
119 66 -5
119 67 3
119 68 18
119 69 4
119 70 16
119 71 -8
119 73 11
119 77 5
119 79 8
119 80 19
119 81 19
119 82 -2
119 85 -6
119 88 -9
119 89 19
119 90 -3
119 91 18
119 92 13
119 93 2
119 94 17
119 95 9
119 96 17
119 97 12
119 98 16
119 99 -9
119 100 5
119 101 12
119 102 -2
119 105 -2
119 109 20
119 111 -10
119 112 5
119 113 8
119 114 8
119 117 20
120 1 13
120 2 20
120 3 -1
120 4 15
120 5 6
120 6 20
120 7 10
120 8 13
120 9 8
120 10 4
120 11 3
120 12 5
120 13 2
120 14 11
120 15 16
120 16 -10
120 17 3
120 18 4
120 19 -7
120 20 -2
120 21 3
120 22 -3
120 23 -9
120 24 13
120 25 6
120 26 19
120 27 -9
120 28 19
120 29 13
120 30 -3
120 31 6
120 32 -1
120 33 -9
120 34 12
120 37 -3
120 38 -6
120 39 -5
120 40 -6
120 42 6
120 43 -10
120 44 6
120 45 -3
120 46 -4
120 47 19
120 48 6
120 52 4
120 56 6
120 57 -1
120 58 -2
120 59 -5
120 60 9
120 64 13
120 67 -3
120 68 7
120 69 -9
120 70 5
120 74 13
120 78 -2
120 79 7
120 80 -8
120 81 11
120 82 -10
120 86 2
120 87 1
120 89 -4
120 90 3
120 91 -7
120 92 13
120 93 5
120 94 15
120 95 8
120 96 17
120 97 11
120 98 -1
120 99 18
120 100 8
120 101 6
120 102 -8
120 106 20
120 110 -8
120 111 1
120 112 2
120 113 -10
120 114 -6
120 118 -5
121 1 19
121 2 14
121 3 15
121 4 3
121 5 18
121 6 16
121 7 9
121 8 2
121 9 -9
121 10 18
121 11 8
121 12 8
121 13 10
121 14 18
121 15 2
121 16 15
121 17 8
121 18 6
121 19 20
121 20 19
121 21 6
121 22 8
121 23 18
121 24 -7
121 25 2
121 26 17
121 27 -10
121 29 6
121 30 3
121 31 14
121 32 4
121 33 15
121 34 13
121 37 -6
121 38 -8
121 39 15
121 40 2
121 42 17
121 43 15
121 44 -1
121 45 14
121 46 -3
121 47 -8
121 48 19
121 49 9
121 53 -5
121 57 16
121 58 -7
121 59 2
121 60 3
121 61 6
121 67 -5
121 68 -1
121 69 3
121 70 -1
121 75 -7
121 79 -6
121 80 2
121 81 4
121 82 4
121 83 13
121 87 7
121 88 6
121 90 5
121 91 -10
121 92 5
121 93 2
121 94 -8
121 95 18
121 96 -1
121 97 -6
121 98 17
121 99 -3
121 100 -1
121 101 -6
121 102 5
121 103 9
121 107 -5
121 111 -9
121 112 7
121 113 -6
121 114 -3
121 115 9
122 1 6
122 2 -2
122 3 18
122 4 -4
122 5 -8
122 6 6
122 7 18
122 8 18
122 9 -10
122 10 7
122 11 14
122 12 5
122 13 1
122 14 6
122 15 -10
122 16 1
122 17 -7
122 18 -9
122 19 -3
122 20 1
122 21 6
122 22 8
122 23 4
122 24 15
122 25 -9
122 26 6
122 27 4
122 28 -1
122 29 16
122 30 8
122 31 20
122 32 -5
122 33 12
122 34 16
122 37 3
122 38 -8
122 39 5
122 40 16
122 42 -9
122 43 4
122 44 -6
122 45 11
122 46 4
122 47 11
122 48 4
122 50 2
122 54 -1
122 57 -10
122 58 -1
122 59 17
122 60 -2
122 62 13
122 67 19
122 68 -10
122 69 19
122 70 13
122 72 -9
122 76 15
122 79 -9
122 80 15
122 81 4
122 82 -8
122 84 13
122 87 -3
122 88 19
122 89 7
122 91 -1
122 92 1
122 93 18
122 94 17
122 95 7
122 96 5
122 97 -5
122 98 -2
122 99 20
122 100 12
122 101 10
122 102 2
122 104 3
122 108 -3
122 111 -10
122 112 -9
122 113 17
122 114 -6
122 116 4
123 1 5
123 2 20
123 3 9
123 4 18
123 5 12
123 6 4
123 7 -7
123 8 9
123 9 20
123 10 12
123 11 -8
123 12 6
123 13 18
123 14 -8
123 15 18
123 16 -9
123 17 18
123 18 9
123 19 14
123 20 6
123 21 -4
123 22 -7
123 23 8
123 24 9
123 25 -1
123 26 4
123 27 10
123 28 13
123 29 -9
123 30 13
123 31 14
123 32 10
123 33 15
123 34 -6
123 35 -10
123 36 8
123 39 19
123 41 -3
123 42 5
123 43 1
123 44 6
123 45 13
123 46 11
123 47 19
123 48 9
123 51 19
123 55 -6
123 59 -3
123 61 -3
123 62 -7
123 63 8
123 64 -5
123 65 -5
123 66 20
123 69 13
123 71 6
123 73 9
123 77 -3
123 81 7
123 83 3
123 84 3
123 85 10
123 86 9
123 87 16
123 88 15
123 89 16
123 90 -3
123 92 6
123 93 19
123 94 1
123 95 -9
123 96 5
123 97 -2
123 98 11
123 99 -10
123 100 9
123 101 -9
123 102 12
123 105 13
123 109 2
123 113 17
123 115 13
123 116 17
123 117 -1
123 118 19
123 121 17
124 1 -2
124 2 -4
124 3 8
124 4 19
124 5 1
124 6 16
124 7 20
124 8 17
124 9 20
124 10 -1
124 11 -8
124 12 2
124 13 14
124 14 19
124 15 6
124 16 18
124 17 -5
124 18 -5
124 19 14
124 20 -3
124 21 3
124 22 8
124 23 -8
124 24 -2
124 25 17
124 26 7
124 27 -3
124 28 17
124 29 19
124 30 16
124 31 9
124 32 3
124 33 10
124 34 11
124 40 15
124 41 -4
124 42 20
124 43 12
124 44 -7
124 45 16
124 46 20
124 47 -3
124 48 8
124 52 -1
124 56 -8
124 60 18
124 61 4
124 62 9
124 63 6
124 64 18
124 70 -8
124 71 4
124 74 19
124 78 1
124 82 10
124 83 3
124 84 -2
124 85 11
124 86 -2
124 87 14
124 88 -7
124 89 15
124 90 9
124 91 2
124 93 19
124 94 5
124 95 2
124 96 -1
124 97 5
124 98 14
124 99 13
124 100 9
124 101 -2
124 102 -9
124 106 16
124 110 2
124 114 -1
124 115 12
124 116 -6
124 117 10
124 118 -6
124 122 11
125 1 18
125 2 4
125 3 14
125 4 6
125 5 4
125 6 13
125 7 12
125 8 8
125 9 -9
125 10 -8
125 11 -6
125 12 -4
125 13 -4
125 14 10
125 15 8
125 16 -10
125 17 16
125 18 -7
125 19 5
125 20 10
125 21 9
125 22 -9
125 23 15
125 24 19
125 25 -4
125 26 -9
125 27 18
125 28 1
125 30 12
125 31 -5
125 32 -3
125 33 15
125 34 14
125 37 4
125 41 4
125 42 9
125 43 -9
125 44 2
125 45 1
125 46 -10
125 47 -3
125 48 -6
125 49 1
125 53 5
125 57 6
125 61 9
125 62 6
125 63 9
125 64 -5
125 67 14
125 71 -8
125 75 -10
125 79 3
125 83 -10
125 84 17
125 85 -1
125 86 16
125 87 -3
125 88 9
125 89 9
125 90 1
125 91 6
125 92 -3
125 94 -9
125 95 -9
125 96 -6
125 97 15
125 98 17
125 99 8
125 100 -5
125 101 18
125 102 -1
125 103 5
125 107 -9
125 111 15
125 115 20
125 116 6
125 117 6
125 118 5
125 119 16
126 1 14
126 2 8
126 3 12
126 4 14
126 5 11
126 6 18
126 7 -1
126 8 -10
126 9 8
126 10 19
126 11 7
126 12 17
126 13 9
126 14 -1
126 15 -6
126 16 5
126 17 17
126 18 14
126 19 1
126 20 15
126 21 5
126 22 16
126 23 -10
126 24 -1
126 25 8
126 26 -6
126 27 10
126 28 5
126 29 19
126 30 3
126 31 -9
126 32 12
126 33 -8
126 34 19
126 38 15
126 41 11
126 42 1
126 43 -9
126 44 17
126 45 3
126 46 13
126 47 14
126 48 11
126 50 -6
126 54 4
126 58 6
126 61 -2
126 62 -2
126 63 -5
126 64 17
126 68 19
126 71 -7
126 72 -1
126 76 10
126 80 -2
126 83 1
126 84 14
126 85 4
126 86 2
126 87 19
126 88 3
126 89 2
126 90 10
126 91 12
126 92 20
126 93 15
126 95 -4
126 96 13
126 97 -4
126 98 9
126 99 -3
126 100 17
126 101 17
126 102 19
126 104 8
126 108 -3
126 112 -2
126 115 -5
126 116 -4
126 117 12
126 118 1
126 120 -7
127 1 18
127 2 14
127 3 13
127 4 -4
127 5 2
127 6 -5
127 7 14
127 8 13
127 9 9
127 10 17
127 11 -9
127 12 14
127 13 11
127 14 11
127 15 -7
127 16 3
127 17 -2
127 18 12
127 19 -1
127 20 3
127 21 2
127 22 -2
127 23 -9
127 24 3
127 25 16
127 26 9
127 27 15
127 28 17
127 29 -4
127 31 14
127 32 12
127 33 -9
127 34 16
127 35 -5
127 36 -8
127 39 3
127 41 -10
127 42 9
127 43 16
127 44 -2
127 45 20
127 46 -8
127 47 11
127 48 -4
127 49 18
127 50 1
127 51 4
127 52 3
127 55 -6
127 59 17
127 63 6
127 65 -5
127 66 -8
127 69 7
127 71 -9
127 72 1
127 73 12
127 74 1
127 77 18
127 81 -9
127 85 2
127 87 5
127 88 13
127 89 -6
127 90 4
127 91 8
127 92 -5
127 93 7
127 94 14
127 96 6
127 97 16
127 98 6
127 99 7
127 100 -4
127 101 11
127 102 -8
127 103 19
127 104 -3
127 105 -6
127 106 -10
127 109 -3
127 113 -5
127 117 -2
127 120 1
127 121 3
127 122 5
127 125 18
128 1 19
128 2 7
128 3 1
128 4 16
128 5 12
128 6 -7
128 7 -3
128 8 5
128 9 -3
128 10 16
128 11 3
128 12 -1
128 13 -10
128 14 3
128 15 -3
128 16 -2
128 17 15
128 18 4
128 19 7
128 20 17
128 21 16
128 22 -4
128 23 -1
128 24 -3
128 25 12
128 26 9
128 27 18
128 28 -8
128 29 12
128 30 -9
128 32 2
128 33 -5
128 34 18
128 35 -8
128 40 15
128 42 9
128 43 4
128 44 -9
128 45 -4
128 46 5
128 47 11
128 48 -6
128 49 -2
128 50 -10
128 51 1
128 52 6
128 56 -4
128 60 -1
128 64 16
128 65 15
128 70 -1
128 72 -10
128 73 19
128 74 11
128 78 13
128 82 9
128 86 11
128 87 4
128 88 11
128 89 -4
128 90 11
128 91 9
128 92 9
128 93 6
128 94 4
128 95 14
128 97 10
128 98 -2
128 99 11
128 100 12
128 101 -7
128 102 8
128 103 -6
128 104 18
128 105 19
128 106 -3
128 110 12
128 114 16
128 118 18
128 119 13
128 121 -7
128 122 8
128 126 20
129 1 3
129 2 -2
129 3 4
129 4 -1
129 5 18
129 6 11
129 7 3
129 8 18
129 9 -7
129 10 16
129 11 17
129 12 11
129 13 -3
129 14 14
129 15 -4
129 16 6
129 17 4
129 18 5
129 19 15
129 20 -5
129 21 -7
129 22 10
129 23 15
129 24 2
129 25 13
129 26 5
129 27 10
129 28 16
129 29 -7
129 30 -9
129 31 8
129 33 13
129 34 3
129 35 -2
129 37 1
129 42 -4
129 43 17
129 44 6
129 45 3
129 46 9
129 47 20
129 48 12
129 49 11
129 50 14
129 51 -8
129 52 -1
129 53 15
129 57 6
129 61 9
129 65 20
129 67 11
129 72 2
129 73 20
129 74 -3
129 75 -2
129 79 -7
129 83 5
129 87 -2
129 88 6
129 89 16
129 90 2
129 91 -1
129 92 5
129 93 7
129 94 19
129 95 9
129 96 8
129 98 1
129 99 -2
129 100 -9
129 101 12
129 102 20
129 103 -6
129 104 18
129 105 -1
129 106 20
129 107 14
129 111 7
129 115 13
129 119 20
129 120 -9
129 122 8
129 123 20
130 1 -4
130 2 14
130 3 9
130 4 2
130 5 -2
130 6 -4
130 7 2
130 8 2
130 9 -2
130 10 7
130 11 -3
130 12 7
130 13 -8
130 14 -10
130 15 7
130 16 14
130 17 -8
130 18 -2
130 19 -7
130 20 3
130 21 15
130 22 -6
130 23 1
130 24 16
130 25 4
130 26 7
130 27 2
130 28 17
130 29 19
130 30 6
130 31 11
130 32 16
130 34 20
130 35 3
130 38 10
130 42 -5
130 43 7
130 44 -1
130 45 -7
130 46 6
130 47 13
130 48 8
130 49 -6
130 50 6
130 51 6
130 52 14
130 54 19
130 58 2
130 62 14
130 65 10
130 68 -8
130 72 20
130 73 17
130 74 10
130 76 18
130 80 10
130 84 8
130 87 1
130 88 2
130 89 15
130 90 6
130 91 2
130 92 20
130 93 -8
130 94 -3
130 95 6
130 96 14
130 97 -2
130 99 19
130 100 -10
130 101 10
130 102 -1
130 103 5
130 104 -8
130 105 13
130 106 -8
130 108 19
130 112 9
130 116 15
130 119 4
130 120 -10
130 121 -3
130 124 -8
131 1 -8
131 2 4
131 3 -1
131 4 19
131 5 5
131 6 7
131 7 2
131 8 16
131 9 -8
131 10 4
131 11 15
131 12 -7
131 13 14
131 14 13
131 15 19
131 16 5
131 17 8
131 18 -2
131 19 5
131 20 20
131 21 -6
131 22 1
131 23 9
131 24 -5
131 25 3
131 26 12
131 27 8
131 28 8
131 29 -2
131 30 14
131 31 5
131 32 -7
131 33 10
131 34 3
131 35 -6
131 36 -8
131 39 12
131 41 10
131 42 -3
131 43 8
131 44 9
131 45 -3
131 46 -8
131 47 13
131 48 6
131 51 -10
131 53 19
131 54 14
131 55 19
131 56 18
131 59 5
131 63 -5
131 65 -2
131 66 16
131 69 -2
131 71 15
131 73 4
131 75 1
131 76 -7
131 77 -1
131 78 -7
131 81 16
131 85 -1
131 87 12
131 88 4
131 89 -10
131 90 6
131 91 11
131 92 8
131 93 -2
131 94 -8
131 95 10
131 96 5
131 97 13
131 98 19
131 100 13
131 101 -1
131 102 -10
131 105 1
131 107 17
131 108 19
131 109 1
131 110 -2
131 113 15
131 117 7
131 121 -6
131 124 2
131 125 -1
131 126 7
131 129 16
132 1 9
132 2 -10
132 3 6
132 4 13
132 5 14
132 6 7
132 7 20
132 8 9
132 9 -1
132 10 -3
132 11 1
132 12 10
132 13 -6
132 14 5
132 15 2
132 16 14
132 17 12
132 18 15
132 19 3
132 20 5
132 21 -5
132 22 8
132 23 -3
132 24 -8
132 25 -6
132 26 -6
132 27 -6
132 28 19
132 29 13
132 30 -3
132 31 17
132 32 7
132 33 -7
132 34 6
132 36 -5
132 40 12
132 42 15
132 43 8
132 44 1
132 45 14
132 46 -5
132 47 1
132 48 -8
132 52 -8
132 53 13
132 54 16
132 55 16
132 56 18
132 60 19
132 64 20
132 66 20
132 70 -6
132 74 -4
132 75 20
132 76 13
132 77 14
132 78 8
132 82 -8
132 86 15
132 87 -6
132 88 13
132 89 18
132 90 1
132 91 20
132 92 -6
132 93 17
132 94 -10
132 95 2
132 96 17
132 97 2
132 98 -6
132 99 -2
132 101 12
132 102 14
132 106 7
132 107 -6
132 108 -5
132 109 -3
132 110 15
132 114 2
132 118 -5
132 122 -1
132 123 6
132 125 4
132 126 -9
132 130 -7
133 1 -1
133 2 -1
133 3 17
133 4 -8
133 5 19
133 6 4
133 7 1
133 8 -7
133 9 14
133 10 3
133 11 4
133 12 -4
133 13 -2
133 14 -7
133 15 8
133 16 -2
133 17 10
133 18 4
133 19 12
133 20 6
133 21 9
133 22 3
133 23 8
133 24 -2
133 25 16
133 26 12
133 27 14
133 28 9
133 29 -2
133 30 -5
133 31 2
133 32 -6
133 33 15
133 36 7
133 37 1
133 42 12
133 43 -6
133 44 -10
133 45 17
133 46 12
133 47 1
133 48 -1
133 49 -1
133 53 -10
133 54 6
133 55 2
133 56 3
133 57 17
133 61 -10
133 66 6
133 67 7
133 75 3
133 76 20
133 77 4
133 78 -2
133 79 10
133 83 16
133 87 3
133 88 -2
133 89 18
133 90 9
133 91 18
133 92 11
133 93 8
133 94 9
133 95 -10
133 96 -10
133 97 2
133 98 16
133 99 -3
133 100 14
133 102 6
133 103 -4
133 107 11
133 108 -1
133 109 -9
133 110 15
133 111 15
133 115 19
133 119 -5
133 123 10
133 124 -10
133 126 -10
133 127 7
134 1 12
134 2 3
134 3 11
134 4 9
134 5 10
134 6 13
134 7 8
134 8 4
134 9 3
134 10 4
134 11 5
134 12 5
134 13 -5
134 14 -5
134 15 5
134 16 1
134 17 -2
134 18 -4
134 19 7
134 20 16
134 21 13
134 22 7
134 23 19
134 24 16
134 25 10
134 26 2
134 27 10
134 28 16
134 29 2
134 30 18
134 31 8
134 32 -5
134 33 -7
134 34 13
134 36 18
134 38 5
134 42 -6
134 43 6
134 44 14
134 45 -4
134 46 13
134 47 17
134 48 -2
134 50 9
134 53 6
134 54 12
134 55 15
134 56 7
134 58 -7
134 62 -2
134 66 -6
134 68 5
134 72 -3
134 75 20
134 76 8
134 77 -4
134 78 18
134 80 13
134 84 13
134 87 9
134 88 -8
134 89 5
134 90 15
134 91 -6
134 92 -6
134 93 9
134 94 2
134 95 16
134 96 13
134 97 -4
134 98 7
134 99 3
134 100 -1
134 101 4
134 104 8
134 107 9
134 108 18
134 109 7
134 110 6
134 112 9
134 116 -10
134 120 15
134 123 12
134 124 5
134 125 -5
134 128 11
135 2 11
135 3 1
135 4 13
135 8 -8
135 9 4
135 10 17
135 11 -6
135 13 7
135 14 8
135 15 3
135 16 17
135 17 -8
135 18 15
135 19 9
135 20 9
135 21 1
135 22 -4
135 23 -9
135 24 10
135 25 2
135 26 -2
135 27 -6
135 30 6
135 31 8
135 32 -9
135 33 9
135 36 -3
135 37 16
135 38 9
135 39 -1
135 40 12
135 41 19
135 42 -1
135 43 18
135 44 6
135 45 16
135 46 -5
135 47 -8
135 48 10
135 49 -2
135 50 10
135 51 -6
135 52 17
135 53 14
135 54 -10
135 55 20
135 56 19
135 57 1
135 58 8
135 59 18
135 60 15
135 61 15
135 62 9
135 63 -7
135 64 13
135 65 4
135 66 -8
135 67 -10
135 68 4
135 69 14
135 70 19
135 71 2
135 75 8
135 79 18
135 80 -2
135 81 -5
135 82 3
135 83 11
135 87 16
135 91 -3
135 95 12
135 96 5
135 97 7
135 98 2
135 99 16
135 103 -2
135 104 6
135 105 -7
135 106 -4
135 107 12
135 108 10
135 109 17
135 110 2
135 111 7
135 112 19
135 113 5
135 114 -6
135 115 -2
135 116 8
135 117 19
135 118 2
135 119 -7
135 123 -8
135 127 7
135 128 -4
135 129 -10
135 130 -9
135 131 11
136 5 11
136 8 16
136 12 -9
136 13 3
136 14 19
136 15 10
136 16 -1
136 17 -1
136 18 11
136 19 18
136 20 1
136 21 -4
136 22 17
136 23 4
136 24 3
136 25 6
136 26 12
136 27 -6
136 30 20
136 34 17
136 35 19
136 37 -2
136 38 14
136 39 13
136 40 18
136 41 18
136 42 8
136 43 20
136 44 3
136 45 -5
136 46 -3
136 47 5
136 48 14
136 49 -1
136 50 11
136 51 7
136 52 17
136 53 -1
136 54 3
136 55 5
136 56 2
136 57 9
136 58 6
136 59 13
136 60 17
136 61 19
136 62 12
136 63 -8
136 64 11
136 65 9
136 66 7
136 67 -9
136 68 -8
136 69 -10
136 70 4
136 71 19
136 75 2
136 79 17
136 83 2
136 84 15
136 85 2
136 86 16
136 87 -3
136 91 -4
136 95 7
136 99 -9
136 100 11
136 101 13
136 102 18
136 103 11
136 104 20
136 105 -8
136 106 5
136 107 10
136 108 10
136 109 5
136 110 8
136 111 -9
136 112 -1
136 113 6
136 114 9
136 115 -9
136 116 -9
136 117 10
136 118 5
136 119 -9
136 123 -2
136 127 18
136 131 -8
136 132 1
136 133 17
136 134 1
137 1 14
137 3 4
137 5 -2
137 6 2
137 7 -8
137 10 -2
137 12 -7
137 13 12
137 14 1
137 15 20
137 16 16
137 17 20
137 18 3
137 19 5
137 20 20
137 21 3
137 22 18
137 23 10
137 24 14
137 25 -4
137 26 6
137 27 -4
137 28 10
137 29 -6
137 32 8
137 34 8
137 35 1
137 36 19
137 38 -8
137 39 19
137 40 6
137 41 -4
137 42 -10
137 43 -2
137 44 -4
137 45 5
137 46 10
137 47 -10
137 48 18
137 49 6
137 50 -10
137 51 -2
137 52 4
137 53 17
137 54 -1
137 55 6
137 56 8
137 57 5
137 58 -10
137 59 9
137 60 -6
137 61 -7
137 62 14
137 63 4
137 64 -10
137 65 -5
137 66 5
137 67 18
137 68 2
137 69 11
137 70 18
137 71 14
137 72 2
137 73 7
137 74 -7
137 77 11
137 81 2
137 85 12
137 87 4
137 88 18
137 89 16
137 90 10
137 93 6
137 97 -4
137 101 3
137 103 20
137 104 18
137 105 18
137 106 10
137 107 -9
137 108 6
137 109 -8
137 110 -7
137 111 4
137 112 -9
137 113 -1
137 114 -9
137 115 4
137 116 14
137 117 9
137 118 -9
137 119 7
137 120 6
137 121 -2
137 122 -8
137 125 3
137 129 3
137 133 -4
137 135 19
137 136 5
138 4 -6
138 6 5
138 11 9
138 13 12
138 14 17
138 15 4
138 16 -3
138 17 7
138 18 -6
138 19 4
138 20 7
138 21 18
138 22 17
138 23 -6
138 24 -7
138 25 5
138 26 7
138 27 -2
138 28 2
138 33 8
138 35 20
138 36 -3
138 37 17
138 39 2
138 40 -1
138 41 11
138 42 -3
138 43 18
138 44 -10
138 45 11
138 46 -6
138 47 -2
138 48 15
138 49 10
138 50 -6
138 51 -9
138 52 -4
138 53 -9
138 54 9
138 55 16
138 56 6
138 57 18
138 58 17
138 59 4
138 60 -7
138 61 16
138 62 6
138 63 -1
138 64 3
138 65 10
138 66 6
138 67 -3
138 68 3
138 69 7
138 70 -8
138 71 -6
138 72 -8
138 73 -5
138 74 -10
138 78 11
138 82 11
138 86 8
138 87 1
138 88 19
138 89 -3
138 90 -2
138 94 8
138 98 1
138 102 -8
138 103 3
138 104 -10
138 105 13
138 106 -7
138 107 15
138 108 16
138 109 13
138 110 -7
138 111 13
138 112 9
138 113 5
138 114 13
138 115 1
138 116 -1
138 117 7
138 118 15
138 119 19
138 120 -3
138 121 -8
138 122 -3
138 126 15
138 130 18
138 134 16
138 135 19
139 6 2
139 8 4
139 13 -8
139 14 7
139 15 -7
139 16 11
139 17 1
139 18 6
139 19 9
139 20 -6
139 21 11
139 22 5
139 23 4
139 24 -7
139 25 -3
139 26 16
139 27 -10
139 28 -3
139 30 19
139 35 -4
139 36 3
139 37 6
139 38 12
139 40 -2
139 41 -3
139 42 16
139 43 -6
139 44 -7
139 45 19
139 46 -7
139 47 -4
139 48 -9
139 49 18
139 50 -8
139 51 9
139 52 5
139 53 19
139 54 -1
139 55 -4
139 56 6
139 57 7
139 58 -6
139 59 5
139 60 -3
139 61 4
139 62 2
139 63 -7
139 64 -8
139 65 -7
139 66 -3
139 67 5
139 68 9
139 69 19
139 70 18
139 71 19
139 72 11
139 73 -10
139 74 16
139 75 -4
139 79 17
139 83 -5
139 87 11
139 88 7
139 89 18
139 90 3
139 91 -7
139 95 16
139 99 -8
139 103 2
139 104 2
139 105 4
139 106 4
139 107 12
139 108 15
139 109 -5
139 110 -9
139 111 -9
139 112 1
139 113 17
139 114 6
139 115 -8
139 116 19
139 117 -5
139 118 16
139 119 -3
139 120 19
139 121 17
139 122 2
139 123 -1
139 127 11
139 131 2
140 2 12
140 6 -8
140 9 -1
140 13 13
140 14 7
140 15 10
140 16 8
140 17 -6
140 18 15
140 19 14
140 20 -4
140 21 17
140 22 -1
140 23 15
140 24 14
140 25 -2
140 26 17
140 27 -10
140 28 3
140 31 20
140 35 15
140 36 -5
140 37 -6
140 38 9
140 39 -9
140 41 -6
140 42 -4
140 43 -1
140 44 -7
140 45 -5
140 46 19
140 47 -6
140 48 2
140 49 4
140 50 -7
140 51 12
140 52 14
140 53 -3
140 54 6
140 55 -6
140 56 11
140 57 3
140 58 19
140 59 5
140 60 16
140 61 -8
140 62 7
140 63 -6
140 64 -10
140 65 4
140 66 10
140 67 -9
140 68 15
140 69 8
140 70 -6
140 71 -10
140 72 18
140 73 6
140 74 13
140 76 3
140 80 -7
140 84 -7
140 87 20
140 88 15
140 89 5
140 90 15
140 92 -10
140 96 -3
140 100 14
140 103 4
140 104 5
140 105 14
140 106 -2
140 107 14
140 108 -3
140 109 -4
140 110 -4
140 111 -7
140 112 5
140 113 -10
140 114 -4
140 115 16
140 116 12
140 117 13
140 118 8
140 119 5
140 120 3
140 121 -5
140 122 -1
140 124 -3
140 128 19
140 132 -10
140 135 17
141 1 8
141 7 2
141 8 13
141 13 7
141 14 12
141 15 -9
141 16 4
141 17 14
141 18 13
141 19 10
141 20 17
141 21 9
141 22 15
141 23 9
141 24 -4
141 25 12
141 26 4
141 27 -8
141 29 -2
141 30 3
141 35 -5
141 36 -3
141 37 7
141 38 16
141 39 2
141 40 10
141 42 16
141 43 12
141 44 -10
141 45 9
141 46 3
141 47 -3
141 48 -3
141 49 6
141 50 6
141 51 -2
141 52 14
141 53 9
141 54 -9
141 55 -5
141 56 2
141 57 -1
141 58 13
141 59 14
141 60 16
141 61 6
141 62 19
141 63 12
141 64 20
141 65 7
141 66 17
141 67 -10
141 68 5
141 69 18
141 70 14
141 71 3
141 75 8
141 76 -4
141 77 -5
141 78 15
141 79 15
141 83 -2
141 87 2
141 91 2
141 92 19
141 93 17
141 94 -6
141 95 18
141 99 11
141 103 18
141 104 -9
141 105 3
141 106 20
141 107 20
141 108 20
141 109 3
141 110 6
141 111 -1
141 112 -7
141 113 -5
141 114 1
141 115 -10
141 116 -5
141 117 8
141 118 9
141 119 -1
141 123 4
141 124 16
141 125 -4
141 126 8
141 127 -6
141 131 -3
141 137 -6
142 2 -4
142 3 17
142 4 6
142 8 5
142 9 -7
142 10 -10
142 11 2
142 16 13
142 20 12
142 21 -3
142 22 6
142 23 -5
142 24 9
142 28 19
142 29 -2
142 30 9
142 31 11
142 32 -10
142 33 -5
142 34 -10
142 35 -9
142 36 -5
142 37 -2
142 38 20
142 39 -2
142 40 5
142 41 17
142 43 16
142 44 -6
142 45 6
142 46 -6
142 47 -8
142 48 19
142 49 -8
142 50 4
142 51 -9
142 52 10
142 53 14
142 54 12
142 55 7
142 56 5
142 57 10
142 58 9
142 59 17
142 60 8
142 61 4
142 62 -8
142 63 20
142 64 5
142 65 13
142 66 8
142 67 15
142 68 3
142 69 -1
142 70 6
142 71 -4
142 75 15
142 79 19
142 80 1
142 81 6
142 82 15
142 83 4
142 87 16
142 91 6
142 95 -10
142 96 1
142 97 -5
142 98 9
142 99 9
142 103 5
142 107 -6
142 111 8
142 112 14
142 113 4
142 114 -6
142 115 19
142 119 10
142 120 -5
142 121 17
142 122 14
142 123 11
142 124 6
142 125 20
142 126 20
142 127 -8
142 128 -5
142 129 6
142 130 14
142 131 -9
142 132 15
142 133 15
142 134 15
142 137 1
142 138 -6
142 139 -6
142 140 6
143 5 7
143 8 12
143 12 16
143 16 9
143 20 -10
143 24 8
143 25 13
143 26 11
143 27 13
143 28 14
143 29 -8
143 30 12
143 31 -10
143 32 -4
143 33 2
143 34 12
143 35 -7
143 36 -4
143 37 -2
143 38 17
143 39 -4
143 40 -4
143 41 1
143 42 3
143 44 3
143 45 20
143 46 -3
143 47 9
143 48 8
143 49 8
143 50 2
143 51 19
143 52 -5
143 53 3
143 54 16
143 55 12
143 56 15
143 57 -1
143 58 -4
143 59 14
143 60 18
143 61 12
143 62 -5
143 63 2
143 64 -9
143 65 6
143 66 7
143 67 15
143 68 -6
143 69 4
143 70 13
143 71 17
143 75 8
143 79 -3
143 83 -6
143 84 6
143 85 5
143 86 1
143 87 -4
143 91 8
143 95 8
143 99 6
143 100 8
143 101 -6
143 102 11
143 103 -1
143 107 9
143 111 19
143 115 -6
143 116 -5
143 117 4
143 118 4
143 119 -9
143 120 10
143 121 -7
143 122 20
143 123 -5
143 124 18
143 125 -10
143 126 5
143 127 12
143 128 15
143 129 4
143 130 13
143 131 -4
143 132 20
143 133 6
143 134 13
143 137 -7
143 141 20
144 1 8
144 3 13
144 5 15
144 6 -10
144 7 10
144 10 18
144 12 8
144 13 13
144 14 17
144 15 17
144 18 8
144 22 -7
144 26 16
144 28 -5
144 29 12
144 30 14
144 31 -3
144 32 11
144 33 1
144 34 18
144 35 17
144 36 4
144 37 -5
144 38 -3
144 39 -6
144 40 -7
144 41 17
144 42 2
144 43 7
144 45 -1
144 46 1
144 47 -1
144 48 -2
144 49 -9
144 50 19
144 51 -10
144 52 20
144 53 1
144 54 9
144 55 12
144 56 7
144 57 14
144 58 10
144 59 2
144 60 3
144 61 4
144 62 13
144 63 1
144 64 5
144 65 19
144 66 -1
144 67 3
144 68 -8
144 69 4
144 70 3
144 71 -6
144 72 19
144 73 -7
144 74 11
144 77 -4
144 81 17
144 85 3
144 87 -8
144 88 -2
144 89 7
144 90 14
144 93 -6
144 97 2
144 101 5
144 103 14
144 104 1
144 105 7
144 106 6
144 109 15
144 113 -3
144 117 18
144 119 14
144 120 18
144 121 2
144 122 9
144 123 18
144 124 -10
144 125 -2
144 126 11
144 127 7
144 128 16
144 129 13
144 130 9
144 131 9
144 132 20
144 133 -1
144 134 -7
144 135 12
144 136 18
144 139 4
144 141 -5
144 142 20
144 143 8
145 4 -8
145 6 -4
145 11 12
145 13 11
145 14 9
145 15 16
145 19 17
145 23 4
145 27 18
145 28 18
145 29 6
145 30 20
145 31 -4
145 32 14
145 33 12
145 34 -8
145 35 11
145 36 9
145 37 -7
145 38 -2
145 39 19
145 40 4
145 41 -3
145 42 18
145 43 -6
145 44 3
145 46 12
145 47 16
145 48 5
145 49 14
145 50 17
145 51 7
145 52 -1
145 53 12
145 54 -9
145 55 -10
145 56 -9
145 57 17
145 58 1
145 59 14
145 60 1
145 61 5
145 62 -4
145 63 10
145 64 2
145 65 4
145 66 15
145 67 9
145 68 -9
145 69 -5
145 70 14
145 71 -2
145 72 16
145 73 19
145 74 8
145 78 16
145 82 19
145 86 -7
145 87 8
145 88 19
145 89 10
145 90 15
145 94 11
145 98 -7
145 102 14
145 103 6
145 104 3
145 105 10
145 106 20
145 110 6
145 114 11
145 118 13
145 119 20
145 120 16
145 121 14
145 122 -5
145 123 12
145 124 10
145 125 7
145 126 10
145 127 -9
145 128 10
145 129 -4
145 130 -1
145 131 6
145 132 6
145 133 15
145 134 -7
145 135 14
145 140 7
145 142 12
146 6 3
146 8 6
146 13 4
146 14 -6
146 15 14
146 16 20
146 20 -1
146 24 -6
146 28 -9
146 29 17
146 30 16
146 31 9
146 32 7
146 33 -3
146 34 -3
146 35 -4
146 36 1
146 37 18
146 38 4
146 39 15
146 40 14
146 41 6
146 42 13
146 43 -5
146 44 -9
146 45 6
146 47 9
146 48 2
146 49 -3
146 50 6
146 51 -4
146 52 -5
146 53 13
146 54 -9
146 55 12
146 56 -7
146 57 2
146 58 -7
146 59 9
146 60 4
146 61 -7
146 62 5
146 63 1
146 64 9
146 65 10
146 66 12
146 67 2
146 68 9
146 69 19
146 70 -8
146 71 16
146 72 2
146 73 20
146 74 17
146 75 -8
146 79 16
146 83 20
146 87 5
146 88 9
146 89 8
146 90 -6
146 91 14
146 95 -10
146 99 -6
146 103 4
146 104 1
146 105 -2
146 106 -7
146 107 17
146 111 -2
146 115 -9
146 119 -5
146 120 5
146 121 -1
146 122 2
146 123 5
146 124 -1
146 125 -3
146 126 -4
146 127 13
146 128 5
146 129 19
146 130 19
146 131 -7
146 132 -3
146 133 2
146 134 -3
146 135 2
146 137 -8
147 2 20
147 6 18
147 9 -2
147 13 15
147 14 7
147 15 -3
147 17 11
147 21 18
147 25 11
147 28 3
147 29 13
147 30 -3
147 31 3
147 32 1
147 33 6
147 34 16
147 35 -8
147 36 1
147 37 -10
147 38 3
147 39 4
147 40 15
147 41 5
147 42 -5
147 43 -4
147 44 18
147 45 17
147 46 3
147 48 4
147 49 -10
147 50 20
147 51 13
147 52 -3
147 53 1
147 54 6
147 55 -7
147 56 8
147 57 -7
147 58 -9
147 59 12
147 60 13
147 61 6
147 62 8
147 63 -10
147 64 16
147 65 10
147 66 3
147 67 -5
147 68 6
147 69 20
147 70 -5
147 71 10
147 72 -8
147 73 12
147 74 4
147 76 17
147 80 -9
147 84 13
147 87 -4
147 88 3
147 89 12
147 90 1
147 92 8
147 96 8
147 100 18
147 103 11
147 104 -5
147 105 9
147 106 3
147 108 12
147 112 -4
147 116 -2
147 119 -9
147 120 -3
147 121 9
147 122 7
147 123 17
147 124 5
147 125 -2
147 126 -7
147 127 1
147 128 16
147 129 -2
147 130 15
147 131 -9
147 132 11
147 133 7
147 134 -7
147 135 19
147 138 -7
147 142 8
148 1 -7
148 7 1
148 8 -7
148 16 -9
148 17 7
148 18 8
148 19 -8
148 20 -3
148 24 -6
148 28 12
148 29 1
148 30 12
148 31 3
148 32 10
148 33 20
148 34 -4
148 35 5
148 36 -10
148 37 -6
148 38 -3
148 39 17
148 40 -7
148 41 1
148 42 4
148 43 6
148 44 16
148 45 -7
148 46 16
148 47 18
148 49 15
148 50 5
148 51 15
148 52 9
148 53 5
148 54 2
148 55 -3
148 56 -7
148 57 12
148 58 -1
148 59 8
148 60 20
148 61 13
148 62 20
148 63 -10
148 64 -6
148 65 -4
148 66 -4
148 67 -5
148 68 -2
148 69 8
148 70 19
148 71 -2
148 75 4
148 76 5
148 77 19
148 78 -10
148 79 -2
148 83 1
148 87 3
148 91 4
148 92 18
148 93 18
148 94 13
148 95 -3
148 99 14
148 103 14
148 107 3
148 108 9
148 109 8
148 110 3
148 111 3
148 115 -6
148 119 18
148 120 -7
148 121 -3
148 122 7
148 123 7
148 124 15
148 125 9
148 126 -1
148 127 -2
148 128 6
148 129 -4
148 130 -5
148 131 6
148 132 15
148 133 -3
148 134 9
148 136 17
148 137 -9
148 144 -9
149 1 2
149 2 -3
149 3 4
149 4 12
149 5 17
149 6 3
149 7 4
149 8 -4
149 9 -2
149 10 11
149 11 -5
149 12 12
149 14 -1
149 18 5
149 20 19
149 21 4
149 22 5
149 23 -3
149 26 18
149 28 7
149 29 -6
149 30 4
149 31 -7
149 32 -1
149 33 17
149 34 11
149 35 4
149 36 7
149 37 18
149 38 11
149 39 5
149 40 14
149 41 5
149 42 16
149 43 -4
149 44 10
149 45 8
149 46 2
149 47 8
149 48 15
149 50 17
149 51 13
149 52 -5
149 53 2
149 54 8
149 55 6
149 56 9
149 57 1
149 58 3
149 59 -8
149 60 17
149 61 11
149 62 -4
149 63 9
149 64 4
149 65 17
149 66 -1
149 67 1
149 68 15
149 69 -7
149 70 19
149 71 4
149 72 -2
149 73 7
149 74 10
149 75 -8
149 76 -9
149 77 19
149 78 1
149 79 -9
149 80 -9
149 81 -2
149 82 -1
149 83 5
149 84 3
149 85 6
149 86 -9
149 89 -3
149 93 -5
149 95 12
149 96 3
149 97 16
149 98 -9
149 101 14
149 105 -9
149 109 17
149 111 18
149 112 18
149 113 -9
149 114 15
149 117 -4
149 121 7
149 125 15
149 127 4
149 128 -1
149 129 -4
149 130 15
149 133 -3
149 135 20
149 136 17
149 137 1
149 138 14
149 139 13
149 140 15
149 141 18
149 142 -3
149 143 7
149 144 1
149 145 12
149 146 11
149 147 5
149 148 7
150 1 9
150 2 5
150 3 8
150 4 20
150 5 5
150 8 -3
150 9 13
150 10 4
150 11 -1
150 15 12
150 19 -5
150 20 2
150 21 -2
150 22 18
150 23 3
150 27 -1
150 30 8
150 31 12
150 32 5
150 33 6
150 35 -2
150 36 16
150 37 13
150 38 -6
150 39 13
150 40 4
150 41 20
150 42 7
150 43 -10
150 44 19
150 45 9
150 46 -3
150 47 14
150 48 -1
150 49 15
150 51 13
150 52 12
150 53 -2
150 54 5
150 55 6
150 56 7
150 57 -10
150 58 -1
150 59 1
150 60 8
150 61 7
150 62 10
150 63 17
150 64 -4
150 65 16
150 66 -9
150 67 3
150 68 8
150 69 7
150 70 -9
150 71 12
150 72 11
150 73 -5
150 74 2
150 75 -6
150 76 -2
150 77 17
150 78 14
150 79 13
150 80 17
150 81 10
150 82 -3
150 83 14
150 84 -8
150 85 -2
150 86 -1
150 90 4
150 94 -6
150 95 -3
150 96 7
150 97 -9
150 98 18
150 102 -6
150 106 14
150 110 1
150 111 -3
150 112 9
150 113 10
150 114 -10
150 118 -7
150 122 -9
150 126 15
150 127 -4
150 128 12
150 129 18
150 130 16
150 134 -2
150 135 -8
150 136 -8
150 137 4
150 138 -3
150 139 7
150 140 16
150 141 12
150 144 14
150 145 15
150 146 3
150 147 -4
151 1 -10
151 2 -9
151 3 -4
151 4 17
151 5 18
151 8 11
151 9 13
151 10 18
151 11 3
151 16 8
151 20 -10
151 21 6
151 22 6
151 23 -7
151 24 17
151 30 12
151 31 12
151 32 8
151 33 -5
151 35 -10
151 36 -2
151 37 -1
151 38 -3
151 39 -7
151 40 12
151 41 -6
151 42 8
151 43 15
151 44 2
151 45 3
151 46 16
151 47 15
151 48 4
151 49 -6
151 50 18
151 52 -5
151 53 -4
151 54 -8
151 55 17
151 56 -1
151 57 5
151 58 7
151 59 -4
151 60 17
151 61 3
151 62 -8
151 63 -10
151 64 -8
151 65 10
151 66 -8
151 67 8
151 68 -7
151 69 -6
151 70 10
151 71 -3
151 72 18
151 73 15
151 74 11
151 75 -9
151 76 19
151 77 2
151 78 13
151 79 4
151 80 6
151 81 19
151 82 -4
151 83 -1
151 84 6
151 85 10
151 86 5
151 87 5
151 91 -7
151 95 4
151 96 -9
151 97 11
151 98 -1
151 99 7
151 103 13
151 107 -4
151 111 -1
151 112 18
151 113 15
151 114 10
151 115 2
151 119 9
151 123 2
151 127 13
151 128 18
151 129 15
151 130 14
151 131 -6
151 136 -9
151 137 -1
151 138 -1
151 139 16
151 140 12
151 141 -4
151 144 -3
151 145 3
151 146 2
151 147 20
152 1 -1
152 2 17
152 3 -4
152 4 6
152 5 17
152 8 6
152 9 3
152 10 -6
152 11 -1
152 13 11
152 17 18
152 20 -3
152 21 -9
152 22 3
152 23 16
152 25 -7
152 30 20
152 31 10
152 32 -3
152 33 -1
152 35 10
152 36 -10
152 37 14
152 38 -10
152 39 17
152 40 16
152 41 -3
152 42 -5
152 43 18
152 44 11
152 45 3
152 46 -7
152 47 15
152 48 8
152 49 19
152 50 6
152 51 -2
152 53 6
152 54 2
152 55 1
152 56 -1
152 57 20
152 58 14
152 59 -8
152 60 12
152 61 18
152 62 16
152 63 15
152 64 1
152 65 6
152 66 4
152 67 3
152 68 -7
152 69 16
152 70 11
152 71 -4
152 72 18
152 73 8
152 74 -10
152 75 3
152 76 -2
152 77 20
152 78 14
152 79 18
152 80 13
152 81 13
152 82 5
152 83 3
152 84 -7
152 85 11
152 86 9
152 88 14
152 92 14
152 95 7
152 96 -5
152 97 -9
152 98 10
152 100 6
152 104 -10
152 108 7
152 111 7
152 112 19
152 113 -9
152 114 -3
152 116 10
152 120 -4
152 124 -5
152 127 -1
152 128 2
152 129 -5
152 130 -2
152 132 6
152 135 14
152 136 -1
152 137 5
152 138 6
152 139 10
152 140 -3
152 141 15
152 144 -4
152 145 12
152 146 11
152 147 5
153 1 3
153 2 13
153 3 1
153 4 20
153 5 19
153 6 -1
153 7 20
153 10 9
153 12 5
153 14 -6
153 18 9
153 22 -3
153 24 -2
153 25 6
153 26 15
153 27 9
153 28 19
153 29 -7
153 32 18
153 34 11
153 35 14
153 36 19
153 37 14
153 38 20
153 39 19
153 40 19
153 41 -6
153 42 17
153 43 20
153 44 -9
153 45 -10
153 46 11
153 47 -5
153 48 19
153 49 -1
153 50 13
153 51 3
153 52 -9
153 54 -8
153 55 -9
153 56 -7
153 57 16
153 58 -4
153 59 1
153 60 -1
153 61 -10
153 62 8
153 63 4
153 64 13
153 65 -8
153 66 -5
153 67 -8
153 68 20
153 69 3
153 70 19
153 71 4
153 72 -9
153 73 -6
153 74 16
153 75 -3
153 76 18
153 77 4
153 78 13
153 79 1
153 80 -5
153 81 -1
153 82 15
153 83 9
153 84 3
153 85 6
153 86 7
153 89 17
153 93 -10
153 97 12
153 99 -2
153 100 -10
153 101 -7
153 102 -6
153 105 -5
153 109 -7
153 113 4
153 115 13
153 116 14
153 117 6
153 118 19
153 121 -1
153 125 -8
153 129 7
153 131 -9
153 132 -9
153 133 19
153 134 16
153 135 7
153 136 -2
153 137 12
153 138 3
153 139 16
153 140 4
153 141 -4
153 142 16
153 143 2
153 146 -4
153 148 8
153 151 6
154 1 10
154 2 -1
154 3 -3
154 4 12
154 5 -10
154 11 16
154 12 -1
154 15 3
154 19 15
154 23 10
154 24 12
154 25 -9
154 26 6
154 27 7
154 33 -7
154 34 -9
154 35 14
154 36 10
154 37 -10
154 38 9
154 39 2
154 40 8
154 41 -3
154 42 17
154 43 13
154 44 2
154 45 7
154 46 -3
154 47 11
154 48 20
154 49 10
154 50 10
154 51 4
154 52 7
154 53 -6
154 55 7
154 56 5
154 57 8
154 58 -1
154 59 2
154 60 15
154 61 9
154 62 11
154 63 -1
154 64 1
154 65 19
154 66 1
154 67 9
154 68 -7
154 69 -2
154 70 -8
154 71 -2
154 72 -4
154 73 9
154 74 18
154 75 4
154 76 15
154 77 -10
154 78 -5
154 79 -7
154 80 19
154 81 13
154 82 12
154 83 -1
154 84 4
154 85 8
154 86 13
154 90 -9
154 94 -4
154 98 17
154 99 2
154 100 16
154 101 20
154 102 10
154 106 -8
154 110 18
154 114 3
154 115 20
154 116 8
154 117 12
154 118 -6
154 122 -1
154 126 -10
154 130 9
154 131 3
154 132 5
154 133 -5
154 134 -7
154 135 16
154 136 5
154 137 16
154 138 18
154 139 -8
154 140 19
154 141 2
154 147 12
154 148 10
154 152 12
155 1 1
155 2 6
155 3 8
155 4 1
155 5 -7
155 8 15
155 12 8
155 16 16
155 20 -4
155 24 -1
155 25 1
155 26 1
155 27 -3
155 30 17
155 34 2
155 35 -5
155 36 -9
155 37 1
155 38 11
155 39 3
155 40 14
155 41 13
155 42 -8
155 43 11
155 44 -9
155 45 5
155 46 14
155 47 3
155 48 14
155 49 14
155 50 16
155 51 11
155 52 6
155 53 7
155 54 1
155 56 -4
155 57 -3
155 58 4
155 59 9
155 60 -6
155 61 -9
155 62 8
155 63 -9
155 64 20
155 65 15
155 66 11
155 67 18
155 68 1
155 69 20
155 70 12
155 71 7
155 72 8
155 73 11
155 74 -8
155 75 14
155 76 -3
155 77 7
155 78 2
155 79 -4
155 80 8
155 81 19
155 82 -8
155 83 8
155 84 3
155 85 14
155 86 -3
155 87 -2
155 91 14
155 95 -2
155 99 -5
155 100 20
155 101 -9
155 102 9
155 103 10
155 107 20
155 111 15
155 115 13
155 116 -2
155 117 -2
155 118 5
155 119 10
155 123 -2
155 127 -4
155 131 -8
155 132 -5
155 133 18
155 134 11
155 135 4
155 137 9
155 138 19
155 139 -9
155 140 4
155 141 2
155 144 13
155 148 20
155 149 12
156 1 -3
156 2 9
156 3 -4
156 4 -4
156 5 14
156 9 -8
156 12 -4
156 13 12
156 17 -4
156 21 -9
156 24 -4
156 25 -1
156 26 -1
156 27 9
156 31 4
156 34 11
156 35 17
156 36 -6
156 37 11
156 38 17
156 39 8
156 40 11
156 41 11
156 42 1
156 43 -2
156 44 -2
156 45 13
156 46 -1
156 47 -5
156 48 1
156 49 2
156 50 1
156 51 -6
156 52 -6
156 53 14
156 54 13
156 55 -10
156 57 15
156 58 -7
156 59 18
156 60 3
156 61 -9
156 62 10
156 63 9
156 64 -1
156 65 8
156 66 7
156 67 8
156 68 7
156 69 -7
156 70 7
156 71 11
156 72 1
156 73 7
156 74 16
156 75 4
156 76 9
156 77 13
156 78 -5
156 79 14
156 80 -9
156 81 17
156 82 8
156 83 -6
156 84 -6
156 85 4
156 86 11
156 88 -9
156 92 -8
156 96 -3
156 99 -10
156 100 2
156 101 4
156 102 9
156 104 -9
156 108 19
156 112 19
156 115 19
156 116 1
156 117 -1
156 118 20
156 120 1
156 124 -4
156 128 6
156 131 15
156 132 8
156 133 -2
156 134 16
156 135 5
156 136 14
156 137 -6
156 138 2
156 139 -10
156 140 -10
156 141 10
156 145 -10
156 148 12
156 150 14
157 1 10
157 2 11
157 3 11
157 4 20
157 5 16
157 6 -8
157 7 6
157 10 12
157 12 4
157 13 16
157 14 20
157 15 5
157 18 11
157 22 15
157 26 10
157 28 5
157 29 10
157 32 6
157 34 12
157 35 9
157 36 8
157 37 18
157 38 -3
157 39 11
157 40 -10
157 41 11
157 42 16
157 43 -7
157 44 -5
157 45 11
157 46 7
157 47 -9
157 48 11
157 49 1
157 50 13
157 51 1
157 52 10
157 53 1
157 54 10
157 55 -3
157 56 8
157 58 11
157 59 17
157 60 11
157 61 10
157 62 -10
157 63 14
157 64 9
157 65 -4
157 66 3
157 67 20
157 68 1
157 69 -10
157 70 13
157 71 -7
157 72 13
157 73 20
157 74 17
157 75 17
157 76 11
157 77 10
157 78 -4
157 79 13
157 80 -2
157 81 2
157 82 1
157 83 1
157 84 3
157 85 -1
157 86 19
157 87 -9
157 88 16
157 89 19
157 90 19
157 93 4
157 97 13
157 101 -3
157 103 20
157 104 12
157 105 -5
157 106 8
157 109 -7
157 113 1
157 117 3
157 119 12
157 120 19
157 121 7
157 122 19
157 125 14
157 129 7
157 133 -10
157 135 -6
157 136 -6
157 138 11
157 139 7
157 140 18
157 141 15
157 142 16
157 143 13
157 146 7
157 148 11
157 150 5
157 151 -5
157 152 14
157 155 -9
158 1 20
158 2 7
158 3 16
158 4 20
158 5 10
158 6 8
158 11 8
158 13 -9
158 14 3
158 15 13
158 19 -6
158 23 -7
158 27 -6
158 28 -1
158 33 16
158 35 1
158 36 13
158 37 11
158 38 20
158 39 -10
158 40 11
158 41 11
158 42 10
158 43 15
158 44 -4
158 45 5
158 46 15
158 47 9
158 48 -10
158 49 -7
158 50 16
158 51 6
158 52 3
158 53 4
158 54 -3
158 55 -4
158 56 1
158 57 -2
158 59 4
158 60 13
158 61 8
158 62 1
158 63 -1
158 64 5
158 65 14
158 66 9
158 67 9
158 68 7
158 69 11
158 70 11
158 71 8
158 72 16
158 73 16
158 74 -8
158 75 -6
158 76 10
158 77 6
158 78 5
158 79 12
158 80 12
158 81 13
158 82 8
158 83 -10
158 84 -4
158 85 10
158 86 -9
158 87 6
158 88 -5
158 89 -4
158 90 -2
158 94 -7
158 98 -6
158 102 20
158 103 15
158 104 17
158 105 -7
158 106 20
158 110 1
158 114 -10
158 118 14
158 119 10
158 120 7
158 121 -4
158 122 7
158 126 12
158 130 9
158 134 9
158 135 5
158 136 -10
158 137 -3
158 139 7
158 140 2
158 141 12
158 142 -7
158 147 -8
158 149 15
158 151 9
158 152 17
158 156 -6
159 1 -2
159 2 7
159 3 17
159 4 -4
159 5 -4
159 6 8
159 8 -2
159 13 15
159 14 4
159 15 8
159 16 9
159 20 9
159 24 -9
159 28 12
159 30 20
159 35 6
159 36 2
159 37 6
159 38 3
159 39 10
159 40 5
159 41 -9
159 42 15
159 43 -4
159 44 9
159 45 12
159 46 8
159 47 5
159 48 20
159 49 7
159 50 12
159 51 -5
159 52 -1
159 53 8
159 54 -6
159 55 7
159 56 -2
159 57 13
159 58 6
159 60 15
159 61 13
159 62 12
159 63 13
159 64 6
159 65 17
159 66 9
159 67 6
159 68 -3
159 69 -8
159 70 5
159 71 -9
159 72 14
159 73 12
159 74 -1
159 75 9
159 76 18
159 77 13
159 78 9
159 79 14
159 80 1
159 81 13
159 82 19
159 83 11
159 84 8
159 85 18
159 86 19
159 87 -10
159 88 7
159 89 1
159 90 -5
159 91 6
159 95 -4
159 99 15
159 103 -10
159 104 17
159 105 3
159 106 -9
159 107 7
159 111 9
159 115 14
159 119 15
159 120 -6
159 121 5
159 122 7
159 123 -9
159 127 -2
159 131 11
159 135 3
159 136 3
159 137 3
159 138 -7
159 140 6
159 141 -2
159 142 -2
159 144 20
159 149 16
159 150 15
159 152 4
159 153 1
160 1 -5
160 2 -6
160 3 -2
160 4 4
160 5 14
160 6 14
160 9 -8
160 13 20
160 14 -1
160 15 5
160 17 17
160 21 18
160 25 20
160 28 7
160 31 14
160 35 17
160 36 10
160 37 -7
160 38 -7
160 39 20
160 40 7
160 41 5
160 42 -6
160 43 -5
160 44 3
160 45 3
160 46 -4
160 47 2
160 48 11
160 49 4
160 50 9
160 51 2
160 52 -7
160 53 9
160 54 20
160 55 3
160 56 11
160 57 6
160 58 -4
160 59 -7
160 61 4
160 62 7
160 63 -3
160 64 9
160 65 -7
160 66 16
160 67 -7
160 68 8
160 69 9
160 70 12
160 71 8
160 72 -6
160 73 -9
160 74 19
160 75 3
160 76 1
160 77 6
160 78 15
160 79 17
160 80 -10
160 81 -8
160 82 -3
160 83 -5
160 84 15
160 85 20
160 86 3
160 87 7
160 88 17
160 89 -8
160 90 12
160 92 6
160 96 -1
160 100 -3
160 103 3
160 104 -3
160 105 3
160 106 -8
160 108 6
160 112 3
160 116 20
160 119 7
160 120 13
160 121 7
160 122 -4
160 124 18
160 128 11
160 132 13
160 135 8
160 136 10
160 137 4
160 138 9
160 139 -3
160 141 -8
160 142 3
160 145 -5
160 149 18
160 150 -1
160 151 -3
160 154 -10
161 1 6
161 2 -3
161 3 7
161 4 3
161 5 -10
161 6 13
161 7 19
161 10 2
161 12 10
161 14 17
161 16 20
161 17 -7
161 18 12
161 19 -9
161 22 -10
161 26 6
161 28 8
161 29 1
161 32 -6
161 34 -4
161 35 3
161 36 -3
161 37 9
161 38 15
161 39 10
161 40 8
161 41 -3
161 42 2
161 43 -7
161 44 1
161 45 -8
161 46 5
161 47 20
161 48 3
161 49 -8
161 50 -10
161 51 -4
161 52 -8
161 53 5
161 54 -1
161 55 -9
161 56 -7
161 57 -9
161 58 20
161 59 -10
161 60 7
161 62 15
161 63 11
161 64 7
161 65 -3
161 66 -7
161 67 1
161 68 19
161 69 -8
161 70 3
161 71 1
161 72 4
161 73 -6
161 74 10
161 75 13
161 76 9
161 77 -2
161 78 11
161 79 13
161 80 6
161 81 17
161 82 13
161 83 19
161 84 -5
161 85 7
161 86 4
161 89 16
161 91 -8
161 92 4
161 93 -2
161 94 -1
161 97 12
161 101 9
161 105 -3
161 107 7
161 108 10
161 109 -1
161 110 -1
161 113 -9
161 117 -9
161 121 4
161 123 15
161 124 -5
161 125 -4
161 126 19
161 129 7
161 133 5
161 135 8
161 136 16
161 137 5
161 138 -9
161 139 9
161 140 -1
161 141 -3
161 142 -4
161 143 15
161 146 20
161 148 7
161 151 15
161 154 -5
161 155 -3
161 156 20
161 159 2
162 1 -10
162 2 18
162 3 8
162 4 12
162 5 7
162 7 -6
162 11 18
162 15 -7
162 16 -10
162 17 14
162 18 20
162 19 20
162 23 12
162 27 20
162 29 -2
162 33 11
162 35 20
162 36 17
162 37 4
162 38 11
162 39 -2
162 40 -5
162 41 19
162 42 14
162 43 3
162 44 -4
162 45 -9
162 46 19
162 47 -10
162 48 13
162 49 5
162 50 -8
162 51 -5
162 52 -8
162 53 13
162 54 18
162 55 9
162 56 7
162 57 20
162 58 1
162 59 19
162 60 4
162 61 3
162 63 1
162 64 -6
162 65 19
162 66 17
162 67 19
162 68 -6
162 69 6
162 70 2
162 71 -7
162 72 2
162 73 -8
162 74 9
162 75 2
162 76 2
162 77 -1
162 78 19
162 79 -9
162 80 8
162 81 20
162 82 5
162 83 -2
162 84 5
162 85 6
162 86 13
162 90 15
162 91 5
162 92 18
162 93 14
162 94 10
162 98 -8
162 102 5
162 106 -3
162 107 4
162 108 15
162 109 8
162 110 -10
162 114 8
162 118 10
162 122 -3
162 123 -2
162 124 -4
162 125 18
162 126 -4
162 130 19
162 134 19
162 135 1
162 136 15
162 137 -6
162 138 -8
162 139 -7
162 140 1
162 141 -6
162 143 5
162 147 12
162 152 -2
162 153 12
162 155 -5
162 156 14
162 160 -8
163 1 -6
163 2 14
163 3 -3
163 4 2
163 5 -5
163 7 -9
163 8 -6
163 16 11
163 17 -1
163 18 2
163 19 7
163 20 20
163 24 8
163 29 15
163 30 -4
163 35 -5
163 36 16
163 37 -7
163 38 18
163 39 -9
163 40 3
163 41 7
163 42 -10
163 43 2
163 44 1
163 45 -1
163 46 6
163 47 7
163 48 18
163 49 18
163 50 -9
163 51 -6
163 52 5
163 53 4
163 54 -6
163 55 -8
163 56 -9
163 57 1
163 58 -5
163 59 -4
163 60 4
163 61 -9
163 62 11
163 64 12
163 65 6
163 66 7
163 67 4
163 68 19
163 69 3
163 70 10
163 71 -3
163 72 -9
163 73 9
163 74 19
163 75 -5
163 76 2
163 77 19
163 78 8
163 79 -7
163 80 15
163 81 17
163 82 16
163 83 -9
163 84 13
163 85 18
163 86 6
163 87 2
163 91 17
163 92 20
163 93 -10
163 94 -8
163 95 -7
163 99 8
163 103 18
163 107 9
163 108 11
163 109 12
163 110 10
163 111 -5
163 115 9
163 119 5
163 123 -6
163 124 1
163 125 12
163 126 17
163 127 2
163 131 8
163 135 15
163 136 -7
163 137 5
163 138 -7
163 139 12
163 140 15
163 143 -8
163 144 -7
163 149 1
163 153 -8
163 154 9
163 156 11
163 157 11
164 1 -7
164 2 13
164 3 -6
164 4 8
164 5 -2
164 7 8
164 9 11
164 13 8
164 16 16
164 17 7
164 18 -9
164 19 10
164 21 -8
164 25 12
164 29 3
164 31 17
164 35 -2
164 36 5
164 37 4
164 38 18
164 39 1
164 40 11
164 41 5
164 42 13
164 43 -6
164 44 8
164 45 -6
164 46 -4
164 47 12
164 48 -7
164 49 16
164 50 14
164 51 -6
164 52 12
164 53 15
164 54 4
164 55 8
164 56 8
164 57 3
164 58 13
164 59 -2
164 60 -7
164 61 -8
164 62 -5
164 63 14
164 65 -9
164 66 19
164 67 12
164 68 -7
164 69 -10
164 70 4
164 71 -4
164 72 18
164 73 8
164 74 -6
164 75 11
164 76 13
164 77 12
164 78 5
164 79 -9
164 80 17
164 81 15
164 82 12
164 83 -1
164 84 9
164 85 -8
164 86 16
164 88 1
164 91 -5
164 92 15
164 93 -5
164 94 -7
164 96 5
164 100 -10
164 104 -9
164 107 10
164 108 19
164 109 12
164 110 12
164 112 -2
164 116 10
164 120 17
164 123 15
164 124 8
164 125 -10
164 126 4
164 128 -6
164 132 -10
164 135 -1
164 136 10
164 137 -3
164 138 20
164 139 8
164 140 11
164 141 7
164 143 16
164 145 -7
164 150 4
164 153 16
164 154 9
164 155 18
164 158 16
165 2 -9
165 3 19
165 4 -3
165 6 -10
165 7 8
165 8 13
165 9 -9
165 10 16
165 11 7
165 12 -8
165 16 -3
165 20 -8
165 21 2
165 22 3
165 23 -9
165 24 -8
165 30 -3
165 31 -7
165 32 11
165 33 9
165 35 8
165 36 11
165 37 -5
165 38 -9
165 39 9
165 40 17
165 41 20
165 42 11
165 43 15
165 44 11
165 45 -8
165 46 4
165 47 14
165 48 7
165 49 2
165 50 -1
165 51 1
165 52 10
165 53 11
165 54 -4
165 55 3
165 56 19
165 57 18
165 58 1
165 59 19
165 60 14
165 61 17
165 62 -2
165 63 19
165 64 3
165 66 4
165 67 9
165 68 20
165 69 10
165 70 -2
165 71 2
165 75 16
165 79 -9
165 80 -10
165 81 -6
165 82 1
165 83 14
165 87 -4
165 88 1
165 89 8
165 90 13
165 91 -2
165 92 4
165 93 4
165 94 3
165 95 16
165 96 16
165 97 -4
165 98 5
165 99 19
165 100 -1
165 101 7
165 102 -3
165 103 7
165 107 13
165 111 -2
165 112 15
165 113 -9
165 114 -2
165 115 9
165 119 9
165 123 1
165 127 -6
165 128 -8
165 129 15
165 130 -3
165 131 8
165 137 8
165 138 1
165 139 7
165 140 -6
165 143 -6
165 144 7
165 145 18
165 146 -9
165 147 -9
165 148 -6
165 149 3
165 153 16
165 157 12
165 158 1
165 159 16
165 160 15
165 161 20
166 5 18
166 6 -8
166 7 8
166 8 5
166 9 19
166 10 3
166 11 17
166 12 2
166 16 -6
166 20 9
166 24 19
166 25 18
166 26 9
166 27 19
166 30 15
166 34 -2
166 35 13
166 36 -7
166 37 15
166 38 1
166 39 13
166 40 3
166 41 14
166 42 20
166 43 -6
166 44 8
166 45 -1
166 46 -4
166 47 4
166 48 -3
166 49 -6
166 50 -7
166 51 20
166 52 -9
166 53 12
166 54 -5
166 55 6
166 56 16
166 57 -1
166 58 7
166 59 -10
166 60 -10
166 61 13
166 62 9
166 63 -10
166 64 3
166 65 6
166 67 -9
166 68 17
166 69 10
166 70 15
166 71 -7
166 75 19
166 79 6
166 83 13
166 84 -5
166 85 18
166 86 5
166 87 17
166 88 16
166 89 20
166 90 13
166 91 -7
166 92 -10
166 93 16
166 94 3
166 95 -6
166 96 -2
166 97 -9
166 98 12
166 99 6
166 100 8
166 101 -7
166 102 -10
166 103 -1
166 107 13
166 111 4
166 115 15
166 116 -4
166 117 15
166 118 -3
166 119 -8
166 123 9
166 127 9
166 131 7
166 132 19
166 133 5
166 134 -3
166 137 12
166 141 17
166 142 14
166 144 -7
166 145 -5
166 146 4
166 147 -8
166 148 17
166 149 9
166 153 -4
166 157 -4
166 161 13
166 162 11
166 163 7
166 164 9
167 1 10
167 3 16
167 5 18
167 6 4
167 7 1
167 8 -5
167 9 12
167 10 -4
167 11 8
167 12 5
167 13 -3
167 14 16
167 15 18
167 18 6
167 22 18
167 26 2
167 28 6
167 29 -6
167 32 5
167 34 13
167 35 -2
167 36 17
167 37 7
167 38 7
167 39 4
167 40 -8
167 41 3
167 42 -5
167 43 18
167 44 -3
167 45 5
167 46 -7
167 47 5
167 48 14
167 49 19
167 50 4
167 51 7
167 52 -4
167 53 9
167 54 1
167 55 -1
167 56 15
167 57 -6
167 58 -7
167 59 11
167 60 10
167 61 7
167 62 -1
167 63 4
167 64 -10
167 65 12
167 66 -6
167 68 5
167 69 6
167 70 14
167 71 2
167 72 -8
167 73 14
167 74 19
167 77 -5
167 81 12
167 85 18
167 87 16
167 88 -3
167 89 1
167 90 -4
167 91 -8
167 92 -3
167 93 13
167 94 8
167 95 14
167 96 15
167 97 3
167 98 -3
167 99 18
167 100 4
167 101 20
167 102 -9
167 103 -5
167 104 -9
167 105 -7
167 106 -5
167 109 5
167 113 -3
167 117 -5
167 119 13
167 120 3
167 121 19
167 122 14
167 125 6
167 129 20
167 133 -7
167 135 9
167 136 2
167 139 3
167 141 14
167 142 13
167 143 4
167 145 -3
167 146 15
167 147 -5
167 148 1
167 149 -2
167 150 14
167 151 -10
167 152 3
167 155 2
167 159 18
167 163 -5
167 165 -1
167 166 12
168 4 16
168 6 19
168 7 -3
168 8 10
168 9 13
168 10 -1
168 11 6
168 12 6
168 13 -1
168 14 -6
168 15 3
168 19 -8
168 23 -6
168 27 3
168 28 -7
168 33 3
168 35 17
168 36 18
168 37 3
168 38 -5
168 39 -7
168 40 4
168 41 -4
168 42 8
168 43 19
168 44 1
168 45 7
168 46 2
168 47 10
168 48 16
168 49 10
168 50 11
168 51 -5
168 52 13
168 53 5
168 54 7
168 55 -2
168 56 17
168 57 -7
168 58 17
168 59 2
168 60 7
168 61 12
168 62 -10
168 63 -3
168 64 20
168 65 9
168 66 14
168 67 -2
168 69 8
168 70 -1
168 71 17
168 72 2
168 73 14
168 74 6
168 78 16
168 82 10
168 86 11
168 87 -5
168 88 13
168 89 9
168 90 6
168 91 12
168 92 -4
168 93 5
168 94 1
168 95 -7
168 96 16
168 97 5
168 98 12
168 99 16
168 100 4
168 101 2
168 102 3
168 103 1
168 104 14
168 105 4
168 106 8
168 110 18
168 114 16
168 118 18
168 119 6
168 120 10
168 121 -3
168 122 5
168 126 9
168 130 1
168 134 -7
168 135 9
168 140 -1
168 142 9
168 143 5
168 144 8
168 146 -3
168 147 4
168 148 -4
168 149 18
168 150 6
168 151 7
168 152 8
168 156 5
168 160 11
168 164 -9
168 165 4
169 6 -9
169 7 -6
169 8 4
169 9 12
169 10 -2
169 11 -1
169 12 -1
169 13 2
169 14 15
169 15 12
169 16 9
169 20 -4
169 24 13
169 28 -4
169 30 -6
169 35 11
169 36 -9
169 37 9
169 38 14
169 39 3
169 40 11
169 41 -5
169 42 -1
169 43 8
169 44 17
169 45 12
169 46 15
169 47 6
169 48 16
169 49 5
169 50 -2
169 51 4
169 52 15
169 53 14
169 54 3
169 55 2
169 56 12
169 57 4
169 58 -3
169 59 17
169 60 13
169 61 5
169 62 -7
169 63 14
169 64 16
169 65 8
169 66 -8
169 67 1
169 68 -3
169 70 16
169 71 8
169 72 -5
169 73 -4
169 74 18
169 75 -7
169 79 -4
169 83 -5
169 87 -8
169 88 9
169 89 -4
169 90 2
169 91 9
169 92 6
169 93 19
169 94 16
169 95 17
169 96 19
169 97 14
169 98 -5
169 99 1
169 100 19
169 101 3
169 102 13
169 103 -10
169 104 -4
169 105 2
169 106 4
169 107 12
169 111 19
169 115 2
169 119 -4
169 120 18
169 121 3
169 122 6
169 123 4
169 127 -7
169 131 5
169 135 18
169 137 -8
169 142 -8
169 143 8
169 144 -4
169 145 15
169 147 -2
169 148 9
169 149 16
169 150 -5
169 151 -9
169 152 15
169 153 7
169 157 11
169 161 -4
170 2 8
170 6 4
170 7 -7
170 8 -6
170 9 6
170 10 16
170 11 -5
170 12 -3
170 13 2
170 14 -3
170 15 13
170 17 1
170 21 12
170 25 1
170 28 -6
170 31 2
170 35 -2
170 36 6
170 37 6
170 38 5
170 39 19
170 40 6
170 41 18
170 42 -2
170 43 5
170 44 -5
170 45 20
170 46 12
170 47 -9
170 48 20
170 49 10
170 50 3
170 51 9
170 52 5
170 53 6
170 54 8
170 55 14
170 56 19
170 57 9
170 58 -7
170 59 6
170 60 11
170 61 -10
170 62 11
170 63 -3
170 64 6
170 65 -1
170 66 16
170 67 16
170 68 7
170 69 -10
170 71 5
170 72 -3
170 73 -2
170 74 17
170 76 8
170 80 -5
170 84 -9
170 87 13
170 88 11
170 89 5
170 90 16
170 91 12
170 92 14
170 93 2
170 94 8
170 95 -1
170 96 15
170 97 -10
170 98 5
170 99 13
170 100 -6
170 101 6
170 102 13
170 103 6
170 104 3
170 105 -2
170 106 -1
170 108 3
170 112 3
170 116 12
170 119 17
170 120 7
170 121 15
170 122 9
170 124 5
170 128 14
170 132 5
170 135 9
170 138 9
170 142 -10
170 143 18
170 144 5
170 145 5
170 146 5
170 148 -5
170 149 -9
170 150 12
170 151 13
170 152 7
170 154 -9
170 158 20
170 162 3
170 165 1
171 1 15
171 6 9
171 7 11
171 8 7
171 9 9
171 10 -10
171 11 -4
171 12 -4
171 16 1
171 17 -2
171 18 4
171 19 7
171 20 -9
171 24 -9
171 29 20
171 30 -1
171 35 -5
171 36 12
171 37 1
171 38 16
171 39 -4
171 40 19
171 41 4
171 42 20
171 43 6
171 44 -9
171 45 8
171 46 5
171 47 10
171 48 20
171 49 9
171 50 4
171 51 9
171 52 8
171 53 -1
171 54 -7
171 55 20
171 56 -1
171 57 18
171 58 19
171 59 11
171 60 -9
171 61 9
171 62 13
171 63 16
171 64 -3
171 65 -1
171 66 16
171 67 7
171 68 2
171 69 7
171 70 -4
171 75 -2
171 76 -9
171 77 -1
171 78 10
171 79 -1
171 83 -10
171 87 8
171 88 6
171 89 14
171 90 12
171 91 18
171 92 -5
171 93 -3
171 94 6
171 95 -7
171 96 -6
171 97 11
171 98 -5
171 99 17
171 100 20
171 101 9
171 102 11
171 103 -8
171 107 16
171 108 -10
171 109 10
171 110 14
171 111 6
171 115 -2
171 119 17
171 123 17
171 124 7
171 125 3
171 126 9
171 127 -10
171 131 5
171 136 7
171 137 2
171 142 -3
171 143 16
171 144 4
171 145 14
171 146 20
171 147 -1
171 149 -6
171 153 19
171 154 -7
171 155 -8
171 156 4
171 157 11
171 161 -10
171 167 16
