272 5094
1 159 1
1 90 8
1 45 16
1 147 11
1 103 -5
1 216 18
1 133 -10
1 243 -9
1 182 -5
1 149 -4
1 151 20
1 267 -1
1 137 1
1 248 5
1 179 11
1 237 -6
2 32 14
2 161 5
2 248 19
2 22 -2
2 87 5
2 64 13
2 31 -1
2 242 10
3 66 18
3 65 -4
3 122 4
3 84 3
3 104 -1
3 67 15
3 165 12
3 173 3
3 228 -7
3 171 -6
3 206 1
3 59 9
4 42 8
4 201 10
4 113 18
4 61 4
4 139 -3
4 134 4
4 71 2
4 109 -6
4 119 1
4 95 20
4 164 18
4 79 -7
4 130 20
5 173 -8
5 213 1
5 199 -2
5 46 7
5 162 15
5 74 11
5 132 17
5 82 13
5 105 -3
5 225 12
5 196 7
5 213 14
5 175 5
5 204 -6
5 15 -1
5 75 4
5 206 12
5 107 -3
5 265 18
5 101 -6
5 146 11
5 43 6
6 181 1
6 261 19
6 263 20
6 75 -7
6 250 17
6 108 4
6 264 -8
6 241 6
7 229 -5
7 157 1
7 253 -5
7 252 4
7 110 2
7 79 -7
7 60 -3
7 168 13
7 14 -10
7 105 17
7 146 14
7 149 -10
7 131 6
7 59 10
7 114 5
7 75 -10
7 117 8
7 50 17
7 267 9
7 72 10
7 257 6
7 216 11
7 165 7
7 52 1
7 13 17
7 32 10
7 228 19
7 94 -9
7 81 12
7 122 -10
7 120 10
7 130 7
7 95 20
8 166 5
8 107 3
8 47 -4
8 108 10
8 199 9
8 221 -9
8 269 2
8 229 7
8 193 -8
8 54 6
8 167 5
8 214 14
8 193 4
8 171 -8
8 97 -2
8 182 13
8 17 12
8 2 -7
8 11 5
8 271 7
8 60 4
8 79 5
8 206 8
8 69 -6
8 261 -2
8 27 -10
8 165 18
9 237 -10
9 204 9
9 95 16
9 28 16
9 198 19
9 119 -5
9 60 -4
9 239 10
9 159 4
9 11 -2
9 4 2
9 45 18
9 80 18
9 222 5
9 28 3
9 270 -8
9 229 -2
9 200 12
9 214 11
9 45 13
9 129 7
9 240 2
9 81 5
9 37 -5
9 41 -5
9 25 16
10 251 10
10 181 9
10 211 14
10 40 -9
10 152 -9
10 262 3
10 94 12
10 94 -1
10 269 10
10 198 19
10 209 3
10 217 -9
11 155 11
11 146 19
11 256 11
11 257 1
11 82 19
11 133 18
11 240 2
11 267 17
11 203 6
11 114 -5
11 240 2
12 130 5
12 23 -10
12 226 20
12 59 7
12 26 -5
12 166 11
12 168 -6
12 141 -3
12 85 -3
12 78 1
12 164 -5
12 266 -1
12 7 -4
12 61 -5
12 82 8
12 262 17
12 174 -3
12 228 6
13 20 -5
13 159 8
13 217 -5
13 160 19
13 157 9
13 76 5
13 215 10
13 109 -8
13 240 10
13 25 19
13 227 -10
13 162 9
13 3 1
13 7 11
13 147 1
13 227 7
14 5 3
14 161 5
14 66 15
14 159 -4
14 204 3
14 180 -7
14 255 7
14 195 -1
14 203 11
14 16 5
14 1 9
14 82 -8
14 271 -5
14 94 -3
14 95 6
14 7 16
14 53 -3
14 72 4
15 153 -10
15 151 -7
15 193 -5
15 24 13
15 271 -2
15 85 -3
15 62 15
15 232 -8
15 44 15
15 171 -8
15 87 12
15 43 8
15 186 10
15 77 -6
15 37 -7
15 133 13
15 145 15
15 182 7
15 234 9
15 176 5
15 188 14
15 171 -2
15 191 7
15 102 14
15 68 -8
15 24 15
16 10 17
16 60 11
16 186 -5
16 24 13
16 267 3
16 224 14
16 108 9
16 182 -5
16 114 5
16 183 -5
16 46 -6
16 63 7
16 134 -7
16 238 2
16 73 -2
16 8 4
16 98 15
16 221 17
16 11 -4
16 111 12
16 134 2
17 45 2
17 11 1
17 233 -6
17 196 5
17 147 14
17 177 -9
17 79 -8
17 138 1
17 30 17
17 67 -10
17 144 -4
17 68 18
17 51 13
17 50 -8
17 9 -7
17 46 -1
18 198 5
18 58 -4
18 121 2
18 155 19
18 191 4
18 221 -10
18 143 -1
18 187 -2
18 209 -4
18 254 -2
18 57 15
18 113 -10
18 44 19
18 111 16
18 39 -7
19 145 6
19 126 3
19 104 8
19 6 -1
19 102 12
19 8 7
19 267 18
19 49 15
19 199 8
19 153 6
19 205 -6
19 188 20
19 58 4
19 70 20
19 223 12
19 95 20
19 164 15
19 209 -3
19 27 20
20 63 19
20 157 -8
20 183 7
20 60 6
20 230 18
20 167 15
20 204 7
20 9 11
20 261 -1
20 85 4
20 103 11
20 90 -7
20 117 2
20 254 -3
20 90 -2
20 132 20
20 15 -1
20 254 18
20 7 10
20 108 12
20 229 2
20 57 -4
20 224 3
20 73 -9
21 4 4
21 43 5
21 198 8
21 156 -6
21 187 16
21 245 1
21 12 17
21 44 10
21 256 5
21 139 -6
21 105 13
21 256 17
21 111 17
21 239 -3
21 231 9
21 249 -4
21 160 6
21 154 3
21 33 5
21 202 6
21 89 7
22 84 -9
22 225 -8
22 213 17
22 248 -6
22 238 10
22 264 1
22 80 17
22 194 -6
22 71 6
22 189 4
22 196 4
22 165 -4
22 160 15
23 204 -9
23 249 3
23 223 3
23 18 16
23 83 -4
23 94 2
23 230 5
23 41 7
23 107 -1
23 44 6
23 44 14
23 185 1
23 233 16
23 217 7
23 250 -8
23 231 17
23 64 8
23 246 -6
23 53 1
23 46 -8
23 224 -7
24 243 -10
24 43 3
24 111 9
24 47 1
24 68 17
24 97 -6
24 135 -2
24 112 -8
24 31 -10
24 242 5
24 264 2
24 95 5
24 96 -9
24 18 -10
24 196 1
24 105 20
24 204 10
24 265 -9
24 246 8
24 16 17
24 232 11
24 240 -2
24 128 15
24 35 13
24 166 15
24 138 13
24 222 10
24 164 3
24 123 -8
24 207 18
24 65 10
25 75 3
25 125 -1
25 137 1
25 115 -7
25 125 6
25 110 13
25 225 -7
25 5 15
25 196 3
25 96 9
25 171 17
25 100 4
25 146 -10
25 3 20
25 201 -8
25 187 -4
26 222 2
26 7 10
26 43 5
26 133 13
26 240 9
26 133 14
26 264 -3
26 108 18
26 27 4
26 13 6
26 221 18
26 256 20
26 227 18
26 219 11
26 106 -1
26 107 19
27 215 -1
27 41 -1
27 137 13
27 271 18
27 65 4
27 12 -2
27 157 -9
27 52 3
27 72 11
27 69 -5
27 35 -5
27 19 -8
27 226 8
28 65 -3
28 88 -4
28 145 -4
28 246 17
28 248 -8
28 196 -10
28 186 -3
28 67 -8
28 2 4
28 243 -10
28 156 17
28 92 -2
28 205 19
28 155 6
29 9 13
29 138 7
29 119 14
29 163 11
29 239 -6
29 10 18
29 70 -2
29 124 4
29 140 -4
29 116 3
29 6 4
29 77 6
29 186 1
29 99 17
29 95 14
29 200 5
29 153 11
29 219 10
29 246 9
30 14 17
30 96 10
30 26 17
30 11 15
30 4 6
30 55 15
30 45 -6
30 175 16
30 156 -4
30 263 11
30 269 9
30 103 12
30 82 8
30 34 -2
31 51 16
31 146 2
31 233 15
31 254 6
31 54 7
31 40 -6
31 162 11
31 224 9
31 180 -1
31 184 19
31 6 11
31 80 18
31 116 -7
31 241 -5
31 20 17
31 263 -1
31 154 10
31 228 7
31 78 12
32 125 11
32 119 18
32 95 1
32 59 -1
32 169 11
32 246 4
32 85 16
32 246 3
32 118 -10
32 192 12
32 34 8
32 225 17
32 123 4
32 109 2
32 179 -3
32 185 -10
32 169 7
32 9 13
32 205 -8
33 105 3
33 40 13
33 197 1
33 149 5
33 154 5
33 251 6
33 38 -7
33 32 -10
33 251 6
33 30 3
33 1 1
33 240 -9
33 57 9
33 53 -5
33 138 1
33 77 14
33 4 -1
33 117 2
33 81 4
33 173 -6
33 178 15
33 151 9
33 267 4
33 124 -1
33 241 7
33 47 -3
34 210 14
34 16 6
34 33 -1
34 212 4
34 181 -4
34 182 -8
34 190 10
34 233 -3
34 114 -2
34 186 -10
34 209 3
34 122 14
34 264 6
35 223 17
35 166 14
35 95 4
35 155 8
35 143 12
35 192 -6
35 223 6
35 105 -3
35 136 15
35 208 -10
35 148 5
35 130 20
35 52 13
35 145 -10
35 107 -4
35 60 5
35 154 1
36 164 11
36 40 -2
36 56 -5
36 46 -8
36 151 2
36 221 -5
36 229 3
36 204 -4
36 242 -6
36 268 -7
36 100 5
36 19 2
36 196 -4
36 166 14
36 13 6
36 106 10
36 242 10
36 223 -9
36 74 3
36 149 4
36 11 8
36 142 1
36 217 11
37 84 15
37 196 12
37 106 16
37 73 -4
37 110 5
37 17 17
37 187 2
37 126 2
37 136 -9
37 205 2
37 121 17
37 49 20
37 15 -6
37 189 9
37 143 6
37 131 5
37 188 1
37 265 4
37 36 4
37 74 4
37 200 5
37 82 -1
37 240 8
37 180 -4
37 101 12
37 189 11
37 261 11
38 107 15
38 173 12
38 263 -10
38 153 2
38 217 10
38 17 -1
38 267 5
38 6 -2
38 121 -5
38 16 -6
38 200 -1
38 169 20
38 83 -2
38 246 2
38 35 8
39 234 7
39 70 18
39 245 20
39 93 3
39 49 -6
39 265 5
39 200 12
39 258 -6
39 269 -8
39 47 -7
39 6 11
39 69 -2
39 155 14
39 233 15
39 193 4
39 264 -7
40 145 5
40 255 13
40 169 20
40 157 11
40 61 15
40 103 11
40 146 17
40 161 -4
40 55 15
40 227 4
40 78 12
40 138 17
40 11 -2
40 91 1
41 5 -1
41 136 -1
41 210 19
41 5 13
41 240 -3
41 30 6
41 172 -1
41 129 5
41 93 -7
41 1 18
41 209 3
41 182 3
41 249 7
41 150 15
41 40 20
42 58 -10
42 44 10
42 143 -10
42 121 19
42 31 -6
42 45 20
42 236 7
42 39 18
42 229 1
42 188 15
42 215 4
42 260 -3
42 93 20
42 16 18
42 170 -7
42 41 -2
42 8 -1
43 95 11
43 205 11
43 86 -10
43 200 1
43 190 4
43 62 16
43 49 -1
43 145 20
43 165 11
43 204 -8
43 229 -2
43 227 6
43 89 12
43 216 5
43 172 19
43 254 1
43 186 -10
43 108 10
43 242 -10
44 139 11
44 264 10
44 59 3
44 7 2
44 198 6
44 233 1
44 186 16
44 151 -6
44 186 9
44 51 -2
44 185 5
44 63 13
44 135 -4
44 29 8
44 240 19
44 148 7
44 213 20
45 197 -2
45 6 16
45 139 -7
45 250 16
45 241 -5
45 12 15
45 270 -7
45 124 -5
45 52 6
45 253 12
45 216 7
45 213 12
45 70 -1
45 123 10
45 129 8
45 254 -4
45 31 -6
45 252 20
45 224 6
45 146 -2
46 236 15
46 163 5
46 145 -3
46 162 -1
46 35 17
46 212 -7
46 57 6
46 35 -10
46 106 -10
46 271 2
46 28 9
46 155 9
46 32 -2
46 130 2
46 106 18
46 123 1
46 85 10
46 15 1
46 59 9
46 2 12
46 139 10
46 176 2
47 111 -5
47 212 -7
47 179 -1
47 203 -10
47 26 20
47 237 4
47 85 9
47 40 15
47 229 2
47 92 11
47 8 18
47 99 3
48 93 -3
48 128 -3
48 84 4
48 94 16
48 244 9
48 157 11
48 231 11
48 189 4
48 33 10
48 244 -9
48 209 -3
48 210 19
48 153 -4
48 203 7
48 250 12
48 28 20
48 54 4
48 75 1
48 128 17
48 204 2
48 231 -9
48 255 8
48 158 -6
48 12 1
49 82 2
49 148 15
49 58 2
49 176 9
49 229 1
49 103 15
49 83 -4
49 206 11
49 195 -9
49 181 -5
49 249 9
49 263 -4
49 121 15
49 122 13
49 209 2
49 190 7
49 233 4
49 240 -5
49 118 9
50 62 20
50 246 14
50 179 16
50 44 1
50 204 12
50 173 -6
50 82 -5
50 101 7
50 220 -8
50 244 5
50 120 4
50 268 14
50 49 -4
50 132 18
50 237 -4
50 4 -8
50 135 10
50 33 10
50 203 1
50 184 -8
50 153 -9
50 117 -8
50 116 -4
51 232 17
51 130 -8
51 244 -2
51 90 9
51 253 -9
51 260 -1
51 186 17
51 186 13
51 26 16
51 165 -10
51 209 17
51 215 3
51 230 3
51 267 -3
51 144 10
52 260 -9
52 92 16
52 39 8
52 220 5
52 244 -9
52 232 -2
52 36 -4
52 91 16
52 219 2
52 26 -8
52 83 -9
52 146 2
52 175 16
52 103 9
52 35 6
52 1 -6
52 174 -8
52 39 -5
52 84 -5
52 231 -8
52 87 3
53 7 3
53 209 8
53 24 -8
53 116 17
53 184 -7
53 15 4
53 62 3
53 31 -9
53 267 -5
53 209 13
53 148 -5
53 140 7
53 2 5
54 102 -1
54 266 19
54 136 17
54 46 8
54 210 20
54 160 20
54 158 -10
54 76 19
54 36 8
54 85 -2
54 270 15
54 174 20
54 35 -1
54 221 -8
54 113 17
54 222 20
55 9 10
55 15 3
55 241 20
55 151 17
55 20 10
55 210 -8
55 206 6
55 247 -2
55 268 -10
55 154 -2
55 265 3
55 60 3
55 45 12
55 267 4
55 20 9
55 272 -5
55 119 6
55 144 2
55 40 13
55 205 3
55 43 4
56 31 13
56 105 6
56 8 -3
56 64 -6
56 199 10
56 48 5
56 192 14
56 112 2
56 197 5
56 215 18
56 20 -10
56 195 -10
56 21 8
56 42 5
56 192 -2
56 164 16
56 60 11
56 199 15
56 156 -8
56 209 12
56 232 16
56 69 10
56 19 9
56 119 9
57 207 19
57 121 11
57 219 2
57 268 6
57 42 -3
57 96 -5
57 240 11
57 222 -6
57 49 20
57 68 11
57 259 -6
57 218 7
57 1 -6
58 252 18
58 137 -9
58 3 13
58 140 5
58 107 16
58 193 -8
58 41 -7
58 186 -1
58 261 16
58 222 6
58 184 16
58 181 13
58 62 10
59 1 -2
59 67 8
59 249 16
59 97 13
59 132 -2
59 110 18
59 253 -2
59 71 -1
59 68 -5
59 259 -7
59 263 8
59 32 13
59 216 1
59 228 20
59 237 16
60 54 7
60 45 12
60 201 5
60 129 -7
60 254 8
60 215 17
60 83 2
60 119 15
60 57 15
60 15 18
60 189 15
60 128 9
60 135 15
60 6 -4
60 224 9
60 271 6
60 130 2
60 24 -3
60 146 3
60 247 -7
61 112 13
61 110 1
61 115 11
61 192 20
61 198 -9
61 218 3
61 198 11
61 171 20
61 225 -7
61 70 -9
61 210 18
61 114 4
61 238 5
61 88 16
61 205 -4
61 120 -5
61 67 -5
61 210 12
61 45 -7
61 100 2
61 89 17
61 258 11
61 162 12
61 36 -7
62 152 14
62 180 -4
62 196 -10
62 8 14
62 201 -2
62 221 11
62 123 18
62 150 20
62 40 15
62 240 19
62 191 4
62 226 5
62 108 14
62 226 -4
62 128 -4
62 123 2
62 227 7
62 78 -2
62 40 9
62 199 19
62 198 16
62 97 4
63 64 19
63 137 14
63 144 4
63 132 1
63 225 20
63 250 18
63 56 11
63 219 -5
63 48 -4
63 245 11
63 220 7
63 43 8
63 66 14
63 97 11
63 137 5
64 243 1
64 237 19
64 207 12
64 258 6
64 77 -9
64 20 -3
64 56 4
64 248 -7
64 266 17
64 48 -8
64 59 -1
64 142 -2
64 109 13
64 157 -1
64 198 -1
64 98 -8
64 268 -7
64 128 3
65 187 3
65 250 7
65 261 -1
65 209 13
65 118 16
65 184 -9
65 74 17
65 169 -3
65 175 -4
65 98 8
65 29 5
65 266 8
65 197 5
65 244 -4
65 16 6
65 176 13
65 24 -6
65 116 2
65 259 11
65 16 12
65 227 9
66 268 -10
66 144 17
66 5 -1
66 198 7
66 9 -4
66 39 7
66 218 3
66 226 4
66 257 2
66 27 -1
66 247 17
66 109 4
66 41 14
66 10 18
66 219 19
66 166 2
66 215 -6
67 183 6
67 148 -1
67 178 -4
67 210 19
67 229 2
67 264 2
67 114 11
67 55 -6
67 159 -7
67 265 -3
67 192 -6
67 76 -10
67 237 -3
67 28 17
67 53 20
67 13 11
67 86 -1
67 17 9
68 245 -5
68 270 -4
68 238 12
68 78 19
68 86 4
68 113 -1
68 247 13
68 25 -1
68 16 6
68 255 6
68 10 4
68 41 8
68 95 7
68 258 8
68 6 -8
68 198 9
68 42 8
68 180 3
68 87 19
68 39 16
69 210 8
69 2 -9
69 111 -1
69 207 3
69 127 15
69 27 -7
69 91 -4
69 7 12
69 17 10
69 176 -7
69 262 15
69 42 8
69 23 9
69 177 8
69 132 -8
70 141 -2
70 23 -6
70 250 -3
70 178 7
70 151 19
70 5 19
70 261 18
70 252 -10
70 198 -4
70 35 -6
70 3 12
70 6 -4
70 81 -6
70 225 6
70 217 16
70 63 -10
70 36 17
70 113 14
70 91 13
70 168 -2
70 200 9
70 132 14
70 200 17
71 250 -5
71 95 11
71 129 -10
71 10 16
71 55 7
71 139 -4
71 11 1
71 165 18
71 37 11
71 155 7
71 229 18
71 222 -9
71 171 -9
71 258 5
71 179 15
71 163 -3
71 272 -3
71 35 -4
72 100 13
72 133 -9
72 239 -6
72 49 -8
72 245 16
72 212 13
72 83 7
72 55 5
72 130 13
72 139 -10
72 247 -7
72 99 13
72 187 -2
72 155 4
72 215 -1
72 242 7
73 241 -10
73 74 -4
73 100 13
73 207 17
73 200 5
73 122 -1
73 270 9
73 150 19
73 219 1
73 249 16
73 173 6
73 158 2
73 59 13
73 163 14
73 29 15
73 106 18
73 140 -4
73 49 15
73 123 7
73 200 -7
74 37 8
74 61 8
74 69 -6
74 224 -2
74 156 17
74 14 -5
74 272 17
74 80 18
74 122 5
74 58 14
74 62 14
74 40 -1
74 140 8
74 109 10
74 142 11
74 252 19
74 172 -8
74 246 19
74 198 -7
74 28 7
74 69 4
74 272 9
74 47 9
75 112 -2
75 160 4
75 258 -9
75 159 20
75 220 4
75 90 12
75 74 4
75 142 14
75 8 -5
75 111 -10
75 254 6
75 23 4
75 35 20
75 61 -6
75 221 -7
75 202 15
75 53 20
76 24 3
76 142 17
76 94 -5
76 194 20
76 256 -1
76 24 17
76 16 -6
76 156 19
76 103 -10
76 17 10
76 123 16
76 184 9
76 116 8
76 18 4
76 21 3
77 119 12
77 111 11
77 206 10
77 72 9
77 175 16
77 198 7
77 110 4
77 232 14
77 42 -4
77 209 4
77 121 -10
77 29 6
77 134 -7
77 85 -2
77 216 -5
77 15 5
78 244 8
78 132 13
78 180 16
78 119 9
78 37 -3
78 101 -6
78 248 -5
78 41 19
78 11 17
78 165 7
78 2 -6
78 22 -9
78 54 -8
78 154 2
78 192 9
78 265 19
78 170 15
79 26 7
79 133 4
79 64 15
79 270 -4
79 260 17
79 156 16
79 110 9
79 232 19
79 199 16
79 239 -8
79 128 6
79 1 18
79 222 7
79 200 11
79 185 -2
79 146 7
79 168 11
79 214 7
79 111 -5
79 140 7
79 5 -4
79 140 18
79 171 18
79 68 8
79 97 15
79 193 14
80 224 12
80 225 4
80 30 -1
80 221 10
80 176 16
80 239 15
80 125 -2
80 2 13
80 195 11
80 56 -2
80 144 -3
80 207 11
80 18 11
80 131 1
80 214 -10
80 66 5
81 73 16
81 25 -4
81 256 -10
81 140 14
81 157 1
81 122 19
81 48 18
81 247 -9
81 10 2
81 104 1
81 21 2
81 213 18
81 178 -8
81 7 13
81 186 8
81 196 18
81 67 10
82 70 15
82 63 -4
82 48 11
82 245 13
82 138 -2
82 90 -10
82 270 8
82 13 19
82 77 -7
82 90 -3
82 88 -3
82 19 4
82 7 -10
82 54 15
82 267 18
82 47 14
82 36 7
82 121 4
82 151 6
82 127 -4
82 152 6
83 259 20
83 40 -3
83 44 -8
83 236 -4
83 79 -4
83 79 16
83 163 -3
83 184 2
83 162 -10
83 243 4
83 123 11
83 266 3
83 263 10
83 213 5
83 79 -1
83 190 5
83 271 14
83 137 10
83 68 -7
83 57 -5
83 44 19
83 177 6
84 153 -6
84 131 -6
84 108 -2
84 24 -10
84 9 -7
84 143 -5
84 121 10
84 106 16
84 101 -4
84 150 -2
84 37 2
84 176 19
84 135 -6
84 22 3
84 205 4
84 160 9
84 229 2
84 35 -1
84 55 19
84 191 17
84 105 6
85 133 8
85 185 -5
85 115 11
85 253 -7
85 8 -10
85 80 13
85 1 1
85 227 -3
85 263 1
85 271 -3
85 259 8
85 4 17
86 174 11
86 160 1
86 164 -6
86 6 -9
86 198 -10
86 266 8
86 255 15
86 167 5
86 92 -10
86 63 12
86 187 -3
86 68 15
86 14 4
86 113 1
86 42 9
86 73 4
86 124 -4
86 58 18
86 186 13
86 227 16
87 122 2
87 33 2
87 148 4
87 88 8
87 219 14
87 252 20
87 60 9
87 118 -6
87 98 4
87 208 12
87 34 12
87 24 5
87 131 -4
87 104 -8
87 235 -2
87 99 5
87 65 5
87 109 -6
87 239 7
87 266 5
87 177 15
87 215 8
87 71 13
87 75 8
87 154 9
87 188 -1
87 69 15
87 64 -6
87 255 1
87 229 8
87 206 -4
87 47 7
87 44 18
88 157 19
88 84 6
88 170 7
88 120 16
88 51 -4
88 58 2
88 173 8
88 225 5
88 220 19
88 219 -5
88 38 -4
88 20 20
88 148 -6
88 204 -3
88 107 -9
89 246 -5
89 24 7
89 49 -4
89 128 1
89 232 14
89 224 5
89 96 13
89 254 5
89 36 5
89 100 14
89 14 -10
89 122 -3
89 153 7
90 94 -7
90 138 -2
90 181 15
90 84 -4
90 109 -1
90 25 4
90 22 11
90 82 1
90 206 -1
90 229 4
90 85 11
90 107 2
90 123 15
90 88 15
90 93 2
90 7 12
90 155 19
90 47 -6
91 71 7
91 184 -5
91 250 5
91 179 9
91 241 2
91 116 18
91 127 11
91 202 19
91 248 -5
91 174 12
91 113 -1
91 24 17
91 225 18
91 110 7
91 90 6
91 195 3
91 37 -9
91 95 -8
91 8 6
91 189 -1
91 161 -8
92 235 -4
92 42 -9
92 71 4
92 209 -8
92 218 -6
92 2 1
92 175 -3
92 244 5
92 168 -4
92 126 12
92 40 10
92 4 -8
92 264 -2
92 187 6
92 253 17
92 108 15
93 205 5
93 142 8
93 83 17
93 195 -10
93 20 -6
93 230 2
93 114 -6
93 9 -10
93 72 17
93 2 6
93 254 -9
93 161 12
93 196 17
93 241 8
93 71 -6
93 242 3
93 31 17
93 180 -7
93 74 1
93 60 -4
93 33 -9
93 108 7
94 120 12
94 73 5
94 145 -2
94 2 1
94 244 20
94 174 19
94 125 3
94 236 15
94 126 20
94 249 -1
94 145 12
94 247 17
94 131 7
94 113 11
94 1 13
94 265 8
94 105 -4
95 216 17
95 1 2
95 159 9
95 174 19
95 175 -3
95 160 13
95 174 20
95 62 15
95 129 9
95 264 17
95 73 19
95 31 20
95 189 18
95 176 18
95 116 -5
95 67 -10
95 49 5
95 189 8
95 144 -7
95 255 -4
95 245 14
95 16 -8
95 137 3
95 192 17
95 125 19
95 188 13
96 53 -6
96 72 -9
96 167 6
96 6 -10
96 220 4
96 243 10
96 97 -4
96 227 -9
96 35 -7
96 187 -10
96 39 12
96 192 6
96 95 -7
96 113 8
96 21 -10
96 177 -9
96 66 -3
96 25 11
96 67 -6
96 218 3
97 254 2
97 217 -10
97 193 9
97 192 10
97 170 1
97 205 -8
97 239 7
97 26 -10
97 246 19
97 171 20
97 262 10
97 89 5
97 79 2
97 142 17
97 131 19
97 167 -6
97 92 5
97 22 9
97 174 9
97 212 16
97 28 -6
97 219 19
97 166 -1
97 194 5
97 78 -8
97 79 11
97 220 -5
97 70 -10
98 169 -6
98 76 -7
98 141 -3
98 223 2
98 96 7
98 197 9
98 33 -10
98 116 1
98 270 9
98 154 11
98 33 3
98 20 -1
98 118 1
98 91 11
99 267 -8
99 3 -3
99 243 -9
99 19 1
99 238 -7
99 167 11
99 70 18
99 203 20
99 174 -5
99 27 -1
99 148 -5
99 7 -9
99 86 -9
99 44 -2
99 218 19
99 208 17
99 37 -5
99 89 17
99 76 13
99 163 17
99 19 13
100 69 17
100 16 18
100 191 15
100 249 -7
100 237 -7
100 243 -1
100 90 16
100 225 -6
100 263 3
100 14 12
100 44 13
100 119 14
100 101 -8
101 206 7
101 250 -9
101 244 19
101 125 17
101 219 -9
101 271 14
101 164 2
101 133 9
101 245 -5
101 3 -9
101 94 -7
101 113 -4
101 181 4
101 134 5
101 92 2
101 202 7
101 111 14
101 124 17
101 57 2
102 209 7
102 4 10
102 193 -9
102 209 -6
102 270 -2
102 249 8
102 230 5
102 58 15
102 107 17
102 3 7
102 163 8
102 184 18
102 87 19
102 137 -3
102 225 5
102 189 4
102 12 -9
102 176 -10
102 217 18
102 148 -7
102 194 5
102 63 9
102 3 -6
103 38 18
103 71 11
103 191 2
103 192 -10
103 14 8
103 130 6
103 266 7
103 38 -1
103 156 9
103 4 5
103 161 11
103 178 -6
103 101 1
103 194 -4
103 76 -9
103 208 -5
103 3 9
103 150 5
104 199 -8
104 100 -8
104 119 9
104 185 12
104 9 17
104 30 12
104 95 -9
104 23 14
104 84 8
104 50 17
104 199 -9
104 233 18
104 148 4
104 114 4
104 152 8
104 188 18
104 215 2
104 248 6
105 87 13
105 269 17
105 248 10
105 23 18
105 66 1
105 68 -4
105 127 -4
105 150 5
105 167 7
105 212 18
105 100 -2
105 225 15
105 33 20
105 243 17
106 89 -3
106 174 14
106 220 -3
106 28 20
106 112 8
106 225 -6
106 191 20
106 244 10
106 245 11
106 164 -5
106 98 19
106 53 20
106 148 -6
106 11 13
106 170 2
107 187 13
107 213 -3
107 186 1
107 167 5
107 240 13
107 26 -1
107 10 7
107 49 -5
107 255 -8
107 49 20
107 196 -9
107 115 3
107 272 1
107 189 13
107 180 -6
107 246 2
107 239 -3
107 37 16
107 35 5
107 51 5
108 91 13
108 118 17
108 7 3
108 93 -7
108 224 -10
108 27 9
108 194 16
108 90 -8
108 112 -2
108 58 16
108 52 16
108 250 16
108 111 -9
108 2 1
108 54 -5
108 249 4
108 181 -3
109 94 5
109 26 16
109 270 14
109 263 5
109 169 -6
109 243 12
109 118 2
109 260 18
109 263 3
109 10 -10
109 80 2
109 189 11
109 272 -1
110 106 16
110 116 3
110 26 18
110 166 8
110 120 -10
110 86 19
110 250 10
110 241 14
110 152 9
110 228 -9
110 191 -1
110 220 9
110 236 15
110 215 5
110 42 9
110 99 -1
110 272 9
111 93 18
111 56 -3
111 178 13
111 231 13
111 271 1
111 175 -4
111 101 14
111 50 20
111 23 15
111 222 10
111 107 -2
111 208 7
111 255 20
112 66 11
112 272 8
112 11 15
112 158 20
112 270 -5
112 126 3
112 16 6
112 59 -3
112 148 20
112 90 -9
112 155 20
112 176 17
112 125 1
112 206 14
112 121 1
112 151 -6
113 159 8
113 268 2
113 157 15
113 52 6
113 5 -10
113 191 11
113 157 -8
113 146 7
113 63 7
113 116 9
113 219 5
113 78 13
113 132 1
113 92 -4
113 154 3
113 214 17
113 256 -4
113 126 4
113 37 3
113 221 10
114 88 3
114 237 -5
114 67 19
114 190 3
114 146 -1
114 66 18
114 82 -4
114 183 15
114 190 -10
114 12 6
114 267 7
114 163 11
114 73 20
114 86 -4
114 157 17
114 212 16
114 213 8
114 27 11
115 236 -1
115 257 3
115 204 4
115 128 3
115 99 18
115 93 17
115 197 6
115 191 -1
115 70 20
115 214 16
115 26 17
115 247 1
115 34 9
115 93 8
115 141 13
115 117 -8
115 226 4
115 133 4
115 63 1
115 38 -5
116 29 18
116 190 1
116 42 2
116 211 -3
116 123 -1
116 149 10
116 260 11
116 59 18
116 121 10
116 268 -6
116 216 -3
117 90 9
117 106 -5
117 111 -7
117 126 -6
117 247 15
117 264 20
117 16 -8
117 29 10
117 152 -3
117 258 6
117 155 7
117 212 11
117 258 -2
117 51 9
117 1 -3
117 68 16
117 34 13
117 10 -3
118 251 6
118 99 -10
118 242 20
118 176 14
118 127 2
118 13 9
118 251 3
118 107 -8
118 228 12
118 84 5
118 24 19
118 71 -7
118 104 20
118 249 17
118 30 -6
119 204 -8
119 3 8
119 172 14
119 108 11
119 88 1
119 74 -7
119 179 4
119 47 -4
119 55 18
119 110 6
119 63 18
119 77 -9
119 4 13
119 35 5
119 120 -2
119 68 4
119 255 10
119 249 18
120 261 15
120 265 -5
120 63 -1
120 212 16
120 212 5
120 223 11
120 60 -9
120 91 -10
120 207 8
120 2 15
121 179 -2
121 71 -8
121 229 6
121 43 -6
121 192 6
121 75 8
121 231 -4
121 178 -4
121 93 13
121 165 3
121 182 19
121 1 -6
121 260 -7
121 146 4
121 167 9
121 62 7
121 29 6
121 191 12
121 221 -9
121 67 -3
121 254 5
122 241 18
122 202 -5
122 161 1
122 100 17
122 69 4
122 227 9
122 109 -4
122 79 -8
122 5 18
122 34 -1
122 215 12
123 111 9
123 28 7
123 180 3
123 187 13
123 187 -6
123 77 16
123 120 12
123 171 20
123 101 -3
123 83 6
123 33 3
123 205 9
123 115 -6
123 215 17
123 204 20
123 129 1
123 154 -8
123 174 -8
123 105 -8
123 23 -1
123 92 18
124 150 9
124 125 7
124 231 17
124 55 -10
124 131 -9
124 142 9
124 59 -7
124 181 10
124 242 -7
124 116 -4
124 215 18
124 210 14
124 152 1
124 125 -10
124 250 13
124 34 8
124 10 14
124 79 -3
124 134 -1
124 208 -2
124 110 8
124 187 11
124 267 20
125 141 -9
125 136 20
125 63 -10
125 241 3
125 191 -10
125 261 -8
125 50 16
125 7 2
125 35 6
125 234 1
125 31 2
125 18 9
125 20 2
125 3 20
125 25 3
125 219 16
125 73 3
125 260 9
125 194 -8
125 265 -4
126 158 -9
126 45 14
126 103 -4
126 115 -7
126 71 5
126 144 -1
126 8 -4
126 215 20
126 133 6
126 118 -10
126 239 13
126 164 8
126 34 12
126 86 19
126 65 19
127 206 -4
127 93 2
127 121 14
127 230 -5
127 76 -10
127 76 -3
127 14 6
127 30 8
127 196 16
127 169 15
127 176 15
127 14 12
127 82 10
127 37 18
127 123 12
127 226 -8
127 16 -8
127 269 17
127 34 4
127 116 8
127 160 2
128 228 -10
128 83 14
128 210 20
128 196 18
128 214 8
128 176 -5
128 261 14
128 77 -1
128 14 16
128 265 1
128 270 1
128 47 10
128 75 -7
128 148 9
128 3 -10
128 24 -2
129 217 -3
129 249 10
129 78 2
129 244 5
129 34 5
129 253 -5
129 88 -2
129 103 3
129 111 -10
129 152 20
129 90 9
129 161 2
129 41 5
129 18 15
129 106 -2
129 107 9
129 192 5
129 63 -9
130 110 -5
130 189 8
130 176 -3
130 47 15
130 171 -9
130 42 -5
130 254 12
130 237 4
130 185 4
130 45 15
130 268 16
130 54 -1
130 267 14
130 156 -1
130 146 13
130 217 5
130 102 20
130 145 17
130 33 -5
130 12 4
130 251 13
130 190 10
130 170 16
130 202 15
131 138 16
131 125 20
131 6 -4
131 148 7
131 107 3
131 30 4
131 44 -2
131 102 8
131 43 -2
131 104 11
131 149 -9
131 37 20
131 107 18
131 78 15
131 185 13
131 16 9
131 197 8
131 218 13
132 190 14
132 211 2
132 187 6
132 55 13
132 130 -8
132 253 9
132 57 -1
132 6 -10
132 131 13
132 139 15
132 183 4
133 256 -1
133 237 10
133 261 -3
133 218 15
133 122 -3
133 153 4
133 272 20
133 9 9
133 144 -1
133 65 14
133 243 9
133 78 -8
133 27 6
133 223 -7
133 137 17
133 41 -5
133 72 20
133 251 12
133 263 20
133 33 14
133 70 12
134 202 18
134 95 1
134 127 16
134 91 8
134 91 14
134 136 5
134 158 -7
134 197 8
134 140 -6
134 182 18
134 143 -8
134 157 18
134 128 14
134 190 -3
134 14 2
134 208 6
134 8 13
134 109 8
134 173 7
134 82 14
135 264 -9
135 136 20
135 272 -10
135 155 -4
135 168 15
135 60 -7
135 158 12
135 77 13
135 77 18
135 191 14
135 18 11
135 227 12
135 148 11
135 24 4
135 4 4
136 71 -2
136 269 18
136 78 2
136 49 2
136 14 -5
136 264 12
136 226 9
136 152 -7
136 202 13
136 108 17
136 120 13
136 42 10
136 237 -9
136 21 -3
136 133 13
136 101 -1
136 104 19
136 253 -3
136 65 13
137 200 -8
137 97 -2
137 257 8
137 141 18
137 152 -6
137 259 6
137 187 -3
137 220 13
137 242 -6
137 184 9
137 63 16
137 49 -4
137 54 -3
137 249 -9
137 10 12
137 180 14
137 26 -8
137 162 8
137 59 3
137 254 14
137 13 4
137 228 15
137 219 15
137 120 16
137 78 11
137 54 12
137 168 19
137 117 14
138 66 7
138 271 17
138 60 5
138 157 -2
138 173 13
138 29 16
138 97 -4
138 165 -10
138 102 -1
138 39 20
138 166 -5
138 163 5
138 265 8
138 47 15
138 198 -5
138 157 6
138 236 11
138 177 12
138 169 3
138 130 10
139 104 -8
139 209 6
139 29 -3
139 250 -4
139 162 -6
139 83 7
139 206 -9
139 217 -5
139 9 10
139 110 -9
139 140 -10
139 132 -7
139 25 16
139 187 -6
139 6 13
139 177 16
139 35 -8
139 48 3
139 66 11
139 37 17
139 153 10
139 22 5
139 73 -3
140 168 14
140 222 -8
140 22 -9
140 28 9
140 87 4
140 45 -5
140 69 19
140 35 3
140 260 -1
140 255 5
140 193 18
140 228 1
140 97 12
140 55 15
140 246 -8
140 148 1
140 167 13
140 21 -3
140 95 15
140 190 3
140 199 19
141 162 6
141 48 8
141 152 -8
141 242 -3
141 256 2
141 25 -10
141 196 -9
141 174 -3
141 257 -7
141 59 -5
141 114 -10
141 61 8
141 146 13
141 253 9
141 125 14
141 159 -3
141 95 9
141 206 1
141 265 -10
142 189 15
142 93 7
142 193 -10
142 55 3
142 14 2
142 207 -2
142 49 -9
142 247 18
142 8 -6
142 169 -4
142 97 10
142 13 1
142 210 9
142 72 11
142 117 7
142 9 -1
142 157 -9
142 228 8
142 30 -3
143 172 15
143 70 -1
143 106 18
143 47 7
143 86 18
143 233 -3
143 192 2
143 254 -6
143 221 11
143 99 14
143 95 3
143 261 14
143 76 15
143 265 -5
143 257 9
143 153 -1
143 101 10
143 192 8
143 239 6
143 110 -5
143 48 -2
143 147 9
143 25 4
144 63 8
144 45 3
144 190 12
144 87 4
144 150 20
144 11 3
144 141 4
144 178 15
144 95 -8
144 234 6
144 49 1
144 212 5
144 127 15
145 16 -4
145 217 18
145 32 15
145 225 15
145 146 -4
145 267 19
145 96 1
145 131 3
145 85 -2
145 30 16
145 167 -1
145 87 11
145 53 -5
145 165 16
145 151 1
145 225 17
146 195 9
146 112 11
146 155 16
146 115 -9
146 149 -2
146 209 -1
146 32 1
146 94 -2
146 207 -4
146 98 -8
146 33 4
146 192 5
146 79 6
147 109 11
147 85 2
147 137 6
147 56 7
147 189 9
147 85 2
147 175 -6
147 264 12
147 7 9
147 247 7
147 206 -4
147 29 -2
147 69 20
147 69 8
147 136 -4
147 146 -6
147 139 -2
147 146 18
147 205 5
147 30 -9
148 234 11
148 38 -6
148 230 -9
148 130 8
148 36 10
148 271 -10
148 166 -2
148 210 2
148 73 17
148 81 16
148 165 11
148 272 -8
148 84 17
148 127 1
148 120 7
148 192 12
148 174 5
148 11 11
148 133 -2
148 130 -2
148 169 18
148 174 11
148 191 19
148 105 19
148 173 1
149 154 9
149 33 -1
149 150 -7
149 241 -3
149 59 -8
149 192 -1
149 171 -4
149 33 3
149 263 2
149 169 -7
149 213 2
149 260 17
149 44 8
149 140 -7
149 134 7
149 222 10
149 30 5
149 98 12
149 69 -3
149 258 8
149 133 2
149 112 6
149 6 -9
150 99 18
150 164 -5
150 166 18
150 104 -6
150 49 5
150 78 7
150 166 18
150 137 15
150 100 1
150 34 -4
150 252 18
150 22 19
150 62 1
150 50 9
150 25 -10
150 234 3
150 221 15
150 117 -1
151 28 6
151 142 5
151 42 17
151 168 15
151 165 -9
151 198 3
151 55 8
151 84 19
151 152 -5
151 193 13
151 175 20
151 251 4
151 123 -2
151 164 4
151 82 20
151 173 2
151 222 9
152 38 -10
152 100 6
152 163 8
152 121 10
152 195 16
152 271 18
152 210 18
152 66 -1
152 58 -2
152 166 -3
152 192 -6
152 13 -5
152 240 -7
152 45 -2
152 89 14
152 157 19
152 134 12
153 145 10
153 62 17
153 253 -10
153 28 -5
153 12 1
153 180 7
153 84 -7
153 45 9
153 24 2
153 181 12
153 104 19
153 31 20
153 28 -8
153 80 19
153 6 -2
153 182 1
153 114 -8
153 190 11
153 256 8
154 219 -5
154 134 19
154 222 19
154 213 10
154 26 7
154 253 13
154 133 11
154 263 8
154 186 -9
154 37 -4
154 198 10
154 17 19
154 163 8
154 129 13
154 26 8
154 46 6
154 45 -1
154 113 9
154 220 7
154 76 9
155 246 12
155 228 7
155 12 7
155 29 -10
155 113 4
155 160 14
155 49 -5
155 42 -10
155 215 17
155 74 -5
155 137 1
155 106 17
155 146 5
155 250 4
155 150 12
155 212 18
155 205 9
155 118 1
155 209 4
155 268 -5
156 103 -10
156 236 20
156 2 10
156 216 -3
156 60 13
156 161 6
156 75 9
156 199 9
156 59 16
156 195 9
156 38 2
156 52 -2
156 23 7
156 172 19
156 244 8
156 108 9
157 34 19
157 125 -8
157 3 19
157 151 -5
157 13 -10
157 107 -3
157 257 -8
157 243 -7
157 10 2
157 26 -2
157 258 19
157 43 -7
157 226 -10
158 14 12
158 133 4
158 176 17
158 209 -8
158 64 -7
158 2 -10
158 249 -2
158 8 19
158 99 5
158 145 3
158 271 11
158 147 -8
158 174 -2
158 69 18
158 65 16
158 5 11
158 16 -7
158 229 18
158 184 1
158 142 -9
159 188 -10
159 179 -5
159 163 13
159 71 8
159 122 1
159 156 -9
159 226 13
159 59 3
159 112 5
159 250 15
159 87 1
159 254 -10
159 252 9
160 230 -6
160 205 2
160 110 -7
160 269 8
160 133 6
160 150 -9
160 15 9
160 27 17
160 121 -7
160 190 4
160 234 19
160 264 6
160 113 4
160 130 -1
160 229 20
160 264 18
160 207 15
160 150 -7
160 25 -10
160 226 15
160 157 3
161 56 5
161 103 10
161 228 -5
161 166 17
161 250 11
161 46 9
161 178 8
161 122 5
161 70 8
161 127 2
161 96 -10
161 268 16
161 48 -10
161 177 19
161 179 18
161 50 12
161 56 -9
161 98 15
161 207 20
161 72 6
162 86 -9
162 110 4
162 174 19
162 117 -6
162 262 6
162 228 16
162 173 14
162 216 -7
162 160 6
163 12 18
163 74 2
163 31 -5
163 201 4
163 79 -5
163 7 12
163 215 15
163 108 2
163 239 3
163 80 4
163 204 17
163 7 9
163 63 9
163 57 13
163 143 -9
163 76 4
163 62 -8
163 75 2
164 50 -6
164 263 19
164 31 8
164 84 8
164 170 -4
164 146 19
164 93 18
164 135 10
164 48 4
164 265 9
164 223 -2
164 2 7
164 143 4
164 67 16
164 240 13
164 127 -4
165 36 6
165 229 5
165 135 -6
165 20 -6
165 55 3
165 130 1
165 161 -5
165 157 -3
165 83 11
165 22 9
165 199 -9
165 109 -7
165 126 -8
165 207 -6
165 203 -2
166 2 16
166 179 11
166 201 9
166 191 9
166 262 -9
166 157 20
166 204 17
166 76 5
166 177 -6
166 252 2
166 144 2
166 184 17
166 263 7
166 203 -4
166 12 19
166 2 16
166 19 15
166 45 17
166 212 17
166 44 -4
166 228 6
166 172 20
166 254 4
166 81 13
166 156 5
166 122 14
167 201 -3
167 58 12
167 221 -2
167 170 6
167 203 10
167 147 9
167 153 9
167 252 14
167 260 10
167 34 -3
167 93 -10
167 117 6
168 137 -9
168 210 10
168 129 5
168 199 8
168 201 6
168 153 -5
168 221 17
168 236 12
168 130 3
168 159 -6
168 105 10
168 88 -6
168 142 16
168 201 -4
168 189 -2
168 101 15
168 16 7
168 244 1
169 167 16
169 170 -9
169 14 -3
169 66 18
169 139 3
169 115 -10
169 210 9
169 45 3
169 258 20
169 8 12
169 153 11
169 178 6
169 2 1
169 31 4
169 60 5
169 253 19
169 154 10
169 230 1
169 88 -1
170 25 1
170 272 -9
170 76 -8
170 213 1
170 85 11
170 184 9
170 155 -1
170 38 -6
170 260 13
170 187 7
170 189 2
170 248 -9
170 89 -8
170 199 18
170 151 12
170 116 18
170 250 7
170 72 18
171 164 -8
171 194 3
171 221 10
171 247 -5
171 215 20
171 253 -9
171 88 -9
171 136 -7
171 223 20
171 62 -10
171 66 18
171 200 3
171 268 19
171 245 5
171 181 18
171 164 -9
171 239 20
171 91 15
171 188 1
171 128 20
172 97 2
172 122 -2
172 199 16
172 26 8
172 79 -3
172 99 -4
172 37 19
172 214 6
172 248 20
172 123 10
172 263 4
172 212 5
172 173 7
172 264 3
172 29 10
172 204 -1
172 46 8
172 50 5
172 256 2
172 121 10
172 169 -10
172 57 -8
172 14 11
172 3 -10
172 171 10
173 203 16
173 76 -10
173 58 18
173 138 14
173 270 19
173 170 -6
173 172 17
173 227 12
173 108 1
173 13 16
173 222 18
173 66 -4
173 135 -8
173 123 5
173 224 -4
173 15 1
173 189 15
173 141 -1
173 20 -10
173 2 -2
173 141 -1
173 255 13
173 221 12
174 242 18
174 268 11
174 61 -6
174 4 15
174 199 -6
174 166 12
174 82 4
174 229 3
174 259 5
174 243 6
174 40 -1
174 214 -3
174 59 15
174 206 1
174 112 3
174 20 13
174 71 19
174 99 -9
174 210 1
175 27 -3
175 130 -2
175 17 -4
175 169 2
175 209 1
175 221 9
175 236 6
175 254 -2
175 256 1
175 73 8
175 139 14
175 201 7
175 31 9
175 96 2
175 190 -3
175 184 2
175 174 9
175 143 2
175 82 6
175 228 -1
175 25 19
175 269 -4
175 259 5
175 124 -3
176 217 4
176 109 18
176 108 8
176 250 -7
176 163 -6
176 200 5
176 142 2
176 104 18
176 149 18
176 50 -10
176 205 -4
176 267 2
176 32 -8
176 151 14
176 21 9
176 26 -10
176 80 1
176 255 10
176 198 2
176 209 6
176 174 14
176 47 1
176 258 -4
176 64 -2
177 149 -4
177 35 19
177 51 8
177 189 15
177 90 12
177 64 -4
177 34 20
177 64 3
177 209 5
177 102 17
177 256 16
177 51 6
177 217 18
177 266 18
177 94 14
177 271 17
177 48 3
177 65 16
177 21 4
177 107 -1
177 261 1
177 176 8
178 116 -4
178 15 4
178 207 20
178 155 -2
178 226 10
178 203 17
178 120 -2
178 164 1
178 265 1
178 240 11
178 249 20
178 93 6
178 250 -2
178 38 -8
178 4 -1
178 191 -9
178 28 11
179 59 12
179 207 -6
179 182 8
179 23 17
179 26 17
179 143 7
179 175 -6
179 149 -10
179 110 -3
179 111 -3
179 216 -3
179 215 10
179 30 8
179 162 11
179 113 -6
180 185 -9
180 80 20
180 88 3
180 248 -8
180 231 -9
180 66 16
180 217 2
180 86 9
180 105 18
180 134 14
180 39 -4
180 193 -2
180 171 3
180 125 -2
180 191 14
181 215 3
181 84 3
181 33 1
181 75 11
181 49 15
181 107 -8
181 110 4
181 45 19
181 65 1
181 250 10
181 155 19
181 272 20
181 207 -10
181 263 17
181 190 -10
181 184 19
181 167 -1
182 116 12
182 267 -5
182 248 2
182 246 -3
182 225 20
182 63 1
182 122 20
182 174 5
182 180 -8
182 139 5
182 109 -5
182 154 20
182 264 15
182 34 -3
182 113 -6
182 154 3
182 2 16
182 59 -5
182 196 7
182 257 6
182 94 14
182 72 -2
182 25 -2
182 219 -5
182 90 2
182 230 -9
183 133 -3
183 67 7
183 199 -8
183 164 8
183 169 -5
183 39 -4
183 41 1
183 15 -3
183 246 12
183 247 -9
183 207 -7
183 95 8
183 13 19
183 129 18
183 248 -3
183 228 3
183 234 -3
184 197 10
184 98 -5
184 135 -4
184 205 -10
184 164 -2
184 245 6
184 77 8
184 61 11
184 206 11
184 131 -7
184 21 17
184 5 -5
184 212 13
184 245 -10
184 69 20
185 170 11
185 218 12
185 242 -4
185 126 20
185 21 -5
185 228 1
185 249 10
185 196 6
185 104 1
185 164 8
185 169 -10
185 5 18
185 209 -8
185 14 19
185 222 4
185 161 5
185 114 -1
185 173 6
185 245 1
185 246 -4
186 246 4
186 217 3
186 190 4
186 128 -6
186 25 14
186 36 14
186 165 14
186 235 -3
186 77 -5
186 182 -5
186 29 14
186 88 14
186 175 -10
186 163 11
186 42 14
186 247 -3
186 22 -1
186 133 8
186 57 -2
186 166 15
187 252 -3
187 114 1
187 1 16
187 36 4
187 103 -1
187 42 20
187 227 11
187 29 -1
187 153 -3
187 138 1
187 260 6
187 36 8
187 197 17
188 143 -7
188 189 1
188 258 -6
188 160 -10
188 201 -1
188 91 13
188 3 19
188 212 -7
188 142 -6
188 159 13
188 9 7
188 268 -8
188 106 14
188 166 3
188 268 15
188 163 16
188 65 -4
188 267 16
189 178 9
189 268 5
189 263 6
189 111 19
189 260 -8
189 18 13
189 161 -6
189 198 8
189 158 8
189 15 17
189 149 -10
189 269 -9
189 15 -6
189 59 1
189 232 16
189 197 10
189 149 13
189 243 6
189 147 6
189 161 4
189 165 12
190 175 -8
190 167 13
190 124 11
190 105 8
190 45 4
190 165 2
190 202 8
190 166 11
190 272 5
190 108 15
190 116 2
190 253 19
190 91 2
190 81 -9
190 23 5
190 69 -3
190 221 -10
190 269 -9
190 98 -6
190 255 -6
191 98 1
191 185 -4
191 270 -10
191 155 10
191 115 10
191 63 6
191 53 12
191 179 -3
191 87 18
191 268 -2
191 76 5
191 29 20
191 271 20
191 229 -6
191 52 4
191 136 12
191 57 10
191 215 13
191 79 -8
191 200 14
191 205 -1
191 3 -1
191 210 -1
191 3 -2
192 40 -2
192 104 3
192 183 -10
192 3 3
192 131 -2
192 208 18
192 33 -9
192 172 9
192 180 6
192 251 8
192 234 -3
192 175 7
192 52 -2
192 193 -4
192 148 16
192 114 11
192 237 10
192 1 18
192 124 18
192 104 8
193 258 -1
193 39 18
193 227 -6
193 258 2
193 235 -2
193 9 18
193 271 -9
193 114 -7
193 161 1
193 247 6
193 159 20
193 170 6
193 182 -5
193 262 6
194 4 -1
194 168 6
194 257 5
194 61 20
194 25 3
194 219 18
194 165 1
194 157 -3
194 238 8
194 264 2
194 220 16
194 203 -6
194 183 8
194 21 9
194 19 2
194 134 -8
194 205 -8
194 198 19
195 108 6
195 131 9
195 249 2
195 161 -2
195 150 -2
195 97 3
195 250 3
195 142 15
195 178 17
195 70 -7
195 236 -5
195 222 8
195 112 -4
195 194 6
195 196 10
195 217 12
195 150 7
195 217 3
195 161 5
195 5 15
195 183 7
195 63 -3
195 74 -5
195 155 -9
196 269 -4
196 127 6
196 217 -4
196 78 20
196 37 10
196 199 6
196 233 -6
196 13 3
196 214 -9
196 118 -1
196 131 -6
196 146 7
196 187 8
196 235 4
196 191 14
196 26 7
196 258 6
196 74 18
196 202 -3
196 131 19
196 47 -3
196 248 -9
196 214 -8
196 164 3
196 194 14
196 133 -1
196 214 11
196 232 6
196 225 3
196 72 4
196 262 6
197 93 6
197 92 9
197 175 7
197 147 6
197 56 20
197 190 14
197 141 -1
197 87 6
197 212 19
197 255 -8
197 18 18
197 212 11
197 55 14
197 113 6
197 207 14
197 233 5
197 144 9
197 51 -8
197 115 10
197 209 -5
197 60 -1
197 101 9
197 65 -3
198 3 8
198 117 -3
198 11 -9
198 84 20
198 72 6
198 53 8
198 144 -3
198 9 12
198 154 -2
198 40 7
198 220 -1
198 213 3
198 89 14
198 94 16
198 247 -2
198 251 -4
198 55 -2
198 186 18
198 124 -10
198 236 -3
198 12 -1
198 94 18
198 235 19
198 246 10
198 36 15
199 230 -5
199 147 8
199 30 20
199 23 15
199 145 8
199 146 8
199 258 2
199 143 19
199 69 11
200 108 6
200 122 16
200 40 4
200 35 -6
200 251 -1
200 253 -2
200 233 11
200 6 -4
200 94 11
200 164 -4
200 232 -2
200 174 -6
200 29 -10
201 239 20
201 207 4
201 160 6
201 39 3
201 59 2
201 96 9
201 49 10
201 185 -7
201 50 -2
201 58 10
201 7 -8
201 70 2
201 249 5
201 216 10
201 255 2
201 263 10
202 218 6
202 268 -10
202 85 14
202 1 13
202 68 -3
202 142 -5
202 218 14
202 204 20
202 87 15
202 74 19
202 83 3
202 258 -2
202 71 15
202 107 1
202 221 -4
202 204 2
202 59 -5
202 187 6
203 8 3
203 111 8
203 73 1
203 92 7
203 87 -10
203 23 7
203 126 12
203 215 16
203 167 4
203 72 -10
203 15 7
203 52 -2
203 165 -10
203 94 -5
203 91 4
203 155 7
203 217 -4
203 151 15
203 216 -6
203 135 4
203 24 9
203 235 6
204 50 -10
204 178 15
204 231 5
204 240 9
204 109 10
204 196 7
204 3 4
204 44 18
204 194 3
204 5 3
204 7 18
204 129 6
204 160 17
204 227 -7
204 2 8
204 123 7
204 39 -3
204 30 20
204 85 1
204 192 -6
205 40 15
205 13 9
205 33 3
205 93 14
205 139 15
205 218 19
205 19 2
205 6 1
205 35 3
205 1 3
205 48 15
205 268 -4
205 174 -9
205 150 17
205 171 -1
205 88 -9
205 208 -2
205 195 6
205 233 16
205 134 1
205 128 20
206 5 -10
206 36 3
206 180 14
206 5 12
206 102 12
206 264 19
206 100 8
206 159 6
206 92 -2
206 179 -2
206 12 -6
206 37 4
206 28 -2
206 189 -7
206 114 18
206 182 6
206 41 17
206 260 3
207 81 4
207 94 12
207 44 -2
207 23 11
207 112 -2
207 34 3
207 152 -9
207 253 12
207 66 10
207 165 5
207 213 -1
207 158 11
207 245 6
207 268 -1
207 31 13
207 83 -10
207 108 18
207 272 -9
207 82 13
208 148 10
208 100 8
208 231 18
208 120 -6
208 37 11
208 217 -2
208 17 -2
208 146 -2
208 141 -4
208 192 17
208 105 2
208 85 17
208 32 8
208 16 15
208 117 1
208 195 9
208 130 4
208 73 -3
209 156 13
209 78 -6
209 171 14
209 182 -8
209 218 14
209 197 8
209 190 2
209 245 14
209 43 1
209 266 15
209 178 1
209 24 20
209 82 -6
210 146 12
210 64 20
210 218 -1
210 19 -5
210 88 -10
210 217 9
210 46 13
210 162 -2
210 108 11
210 229 9
210 24 -10
210 226 -5
210 221 -6
210 130 7
210 123 -7
210 145 2
210 153 -5
210 161 -7
210 63 1
210 57 12
210 87 -8
211 49 12
211 269 20
211 20 5
211 154 5
211 132 -9
211 134 11
211 137 -10
211 179 4
211 268 1
211 39 -6
211 22 11
211 204 18
211 2 12
211 88 -8
211 149 -2
211 147 19
211 80 -1
211 212 19
211 22 17
212 48 -1
212 231 3
212 42 -3
212 34 -6
212 2 -7
212 264 11
212 158 -6
212 37 17
212 255 1
212 74 9
212 35 18
212 149 -4
212 175 20
212 11 16
212 245 20
212 247 17
212 255 7
212 131 13
212 2 14
212 234 4
213 261 18
213 165 14
213 135 -6
213 243 16
213 203 -3
213 188 11
213 257 17
213 101 5
213 66 2
213 112 17
213 166 -3
213 120 13
213 31 -4
213 80 17
213 73 16
213 172 -4
213 112 4
213 65 4
213 52 -6
213 60 18
213 93 15
213 170 16
214 221 2
214 207 -10
214 245 -4
214 119 12
214 261 -5
214 100 10
214 123 8
214 145 19
214 92 15
214 156 -8
214 174 -7
214 224 1
214 128 19
214 175 10
214 250 8
214 207 -3
214 237 7
214 229 8
214 52 -4
215 203 1
215 1 2
215 74 -1
215 46 9
215 225 3
215 250 3
215 37 18
215 68 8
215 137 3
215 120 -2
215 156 9
215 2 15
215 55 12
215 34 11
215 228 2
215 86 -3
216 18 -9
216 232 -6
216 10 11
216 212 8
216 190 -9
216 117 5
216 20 12
216 225 -7
216 107 1
216 31 -10
216 81 9
216 199 19
216 72 -2
216 148 -4
216 201 19
216 105 -6
217 225 13
217 76 18
217 4 5
217 182 12
217 128 19
217 241 -7
217 134 -5
217 237 4
217 210 5
217 189 13
217 52 15
217 85 -7
217 51 -2
217 231 14
217 170 -9
217 231 -9
217 181 2
217 266 17
217 124 9
217 254 3
217 168 17
217 232 10
218 21 -4
218 96 -8
218 61 6
218 79 -5
218 140 19
218 106 -3
218 118 -3
218 198 10
218 259 -6
218 166 19
218 192 17
218 148 -2
218 44 4
219 2 4
219 247 -8
219 153 20
219 119 9
219 178 1
219 156 11
219 106 10
219 47 18
219 214 -9
219 58 2
219 171 3
219 8 17
219 97 15
219 85 11
219 222 -10
219 28 -7
219 148 7
219 23 10
219 178 20
220 10 11
220 226 6
220 106 11
220 103 2
220 138 -8
220 114 1
220 192 7
220 258 -5
220 83 -6
220 134 13
220 236 -5
220 99 10
220 42 20
220 111 -10
220 254 16
220 168 16
220 107 4
220 83 7
220 85 17
220 149 3
220 185 1
220 98 -4
220 117 12
220 109 4
220 169 8
221 81 -7
221 272 -9
221 176 -5
221 99 13
221 189 8
221 37 15
221 206 -1
221 190 9
221 98 -9
221 216 1
221 45 -6
221 207 18
221 23 14
221 59 14
221 225 17
221 179 13
221 249 3
221 157 6
221 138 17
221 13 -3
221 270 10
221 200 -6
221 138 5
221 150 8
221 13 -5
222 92 -6
222 136 20
222 254 1
222 220 -9
222 179 -8
222 24 -8
222 145 -4
222 2 -7
222 71 -10
222 152 11
222 131 13
222 5 3
222 27 -7
222 138 3
222 203 11
222 115 17
223 173 14
223 100 15
223 165 10
223 230 17
223 202 -2
223 120 -7
223 52 3
223 47 10
223 268 -3
223 209 -6
223 4 7
223 60 14
223 25 14
223 92 16
223 87 -2
223 232 12
224 76 11
224 2 -6
224 47 9
224 72 -9
224 221 -2
224 146 4
224 241 14
224 58 -2
224 251 9
224 14 15
224 39 -2
224 18 -5
224 52 5
224 265 -2
224 167 17
224 168 -9
224 71 -5
224 20 -7
224 105 13
224 59 20
224 81 12
225 180 -4
225 220 10
225 39 9
225 49 20
225 118 -2
225 189 15
225 190 -7
225 74 14
225 211 -7
225 138 -8
225 159 6
225 111 -8
225 131 5
225 66 -2
225 178 -1
225 92 10
225 197 -6
225 133 11
225 82 -10
225 81 -5
225 58 -4
225 97 15
225 214 16
225 223 -7
225 270 -6
226 50 -1
226 196 10
226 198 5
226 265 7
226 240 8
226 187 -9
226 90 -10
226 249 -2
226 190 -5
226 146 19
226 207 -3
226 105 -3
226 189 -5
226 228 7
226 95 -3
226 52 19
226 175 17
226 159 -5
226 258 -6
226 125 20
226 207 7
226 4 13
226 76 -6
227 46 14
227 6 11
227 42 -9
227 134 -7
227 195 10
227 25 -4
227 25 -4
227 207 -8
227 253 20
227 68 -10
227 146 10
227 10 -8
227 165 19
227 250 -7
227 166 -10
227 96 1
227 172 6
227 173 20
227 71 -3
228 128 7
228 264 1
228 264 -4
228 34 16
228 91 -8
228 222 10
228 262 10
228 189 9
228 265 1
228 129 1
228 239 7
228 83 -4
228 126 20
228 135 -4
228 119 16
228 114 -8
228 123 19
228 90 3
228 70 18
228 138 10
228 263 -4
228 230 -3
228 105 11
229 101 11
229 243 8
229 70 -8
229 136 19
229 261 17
229 188 -8
229 165 14
229 109 8
229 48 -8
229 141 12
229 212 -4
229 271 -9
229 72 19
229 45 13
229 212 -8
229 55 7
229 69 3
229 238 6
229 211 5
229 32 -8
229 140 -7
229 192 20
229 41 8
229 48 8
229 199 -5
230 212 -7
230 196 -9
230 266 3
230 253 -1
230 109 -2
230 58 17
230 163 1
230 31 8
230 213 12
230 42 -8
230 196 11
230 139 -10
230 68 16
230 145 6
231 113 -10
231 42 2
231 184 14
231 249 -9
231 155 16
231 197 11
231 5 -10
231 193 10
231 257 -10
231 239 -4
231 135 15
231 72 17
231 206 -1
231 68 -4
231 106 16
231 90 -2
231 139 -4
231 26 18
232 117 13
232 122 16
232 49 15
232 54 13
232 151 2
232 18 -10
232 99 -10
232 208 14
232 114 -8
232 54 12
232 11 17
232 38 5
232 251 15
232 169 11
232 239 -7
232 74 -8
232 249 8
232 128 -3
233 236 10
233 171 16
233 220 -2
233 208 5
233 180 4
233 26 -1
233 17 2
233 181 -10
233 44 -4
233 150 -7
233 2 -10
233 213 1
233 211 2
233 207 -3
233 119 15
233 228 16
233 111 -5
233 221 -10
233 224 8
233 256 2
233 162 4
233 112 4
233 24 -10
234 91 4
234 166 6
234 32 2
234 77 -3
234 66 -1
234 219 15
234 26 2
234 5 14
234 82 12
234 251 2
234 133 3
234 208 14
234 187 15
234 139 -6
234 142 -10
234 252 17
234 150 3
234 156 -3
234 181 19
234 3 -1
234 221 18
234 263 2
234 254 1
234 86 -8
234 44 -6
234 70 4
235 176 2
235 36 14
235 267 -7
235 58 10
235 48 -7
235 69 12
235 43 -8
235 154 -7
235 92 5
235 102 10
235 77 7
235 126 -10
235 155 7
235 169 -6
235 84 11
235 124 -9
236 191 -5
236 68 6
236 160 8
236 115 16
236 208 3
236 18 3
236 110 -7
236 20 15
236 158 -1
236 10 19
236 144 18
236 25 7
236 40 3
236 149 13
236 50 -8
236 202 6
236 176 2
236 44 8
236 119 17
236 179 -2
236 257 10
236 9 16
237 248 10
237 71 2
237 116 -3
237 234 16
237 220 18
237 36 6
237 234 -1
237 91 6
237 94 20
237 266 -4
237 3 20
237 121 13
237 123 -2
237 118 2
237 162 4
237 189 -5
237 58 15
237 191 -4
237 8 -9
237 245 8
237 137 10
238 266 11
238 159 20
238 88 13
238 82 1
238 131 10
238 188 9
238 64 4
238 9 12
238 179 -6
238 80 7
238 117 18
238 133 1
238 75 19
238 112 -6
238 246 -9
238 187 15
238 61 13
239 120 3
239 188 -2
239 253 2
239 20 18
239 224 6
239 232 19
239 111 15
239 103 -3
239 109 13
239 74 13
239 48 5
239 51 18
239 79 13
239 8 1
239 66 -6
239 185 20
239 118 -3
239 125 -2
239 248 9
239 102 8
239 234 12
239 157 18
239 20 1
240 214 4
240 212 17
240 81 17
240 50 14
240 112 16
240 233 -10
240 122 19
240 99 -1
240 139 -1
240 91 15
240 167 -9
240 132 12
240 188 8
240 56 2
240 64 5
240 40 15
240 35 -8
240 130 9
240 105 -6
240 220 7
240 108 19
240 159 -4
240 59 11
241 109 2
241 137 -5
241 207 20
241 228 5
241 203 6
241 37 -10
241 162 -7
241 183 -9
241 64 3
241 119 14
241 55 16
241 134 -5
241 185 9
241 152 7
241 102 11
241 18 16
241 58 2
241 202 14
242 123 1
242 95 9
242 161 -5
242 5 3
242 251 -5
242 56 10
242 198 -3
242 122 -9
242 177 -2
242 174 -1
242 238 8
242 6 -9
242 144 15
242 71 14
242 207 1
242 97 -4
242 161 -2
243 260 13
243 25 5
243 20 -4
243 65 7
243 182 9
243 233 -2
243 195 5
243 117 1
243 39 2
243 72 4
243 22 12
243 224 12
243 91 2
243 90 17
243 7 5
243 237 5
243 228 -8
243 220 -7
243 116 -5
243 2 4
243 245 -3
243 78 15
243 56 -9
243 92 -1
243 166 1
243 258 5
244 135 -8
244 220 -8
244 139 15
244 149 9
244 30 6
244 167 -6
244 238 -8
244 257 8
244 6 12
244 80 -6
244 31 1
244 268 8
244 181 16
244 55 17
244 248 -1
244 41 15
244 183 17
244 222 -3
244 1 8
244 22 -1
244 245 20
244 10 -3
244 225 5
244 118 5
245 103 13
245 104 12
245 114 13
245 194 -5
245 248 -1
245 147 -1
245 3 18
245 208 13
245 143 -8
245 180 14
245 248 13
245 197 7
245 116 4
245 66 1
245 145 20
245 259 9
245 6 4
246 265 -3
246 164 -6
246 257 4
246 228 19
246 175 15
246 106 11
246 179 13
246 224 7
246 258 -9
246 185 12
246 119 1
246 8 -4
246 162 10
246 148 -10
247 47 -2
247 145 3
247 103 9
247 72 -7
247 229 2
247 9 8
247 212 -9
247 196 6
247 42 -3
247 98 -4
247 76 -2
247 126 12
247 162 14
247 13 -10
247 97 1
247 208 20
247 140 -6
247 210 14
247 99 4
247 131 2
247 44 -7
247 208 17
247 135 -10
247 105 17
247 106 10
247 10 16
248 123 12
248 116 -8
248 239 3
248 48 8
248 78 -3
248 92 -7
248 156 16
248 88 8
248 251 9
248 71 12
248 93 20
248 236 11
248 271 7
248 134 9
248 122 7
248 233 1
248 203 18
248 98 4
248 144 3
248 226 7
248 150 17
248 186 -8
248 104 6
249 82 5
249 113 6
249 111 3
249 238 15
249 150 4
249 145 17
249 5 -5
249 169 -3
249 13 10
249 30 -7
249 197 10
249 49 16
249 83 -3
249 34 -2
249 181 7
249 54 -10
249 209 6
249 211 6
249 11 5
249 237 14
249 91 -6
249 181 -6
249 32 -10
250 52 -3
250 207 16
250 268 -3
250 249 3
250 1 -3
250 155 4
250 159 8
250 136 16
250 35 13
250 46 3
250 16 -8
250 60 1
250 248 -5
250 87 6
250 258 11
250 72 -7
250 185 1
250 110 -9
250 203 7
250 26 -8
251 157 16
251 19 -7
251 58 -8
251 44 9
251 39 9
251 212 -9
251 237 8
251 221 -1
251 99 10
251 41 12
251 123 20
251 244 13
251 77 8
251 242 7
251 14 12
251 61 19
251 15 7
251 217 8
251 6 -1
251 15 13
251 180 11
251 3 3
251 124 -3
251 31 2
252 16 16
252 46 -4
252 265 1
252 172 20
252 27 7
252 195 -8
252 267 12
252 75 2
252 221 -5
252 112 -7
252 130 13
252 197 -7
252 44 5
252 254 5
252 239 -3
252 58 -4
252 119 -1
252 234 2
252 5 17
252 86 13
252 46 -3
252 30 -5
252 217 17
252 127 17
252 216 7
252 231 9
252 36 5
253 29 -10
253 263 8
253 8 9
253 267 4
253 204 17
253 127 20
253 158 -7
253 154 -4
253 187 18
253 182 1
253 238 1
253 211 -8
253 250 14
253 245 17
253 146 -9
253 59 8
253 203 18
254 123 9
254 89 -4
254 153 14
254 252 -2
254 118 -1
254 123 11
254 152 5
254 121 -9
254 245 17
254 143 1
254 253 16
254 14 -10
254 60 5
254 249 6
255 101 -6
255 13 -7
255 79 -7
255 137 4
255 177 -7
255 47 13
255 184 -2
255 3 -10
255 11 2
255 228 -1
255 190 -1
255 118 20
255 28 3
255 226 11
255 261 -10
255 42 6
255 137 18
255 10 12
255 184 -1
255 62 10
255 23 -6
255 265 4
255 51 17
255 175 3
256 2 -6
256 159 -6
256 237 -8
256 209 1
256 161 18
256 46 -1
256 261 -7
256 69 -10
256 205 2
256 207 4
257 115 -10
257 128 9
257 78 12
257 95 16
257 153 17
257 79 -2
257 77 -9
257 2 -9
257 13 10
257 192 -2
257 46 -5
257 60 -5
257 67 5
257 7 4
257 42 8
257 72 11
257 231 5
258 19 8
258 251 19
258 72 17
258 34 -2
258 152 -3
258 184 -2
258 254 -6
258 269 -6
258 227 19
258 189 -4
258 85 9
258 108 8
258 153 -5
258 209 12
258 66 -3
258 50 16
258 197 -3
258 253 2
258 180 -1
258 65 1
259 143 14
259 254 -8
259 71 6
259 88 19
259 34 7
259 237 15
259 125 10
259 44 17
259 223 13
259 84 -4
259 104 19
259 188 7
259 14 -4
259 32 -1
259 62 -1
259 183 -6
259 141 17
259 208 9
259 163 12
260 215 10
260 108 -7
260 132 -2
260 57 -2
260 228 2
260 170 20
260 54 8
260 20 11
260 135 -2
260 58 7
260 108 14
260 207 1
260 81 15
260 65 8
260 120 12
260 239 20
260 134 -2
260 117 5
260 231 7
260 199 7
261 169 2
261 196 6
261 235 -5
261 256 -1
261 67 18
261 182 -3
261 165 2
261 6 -5
261 170 6
261 109 -9
261 33 8
261 266 -5
261 202 -9
261 142 13
261 66 4
261 63 -7
261 2 14
261 24 -8
262 32 7
262 110 -4
262 70 -1
262 210 7
262 177 6
262 17 11
262 170 8
262 101 18
262 28 5
262 271 -1
262 207 5
262 40 8
262 191 3
262 115 20
262 60 -6
262 70 8
262 78 6
262 65 -4
262 107 11
263 96 19
263 146 19
263 175 -1
263 35 20
263 191 12
263 21 2
263 192 11
263 71 12
263 177 3
263 231 10
263 267 5
263 116 7
263 60 4
263 84 7
263 83 -5
263 155 20
264 25 15
264 242 16
264 259 1
264 185 20
264 74 11
264 48 5
264 131 10
264 205 4
264 13 -4
264 201 -4
264 230 17
264 3 12
264 158 -1
264 202 6
264 140 7
264 194 17
264 127 -2
265 90 17
265 29 -3
265 9 7
265 75 6
265 119 15
265 82 2
265 170 11
265 226 1
265 140 10
265 188 20
265 151 -8
265 76 3
265 95 18
265 185 17
265 99 4
265 25 -6
265 260 -4
265 10 15
265 257 8
266 204 2
266 72 20
266 101 -9
266 32 20
266 38 17
266 65 9
266 190 20
266 83 16
266 263 7
266 222 -10
266 256 12
266 127 -4
266 248 1
266 170 -8
266 257 -4
266 145 -2
267 24 11
267 97 14
267 74 14
267 194 13
267 257 -6
267 226 4
267 163 16
267 151 -10
267 24 20
267 144 8
267 194 1
268 220 -8
268 169 19
268 270 -2
268 13 -1
268 106 16
268 133 7
268 11 -5
268 44 14
268 71 -4
268 19 19
268 162 -3
268 108 11
268 23 -2
268 140 14
268 91 6
268 160 1
268 138 5
268 240 -4
268 74 10
268 252 6
268 140 14
268 5 8
268 228 15
269 218 9
269 245 4
269 3 3
269 248 15
269 222 8
269 70 -4
269 139 1
269 207 13
269 128 8
269 195 7
269 6 -1
269 202 -1
269 17 7
269 174 -10
269 194 -7
269 47 10
269 67 6
269 228 5
269 70 6
270 142 -3
270 227 -4
270 260 18
270 207 8
270 132 3
270 160 -9
270 200 19
270 72 7
270 240 -3
270 211 13
270 203 12
270 86 -7
270 13 11
270 183 19
270 117 4
270 187 15
270 209 9
270 245 10
270 174 2
270 216 19
270 116 -5
270 85 -2
271 262 -8
271 163 -10
271 149 6
271 100 10
271 249 18
271 224 11
271 2 4
271 178 3
271 7 6
271 178 -10
271 21 4
271 203 6
271 75 6
271 77 20
271 187 18
271 252 12
271 198 -10
271 246 18
271 130 19
272 45 -10
272 256 -3
272 135 8
