388 6421
1 310 -8
1 82 2
1 9 -2
1 34 1
1 24 -10
1 242 13
1 276 -6
1 133 11
1 366 5
1 373 1
1 103 -10
1 158 5
2 254 15
2 58 6
2 152 9
2 372 -3
2 209 13
2 215 -5
2 319 17
2 278 -9
2 11 15
2 157 -2
2 49 -3
2 369 13
3 97 1
3 230 2
3 90 12
3 155 9
3 241 3
3 81 1
3 379 -6
3 250 -7
3 69 1
4 272 2
4 49 6
4 66 12
4 43 -4
4 312 19
4 366 6
4 374 2
4 351 5
4 145 20
4 9 19
4 40 3
4 5 -4
5 185 1
5 321 15
5 289 5
5 327 12
5 273 2
5 274 18
5 96 14
5 124 14
5 361 2
5 327 3
5 214 13
5 34 16
5 339 13
5 149 14
6 59 -4
6 9 -9
6 70 15
6 43 19
6 316 7
6 133 9
6 98 13
6 370 7
6 305 16
6 34 14
6 210 4
6 368 2
6 275 18
6 100 12
7 169 17
7 203 -7
7 277 15
7 91 5
7 292 19
7 284 -3
7 244 -6
7 30 20
7 253 4
7 127 -5
7 99 -2
7 44 18
7 129 2
7 108 18
8 184 7
8 376 1
8 68 3
8 122 -9
8 160 8
8 263 5
8 155 15
8 290 19
8 238 1
8 242 -5
8 220 4
8 128 5
8 276 -6
8 275 -9
8 128 -7
8 159 3
8 104 -6
8 99 -3
8 197 -7
8 349 5
8 254 8
8 305 20
8 253 -6
8 376 5
8 214 -5
8 147 15
9 22 15
9 350 -7
9 239 10
9 47 7
9 2 15
9 85 -5
9 100 -3
9 109 16
9 51 15
9 187 8
9 253 4
9 80 10
9 297 1
9 68 9
9 193 6
10 381 12
10 66 -2
10 20 -8
10 49 12
10 333 -4
10 176 2
10 3 4
10 44 7
10 173 -7
10 158 6
10 343 11
10 276 20
10 158 6
10 52 -6
10 286 11
10 54 -6
10 279 15
10 300 2
11 269 19
11 8 14
11 64 1
11 332 15
11 355 -6
11 206 8
11 18 8
11 290 4
11 379 15
11 123 13
11 324 -1
11 366 16
11 223 9
11 10 17
12 215 2
12 238 17
12 239 -10
12 307 -4
12 72 -3
12 59 16
12 290 1
12 2 6
12 274 11
12 374 9
12 292 -8
12 73 7
12 273 -7
12 290 17
12 305 12
13 348 18
13 45 -10
13 159 2
13 166 16
13 94 -9
13 379 8
13 196 12
13 69 16
13 30 -6
13 95 6
13 192 19
13 51 2
13 267 9
13 316 19
13 18 14
14 248 3
14 344 17
14 139 -3
14 252 19
14 205 12
14 218 8
14 271 11
14 117 -5
14 263 9
14 151 6
14 21 16
14 362 9
14 312 19
14 329 9
15 363 7
15 331 7
15 352 6
15 246 15
15 9 20
15 133 6
15 330 -2
15 265 9
15 304 13
15 266 -1
15 378 3
15 128 20
15 241 14
15 219 -9
15 177 -1
15 113 -10
15 172 -6
15 137 4
16 293 -6
16 173 9
16 330 2
16 257 17
16 343 11
16 123 12
16 211 -9
16 65 20
16 256 8
16 62 1
16 90 10
16 193 -8
16 91 -5
16 205 -8
17 380 1
17 303 19
17 32 -1
17 105 1
17 266 7
17 382 19
17 127 17
17 69 -5
17 276 6
17 69 5
17 190 -6
17 381 13
18 160 14
18 354 16
18 360 5
18 126 9
18 88 10
18 57 1
18 257 16
18 22 13
18 342 17
18 373 -1
18 37 1
18 216 19
18 89 9
18 164 -2
18 359 -10
18 107 19
19 55 -7
19 154 -1
19 139 9
19 306 15
19 55 12
19 60 9
19 363 8
19 369 19
19 257 3
19 324 7
19 42 1
19 350 4
19 327 8
19 185 7
19 221 6
19 171 13
19 62 5
20 302 4
20 127 -5
20 249 4
20 203 -2
20 95 6
20 107 -7
20 234 -4
20 356 12
20 279 10
20 300 -9
20 82 -5
20 129 1
20 366 10
21 379 15
21 243 4
21 358 -1
21 241 4
21 311 -4
21 79 -1
21 184 -8
21 252 20
21 382 2
21 332 3
21 368 2
21 78 1
21 167 -4
21 22 8
21 259 13
22 83 -6
22 184 -7
22 258 -7
22 16 20
22 180 1
22 26 -5
22 206 -6
22 385 4
22 180 -10
22 230 2
22 231 2
22 225 5
22 236 20
22 204 17
22 56 10
22 112 -7
22 385 -2
22 208 6
22 77 6
22 211 19
22 187 -2
22 371 -4
23 350 5
23 363 12
23 209 -7
23 220 2
23 337 -3
23 157 18
23 39 5
23 347 5
23 181 9
23 11 17
23 119 14
24 151 -3
24 330 11
24 352 2
24 56 -1
24 234 -7
24 312 18
24 219 10
24 376 6
24 367 16
24 198 -9
24 249 20
24 145 15
24 295 -8
24 261 -9
24 148 -3
24 173 13
24 19 -6
25 40 12
25 339 16
25 31 20
25 212 -9
25 118 6
25 230 -5
25 69 -8
25 158 -3
25 100 16
25 206 -10
25 16 -8
25 131 11
25 134 6
25 357 1
25 303 8
26 374 3
26 300 20
26 109 -9
26 84 5
26 210 4
26 212 -7
26 212 6
26 273 4
26 315 17
26 96 5
26 85 -9
26 322 3
26 219 -7
26 316 -8
26 9 13
27 77 7
27 341 -8
27 307 2
27 91 -2
27 255 14
27 274 17
27 167 -6
27 238 2
27 269 5
27 63 -10
27 226 20
27 127 -4
27 167 -3
27 56 4
27 141 20
27 315 8
27 352 19
28 117 3
28 154 15
28 127 13
28 141 -3
28 291 9
28 53 14
28 339 -2
28 297 -9
28 354 16
28 178 5
28 320 15
28 315 4
28 374 13
28 161 3
28 29 19
28 119 -8
29 299 10
29 263 15
29 59 12
29 129 -6
29 24 19
29 284 9
29 324 -8
29 347 10
29 336 20
29 337 -5
29 259 12
29 187 16
29 53 19
29 383 18
29 7 15
29 61 -8
30 248 -7
30 27 17
30 358 -1
30 16 10
30 89 14
30 342 19
30 308 -8
30 288 14
30 81 10
30 356 10
30 93 -10
30 325 -4
30 263 2
30 238 -4
30 10 20
30 361 18
30 85 5
30 68 16
30 127 8
30 117 -8
30 354 9
30 182 9
31 276 -1
31 18 1
31 299 -2
31 350 9
31 240 -5
31 357 3
31 301 -2
31 86 -9
31 96 11
31 98 20
31 378 -2
31 262 4
31 271 16
31 228 7
31 301 4
31 51 -7
31 345 2
31 256 -10
32 285 -3
32 376 16
32 171 5
32 246 -7
32 68 -3
32 347 1
32 85 -7
32 316 -1
32 272 -8
32 20 -1
32 192 10
32 61 8
32 374 -7
32 142 10
32 348 -1
32 23 2
32 59 -2
32 175 -5
32 102 20
33 287 12
33 311 12
33 380 -1
33 128 3
33 95 10
33 83 -4
33 323 -3
33 78 12
33 234 -1
33 177 -7
33 151 5
33 199 15
33 259 12
33 299 10
33 227 9
34 188 -1
34 270 -3
34 166 3
34 113 5
34 286 12
34 121 1
34 189 3
34 137 4
34 298 11
34 261 19
34 384 -5
34 40 -10
34 323 2
34 260 14
35 25 14
35 231 8
35 57 8
35 26 19
35 24 -1
35 292 5
35 136 1
35 19 -4
35 351 1
35 79 11
35 173 13
35 92 8
35 176 5
35 349 6
35 353 -1
35 294 14
35 53 2
35 85 -8
35 52 1
36 194 -10
36 108 12
36 331 9
36 75 18
36 47 12
36 44 19
36 12 -1
36 122 20
36 376 -1
36 277 15
36 301 6
36 242 7
36 1 -1
36 314 10
36 271 -7
36 192 -9
36 205 15
36 367 -9
37 102 -10
37 270 19
37 142 9
37 118 -8
37 160 -4
37 350 8
37 260 16
37 333 15
37 334 15
37 22 -8
37 386 -8
37 109 12
37 287 6
37 60 13
37 245 16
37 174 18
37 3 4
37 275 18
37 92 -2
37 236 18
38 326 1
38 258 15
38 212 -5
38 333 -9
38 147 -4
38 36 -2
38 170 16
38 49 -7
38 75 -5
38 50 19
38 375 3
38 225 -9
38 377 7
38 319 1
38 333 18
38 102 19
38 20 14
38 89 16
38 85 19
38 77 2
38 272 7
38 236 14
38 184 1
38 86 10
39 5 18
39 254 7
39 114 8
39 23 -10
39 275 16
39 353 -5
39 115 14
39 281 19
39 101 1
39 32 -5
39 335 8
39 180 6
39 27 1
39 130 -2
39 28 4
39 343 13
39 268 20
39 38 4
39 247 -6
40 244 11
40 34 11
40 17 19
40 243 2
40 182 2
40 319 5
40 86 -6
40 213 11
40 285 16
40 67 -3
40 162 2
40 378 -2
40 39 -2
40 277 20
40 96 8
40 226 -8
40 66 18
40 185 8
40 158 12
40 110 15
41 118 5
41 229 13
41 193 -3
41 4 5
41 160 10
41 366 4
41 6 10
41 349 -3
41 336 11
41 226 15
41 217 5
41 273 -4
41 17 6
41 253 16
41 1 1
41 198 2
42 360 2
42 283 16
42 192 -9
42 112 1
42 86 -10
42 334 14
42 105 7
42 356 11
43 7 -6
43 176 -6
43 289 9
43 105 8
43 351 15
43 124 4
43 319 -10
43 3 19
43 236 17
43 209 15
43 109 3
43 286 5
43 272 -9
43 7 4
43 41 6
44 33 15
44 180 -6
44 349 -5
44 274 15
44 371 10
44 342 4
44 35 -7
44 362 -5
44 324 -6
44 300 19
44 308 11
44 153 5
44 199 3
44 271 19
44 143 -9
44 28 -3
44 85 16
44 384 8
44 150 2
44 63 -9
44 65 -8
44 137 5
45 239 6
45 320 -3
45 256 -6
45 195 -7
45 96 -9
45 114 -10
45 293 20
45 31 20
45 225 -9
45 18 -2
45 279 18
45 231 -8
45 364 14
46 240 13
46 206 11
46 81 -4
46 356 4
46 380 -1
46 48 8
46 112 7
46 203 6
46 76 6
46 228 7
46 123 3
46 78 -7
46 106 6
46 192 6
46 307 11
46 308 17
46 200 -8
46 185 2
47 260 6
47 373 -1
47 317 -6
47 182 2
47 95 -8
47 243 14
47 289 6
47 380 -6
47 188 1
47 344 14
47 81 -2
47 77 15
47 299 3
47 55 -4
47 242 17
47 188 13
47 244 14
47 327 -5
47 338 -9
48 141 -10
48 245 -1
48 149 20
48 379 10
48 330 2
48 87 -8
48 198 6
48 331 9
48 295 9
48 163 -6
48 267 20
48 386 4
48 293 17
48 122 -1
48 144 -5
48 63 -7
48 156 -10
48 321 19
48 1 -6
48 156 -1
48 343 15
48 218 -10
48 71 7
49 165 4
49 275 -1
49 341 11
49 12 -6
49 145 15
49 92 11
49 181 4
49 261 -6
49 371 1
49 287 -4
49 300 5
49 196 20
49 170 9
49 124 3
50 275 10
50 188 20
50 97 9
50 10 16
50 197 -2
50 22 8
50 200 -2
50 274 1
50 279 16
50 240 -7
50 39 7
50 103 -6
50 133 17
50 42 5
50 37 2
50 77 5
50 195 8
50 77 3
50 325 3
50 278 11
50 269 15
50 223 -5
50 248 19
51 136 10
51 315 7
51 348 7
51 150 -8
51 169 14
51 63 5
51 142 6
51 198 14
51 269 -7
51 272 4
51 47 20
51 366 9
51 347 15
51 306 -5
51 180 18
52 173 6
52 339 17
52 131 13
52 233 15
52 197 15
52 35 8
52 159 1
52 199 2
52 241 17
52 209 8
52 130 5
52 249 5
52 22 14
52 261 -10
52 80 -3
52 83 4
53 216 6
53 352 14
53 4 3
53 179 16
53 195 -3
53 18 11
53 99 -8
53 304 6
53 128 7
53 244 20
53 323 -9
53 209 -1
53 360 -10
53 55 -8
53 68 -7
53 347 -4
54 190 -1
54 213 19
54 89 15
54 52 5
54 313 14
54 104 1
54 23 -2
54 332 -9
54 181 6
54 67 -5
54 363 11
54 225 12
54 66 -7
54 227 -3
54 301 6
54 96 4
54 342 -7
54 82 -6
55 320 16
55 241 12
55 168 1
55 295 10
55 355 -4
55 240 9
55 378 15
55 291 4
55 21 14
55 339 8
55 178 13
55 59 18
55 296 12
55 62 7
55 228 14
55 72 10
55 266 1
55 268 -1
55 45 19
55 150 -4
55 374 8
56 73 12
56 265 -5
56 315 3
56 247 4
56 78 5
56 329 -7
56 145 17
56 155 16
56 258 1
56 256 -10
56 317 -8
56 309 -3
56 303 2
56 90 11
56 258 -3
56 29 -10
56 373 17
56 241 20
56 125 -1
56 238 7
56 79 17
56 127 15
56 338 9
57 155 3
57 298 10
57 274 3
57 355 1
57 21 2
57 261 -8
57 250 5
57 246 3
57 104 9
57 187 5
57 3 -9
57 74 5
58 365 -8
58 78 13
58 19 3
58 130 13
58 98 -10
58 327 1
58 171 -6
58 265 15
58 105 15
58 184 -5
58 107 11
58 190 -2
58 93 18
58 316 -4
58 63 -6
58 219 -7
58 353 5
58 18 20
58 67 4
58 148 6
58 386 8
59 320 -2
59 122 -6
59 375 16
59 243 -7
59 349 3
59 168 -10
59 211 14
59 180 -6
59 352 -1
59 68 12
59 40 16
59 99 13
59 50 19
59 47 11
60 49 4
60 278 -7
60 312 -1
60 76 3
60 102 17
60 52 2
60 324 -7
60 357 7
60 356 -7
60 218 -3
60 148 13
60 67 -8
60 93 17
60 205 -6
60 256 15
60 194 4
60 91 4
60 172 11
60 381 19
60 277 -10
60 249 12
61 170 7
61 137 17
61 325 -4
61 29 -8
61 303 -9
61 333 2
61 35 -2
61 337 -2
61 138 1
61 253 10
61 50 6
61 50 -10
61 150 5
61 125 14
61 104 19
62 77 3
62 144 -4
62 296 -8
62 268 7
62 186 12
62 179 -5
62 344 -7
62 182 -7
62 226 -5
62 159 16
62 268 -3
62 190 -10
63 293 -1
63 175 19
63 89 14
63 91 3
63 308 9
63 282 19
63 329 1
63 305 17
63 128 -1
63 149 -7
63 263 7
63 120 6
63 369 5
63 189 12
63 290 -3
63 245 -10
64 142 -6
64 385 5
64 43 15
64 187 11
64 113 3
64 377 5
64 360 -3
64 222 2
64 294 -5
64 79 1
64 258 2
64 106 -4
64 110 -4
64 153 -8
64 150 19
64 353 2
64 370 -6
64 28 7
65 194 8
65 289 14
65 208 7
65 380 -5
65 145 20
65 207 9
65 12 -2
65 30 -1
65 258 7
65 103 -4
65 300 -8
65 110 -2
65 78 -1
65 373 -7
65 240 -9
65 319 8
65 250 10
65 278 19
65 100 12
65 71 4
65 257 -8
65 197 11
66 181 4
66 71 3
66 345 -8
66 238 11
66 97 11
66 300 -9
66 153 6
66 30 13
66 148 3
66 354 9
66 195 1
66 319 -1
66 297 15
66 324 18
66 196 -8
66 32 -2
66 209 -8
67 375 14
67 361 -3
67 273 -1
67 62 15
67 113 2
67 97 12
67 330 3
67 206 -8
67 2 14
67 128 18
67 9 6
67 373 -7
67 170 20
67 374 -5
67 264 4
68 195 7
68 214 8
68 45 4
68 74 2
68 364 18
68 121 10
68 342 3
68 182 8
68 30 3
68 293 -2
68 70 9
68 18 5
68 80 -4
68 355 -2
68 109 13
68 9 4
68 134 20
68 296 13
68 9 9
69 356 2
69 6 -6
69 381 -1
69 248 6
69 361 10
69 227 17
69 382 -7
69 38 -1
69 349 -4
69 192 -6
69 88 -9
69 64 12
69 218 17
69 31 6
69 58 -5
70 233 1
70 150 -3
70 170 20
70 330 -5
70 23 14
70 118 -2
70 343 9
70 32 20
70 301 18
70 244 -7
70 80 6
70 185 -1
70 43 1
70 247 -8
70 42 5
70 150 4
70 181 19
70 249 -1
71 346 -2
71 172 6
71 95 5
71 92 4
71 116 19
71 39 18
71 31 3
71 384 7
71 264 -8
71 293 9
71 181 4
71 271 7
71 181 17
71 233 9
71 213 -10
71 39 12
72 360 8
72 135 5
72 271 10
72 6 4
72 175 -5
72 193 19
72 311 5
72 126 1
72 336 3
72 176 8
72 320 -6
72 119 5
72 255 3
72 99 16
72 88 -10
72 312 20
72 244 -7
72 5 -3
72 340 -10
72 335 11
72 320 -5
72 195 -10
73 58 -5
73 160 -5
73 18 11
73 125 2
73 131 14
73 358 1
73 239 8
73 43 -1
73 50 2
73 315 6
73 293 -3
74 28 -2
74 173 5
74 346 5
74 79 -1
74 210 -5
74 125 3
74 281 16
74 291 16
74 332 4
74 73 -6
74 38 13
74 70 5
74 302 -1
74 63 3
74 274 -8
74 61 4
74 141 4
74 56 11
74 252 16
74 344 7
74 1 2
74 196 7
74 19 -9
74 164 -8
74 123 -3
74 350 19
74 155 -10
75 251 20
75 187 -1
75 199 -5
75 290 18
75 32 20
75 25 -2
75 8 7
75 384 13
75 3 6
75 379 1
75 376 18
75 203 4
75 77 12
75 273 -8
75 345 -7
75 182 -10
75 72 10
75 126 13
75 148 13
75 179 19
76 219 17
76 20 -4
76 293 6
76 102 -5
76 159 -5
76 112 -7
76 270 15
76 266 -7
76 131 14
77 293 1
77 333 3
77 2 -3
77 139 -3
77 104 5
77 279 -5
77 193 5
77 23 3
77 55 3
77 99 11
77 46 15
77 27 -10
77 242 -5
77 352 7
77 356 -7
77 159 -4
77 11 18
77 345 2
78 225 2
78 190 9
78 119 5
78 20 3
78 24 -1
78 191 -8
78 139 1
78 388 5
78 156 -9
78 64 6
78 79 -2
78 14 -6
78 20 9
78 301 8
78 120 18
78 262 14
78 58 12
79 90 19
79 98 -6
79 161 16
79 78 -10
79 11 17
79 304 9
79 181 2
79 331 13
79 93 16
79 26 5
79 153 14
79 303 7
79 359 2
79 8 13
79 373 12
79 370 10
80 106 2
80 53 -8
80 361 19
80 350 12
80 40 8
80 11 10
80 64 11
80 52 3
80 12 -2
80 122 3
80 385 -5
80 198 11
80 377 17
80 105 -5
80 102 -1
80 274 8
81 206 -4
81 292 8
81 352 6
81 163 1
81 41 -8
81 356 12
81 249 20
81 123 13
81 247 3
81 365 11
81 357 -9
81 173 -6
81 67 17
81 263 -6
81 351 5
81 41 12
81 345 5
81 296 15
81 322 8
81 350 6
81 153 6
81 23 2
82 147 10
82 205 20
82 317 20
82 23 -10
82 384 -6
82 205 -1
82 307 13
82 317 7
82 87 20
82 74 8
82 89 13
82 14 -4
82 253 12
83 385 10
83 275 20
83 99 -8
83 320 -7
83 209 5
83 4 17
83 42 11
83 351 3
83 134 -1
83 306 -1
83 385 13
83 315 13
83 176 4
83 338 4
84 339 18
84 150 16
84 366 -2
84 249 13
84 189 8
84 176 13
84 27 16
84 306 -3
84 128 -1
84 365 16
84 106 -3
84 237 18
85 11 7
85 152 1
85 263 19
85 355 5
85 166 -5
85 317 -5
85 382 -9
85 249 2
85 138 8
85 82 -9
85 220 3
86 375 -4
86 152 8
86 193 17
86 207 -5
86 97 15
86 148 4
86 139 20
86 118 2
86 241 -10
86 113 3
86 254 1
86 152 10
86 380 2
86 234 3
86 34 10
87 160 -1
87 18 6
87 39 5
87 61 -3
87 29 15
87 340 8
87 352 14
87 7 -6
87 356 -7
87 132 16
87 290 -6
87 46 9
87 297 -10
87 100 19
87 180 12
88 380 14
88 7 9
88 182 7
88 55 4
88 250 2
88 120 -5
88 340 11
88 329 1
88 303 19
88 264 13
88 213 -3
88 332 6
88 107 18
88 13 17
88 195 7
88 387 1
89 172 12
89 274 -4
89 123 2
89 144 -7
89 335 -1
89 127 -1
89 126 15
89 180 2
89 218 7
89 172 14
89 255 -8
89 187 7
89 79 -9
89 374 10
89 6 -5
89 29 -5
89 172 5
90 376 6
90 222 -10
90 358 -2
90 319 -4
90 314 -3
90 379 -7
90 143 14
90 293 8
90 203 -6
90 77 17
90 231 7
90 178 14
90 225 7
90 20 2
90 194 17
91 280 15
91 125 4
91 365 3
91 83 15
91 138 11
91 128 13
91 237 16
91 231 12
91 262 19
91 220 5
91 251 3
91 81 1
91 112 10
91 360 6
91 203 7
92 287 9
92 215 17
92 26 18
92 298 -2
92 368 15
92 256 11
92 329 -9
92 164 -3
92 284 14
92 370 -2
92 174 15
92 375 15
92 85 3
92 77 10
92 44 10
92 239 6
92 370 3
93 344 11
93 3 11
93 56 18
93 96 -9
93 43 -5
93 292 11
93 380 13
93 149 16
93 15 14
93 297 -4
93 172 -4
93 183 20
93 302 8
94 11 -2
94 41 -8
94 328 20
94 381 17
94 283 19
94 334 3
94 21 17
94 224 -1
94 84 -3
94 108 10
94 214 16
95 268 3
95 194 17
95 329 19
95 90 5
95 231 7
95 302 1
95 317 5
95 86 15
95 16 -8
95 365 7
95 89 8
95 328 5
95 45 -8
95 42 -1
95 29 11
95 187 -10
95 231 -5
95 28 4
96 26 12
96 319 -2
96 178 -9
96 106 -4
96 322 9
96 128 11
96 243 2
96 354 11
96 79 3
96 72 4
96 326 15
96 249 -3
96 361 10
96 283 17
96 332 7
96 227 -6
96 148 -4
96 115 -10
96 154 18
96 57 17
96 276 -8
96 10 16
97 22 19
97 186 -5
97 224 10
97 243 10
97 285 3
97 48 -2
97 314 -1
97 129 10
97 301 -6
97 59 2
97 336 8
97 112 14
97 22 10
97 178 -10
97 14 -5
97 322 8
98 361 10
98 279 17
98 347 -6
98 105 -9
98 222 -9
98 117 -4
98 270 14
98 246 20
98 32 -3
98 328 3
98 358 -2
98 223 9
98 315 16
98 195 -3
98 280 -9
98 160 -1
98 335 7
99 354 4
99 61 -2
99 261 6
99 24 8
99 80 15
99 42 -5
99 239 17
99 257 18
99 14 -2
99 233 20
99 182 -1
99 68 -6
99 163 15
99 355 -3
99 172 14
99 126 7
99 309 -9
99 242 -6
99 120 -4
100 202 9
100 89 -9
100 251 20
100 377 -6
100 165 3
100 297 9
100 61 17
100 244 -10
100 55 6
100 204 3
100 225 -5
100 200 13
100 383 4
100 51 1
100 333 5
100 134 7
100 282 19
100 261 15
101 72 9
101 78 -9
101 104 -8
101 315 19
101 125 10
101 174 13
101 109 -4
101 229 5
101 117 -5
101 367 12
101 333 -9
101 132 -5
101 3 9
101 21 -9
101 259 3
101 203 10
101 254 14
101 28 10
101 362 -1
102 119 -1
102 54 14
102 193 17
102 3 2
102 322 10
102 108 19
102 205 -1
102 378 16
102 114 -5
102 187 -1
102 152 1
103 117 -5
103 148 15
103 113 16
103 223 -1
103 248 4
103 292 13
103 125 14
103 218 -8
103 358 11
103 305 -9
103 172 -9
103 10 20
103 28 8
103 187 9
103 106 19
103 52 -5
103 220 8
104 318 -10
104 316 19
104 24 -2
104 41 20
104 128 -10
104 169 14
104 103 13
104 296 2
104 283 4
104 138 15
105 261 11
105 369 19
105 285 -8
105 35 -7
105 369 -5
105 72 -4
105 188 4
105 91 -9
105 230 17
105 205 4
105 198 -5
105 213 20
105 14 17
105 202 -8
105 175 -10
105 21 -3
105 348 6
105 246 2
105 283 -7
105 15 6
105 283 -2
105 134 -1
105 176 -8
105 351 -5
105 245 -2
105 269 -10
105 5 1
106 264 -10
106 188 2
106 261 18
106 294 2
106 355 -7
106 192 -9
106 143 7
106 323 -3
106 286 8
106 376 -3
107 345 6
107 101 15
107 248 16
107 152 6
107 320 -4
107 352 12
107 273 13
107 142 15
107 242 15
107 281 -4
107 181 9
107 201 -5
107 38 -5
107 213 -8
107 195 9
107 280 -7
107 83 11
108 47 12
108 291 2
108 253 -2
108 54 17
108 250 1
108 295 10
108 117 20
108 172 -4
108 227 11
109 212 20
109 201 -4
109 244 -8
109 63 -5
109 195 12
109 205 10
109 193 20
109 72 17
109 128 -3
109 214 4
109 356 -6
109 306 6
109 171 1
109 141 13
109 383 -6
109 147 11
109 117 15
110 353 -2
110 347 -1
110 24 -9
110 8 -2
110 311 -6
110 299 15
110 44 20
110 272 16
110 19 16
110 304 5
110 218 12
110 50 -6
110 19 -8
110 187 13
110 5 18
110 283 -2
110 309 6
111 346 20
111 162 19
111 81 -7
111 344 -6
111 273 9
111 175 -7
111 271 -6
111 351 8
111 94 -10
111 146 16
111 355 7
111 351 -4
111 134 11
111 108 10
111 176 19
112 122 10
112 42 -10
112 372 -4
112 224 2
112 45 14
112 206 10
112 310 20
112 196 2
112 257 -1
112 139 3
112 34 -10
112 171 4
112 26 14
112 217 8
112 90 -2
112 122 -2
112 144 8
113 376 -1
113 319 -4
113 116 17
113 314 -1
113 303 -3
113 91 7
113 89 16
113 14 13
113 183 -4
113 311 17
113 309 -9
113 248 19
113 385 2
113 8 -6
114 346 10
114 18 20
114 65 -1
114 364 1
114 185 4
114 109 -4
114 59 -6
114 340 -7
114 3 14
114 325 3
114 267 3
114 311 8
114 24 13
114 229 9
114 249 -9
114 64 2
114 176 -5
114 178 8
115 352 16
115 387 -7
115 87 9
115 281 20
115 350 -10
115 323 19
115 132 -9
115 202 -8
115 269 3
115 241 -3
115 363 3
115 24 8
115 237 -2
116 13 19
116 285 -1
116 13 1
116 288 20
116 370 2
116 157 7
116 290 -1
116 360 15
116 127 1
116 26 7
116 346 -4
116 202 -9
116 344 -7
116 324 -1
116 165 -5
116 297 3
116 236 8
116 19 4
116 367 4
116 382 14
117 340 7
117 87 19
117 232 12
117 214 18
117 86 11
117 81 7
117 7 11
117 27 5
117 334 15
117 101 14
117 371 10
117 51 20
117 51 -10
117 289 9
117 316 -8
117 102 18
117 56 -2
117 76 -7
117 312 8
117 371 -8
117 310 16
118 229 7
118 273 -9
118 146 6
118 326 13
118 209 1
118 109 8
118 99 9
118 255 17
118 68 16
118 366 3
118 347 10
118 231 4
118 208 4
118 351 6
118 297 6
118 3 17
118 231 20
118 101 6
118 198 -7
118 9 9
118 347 16
119 354 6
119 283 -8
119 156 17
119 228 4
119 207 -3
119 155 12
119 3 16
119 46 3
119 168 7
119 27 16
119 338 10
119 291 1
119 370 10
119 42 -2
119 203 1
119 180 -8
119 341 14
119 256 7
119 89 18
120 274 12
120 47 7
120 279 11
120 214 -5
120 171 14
120 172 10
120 35 -4
120 291 20
120 20 15
120 323 -1
120 275 18
120 17 16
120 81 19
120 246 16
120 99 7
120 273 5
120 232 7
120 387 -1
120 24 14
121 28 5
121 254 16
121 6 -6
121 339 8
121 85 -9
121 60 -1
121 207 -4
121 214 -1
121 71 -8
121 160 20
121 252 16
121 244 8
121 372 15
121 143 1
122 300 15
122 353 -7
122 173 -3
122 143 8
122 340 -5
122 62 -1
122 63 -1
122 195 -3
122 327 11
122 67 -4
122 86 8
122 133 13
122 77 6
122 380 1
122 134 13
122 372 20
123 297 -7
123 56 -4
123 381 4
123 255 -4
123 207 13
123 170 -4
123 252 15
123 159 7
123 204 1
123 263 -8
123 315 -7
123 66 3
123 219 -1
123 133 14
123 186 16
123 23 15
123 278 -10
123 162 2
123 363 -6
123 342 8
123 52 -7
123 373 15
123 57 9
123 99 -3
123 380 -4
124 69 -10
124 210 7
124 329 -7
124 85 20
124 285 -1
124 316 20
124 208 13
124 285 -5
124 387 4
124 244 -10
124 213 -1
124 26 -10
124 365 15
124 155 2
124 11 3
124 125 19
124 359 19
125 107 -7
125 341 6
125 69 13
125 101 19
125 183 19
125 356 6
125 283 15
125 58 20
125 17 8
125 111 -1
125 363 8
125 293 11
125 220 -2
126 382 -1
126 165 12
126 105 10
126 44 16
126 285 1
126 116 10
126 34 19
126 31 -10
126 268 -2
126 63 3
126 153 15
126 171 -5
126 242 13
126 207 10
126 317 1
126 149 16
126 257 20
126 61 -5
127 357 -1
127 38 -8
127 91 13
127 276 12
127 332 -5
127 315 1
127 293 -9
127 323 3
127 65 7
127 25 -7
127 82 -4
127 231 17
127 271 2
127 322 5
127 352 20
127 22 -5
127 374 -9
127 56 3
128 10 20
128 353 -7
128 3 -6
128 60 -10
128 302 13
128 258 14
128 136 -4
128 349 1
128 281 -6
128 177 -9
128 42 4
128 222 4
128 230 -8
128 115 -5
128 140 5
128 5 3
128 179 18
128 87 2
128 317 -10
128 136 17
129 125 12
129 299 -6
129 336 -5
129 152 11
129 352 4
129 71 4
129 105 7
129 55 5
129 4 9
129 80 -6
130 344 -10
130 233 3
130 228 -8
130 152 7
130 305 19
130 346 20
130 41 -5
130 238 2
130 19 -6
130 5 6
130 117 -10
130 170 2
130 273 7
130 43 10
130 145 17
130 123 -7
130 212 -4
130 129 -9
130 67 12
130 275 19
131 195 -10
131 286 5
131 221 -3
131 188 18
131 166 -4
131 65 13
131 207 2
131 71 -5
131 99 9
131 122 -8
131 330 6
131 158 7
131 63 -8
131 298 3
131 159 -1
131 85 20
131 200 19
131 143 10
131 165 -3
131 11 -8
131 129 9
131 7 8
132 100 12
132 293 18
132 347 18
132 32 15
132 317 -8
132 124 -6
132 282 4
132 272 6
132 352 18
132 241 -2
132 114 -9
132 227 -4
132 223 20
132 264 6
132 65 18
132 289 10
132 94 -10
132 352 20
132 101 -7
133 308 3
133 337 9
133 336 -2
133 175 10
133 49 9
133 339 3
133 55 1
133 219 15
133 340 -9
133 339 -1
133 132 2
133 212 7
133 51 5
133 25 -9
133 257 17
133 314 -10
134 147 9
134 29 17
134 8 13
134 200 19
134 357 1
134 56 17
134 18 -8
134 364 16
134 22 20
135 357 12
135 303 -8
135 36 4
135 226 -1
135 36 20
135 243 2
135 301 -7
135 247 16
135 94 -7
135 201 -8
135 157 10
135 63 -9
135 57 12
135 134 -1
136 129 20
136 98 -4
136 319 14
136 374 19
136 305 -1
136 334 5
136 319 -8
136 329 -5
136 97 -10
136 345 2
136 199 8
136 291 8
136 26 9
136 282 -4
136 5 2
136 158 16
136 39 18
136 146 18
136 14 13
136 311 -2
137 31 9
137 221 -8
137 148 6
137 358 11
137 371 15
137 311 -10
137 4 3
137 186 8
137 335 -10
137 345 10
137 125 20
137 285 1
138 167 -5
138 358 8
138 28 9
138 345 7
138 304 1
138 62 -6
138 253 7
138 105 7
138 356 20
138 280 -6
138 80 -2
138 172 -1
139 324 -5
139 218 17
139 262 -6
139 203 7
139 292 1
139 190 14
139 194 11
139 110 7
139 126 13
139 319 -8
139 164 15
139 154 -2
139 4 14
139 22 3
139 300 12
139 367 20
139 283 -2
139 150 -9
139 114 19
139 167 -8
139 291 11
139 361 20
140 88 20
140 151 1
140 13 15
140 110 6
140 187 -10
140 339 -1
140 81 5
140 84 9
140 225 -3
140 163 8
140 373 15
140 199 5
140 282 -8
140 153 5
140 270 2
141 287 -4
141 121 18
141 279 9
141 44 11
141 342 6
141 217 10
141 156 2
141 81 4
141 93 20
141 381 12
141 330 -10
141 174 -2
141 169 3
141 33 14
141 197 10
141 322 5
141 225 20
141 328 20
141 213 6
142 273 20
142 61 11
142 97 -1
142 201 18
142 81 -7
142 50 2
142 288 6
142 136 18
142 194 12
143 94 14
143 39 -5
143 181 -2
143 263 16
143 267 1
143 193 18
143 355 12
143 371 18
143 71 5
143 173 -3
143 285 2
143 45 19
143 386 -2
143 224 3
143 91 2
144 261 -2
144 50 14
144 218 8
144 210 -10
144 47 6
144 56 -7
144 217 20
144 321 2
144 353 10
144 272 -4
144 173 -1
144 65 2
144 168 -1
145 249 5
145 22 6
145 34 18
145 150 6
145 77 13
145 355 -2
145 155 20
145 382 -2
145 334 6
145 83 -8
145 196 17
145 78 2
145 210 -2
145 35 17
145 231 -5
145 342 -2
146 174 9
146 291 5
146 151 12
146 185 15
146 322 -1
146 142 1
146 374 -4
146 248 -3
146 140 6
146 256 10
146 127 14
146 70 -1
146 20 -2
146 7 -9
146 315 6
146 165 18
146 171 19
147 325 16
147 332 16
147 134 20
147 38 19
147 385 -4
147 63 -3
147 7 -10
147 200 16
147 265 9
148 83 9
148 366 20
148 326 15
148 149 14
148 227 -2
148 173 3
148 224 20
148 19 8
148 387 20
148 26 5
148 333 8
148 95 2
148 276 -1
148 322 -9
148 83 13
148 192 1
149 152 10
149 139 -8
149 16 4
149 225 -10
149 177 13
149 225 13
149 272 5
149 22 -1
149 237 9
149 355 -2
150 379 1
150 74 2
150 81 20
150 319 1
150 108 -10
150 340 -5
150 374 4
150 201 1
150 114 14
150 316 3
150 77 18
150 228 6
150 296 1
150 152 7
150 358 13
150 140 -2
150 105 11
151 54 -2
151 385 1
151 125 -10
151 27 -5
151 205 6
151 371 7
151 5 15
151 137 -3
151 112 18
151 51 10
151 173 10
151 36 11
151 326 -2
151 198 11
151 327 6
151 153 19
151 155 1
151 356 9
151 356 -8
152 83 -4
152 213 -6
152 82 -3
152 2 14
152 55 -6
152 356 14
152 7 9
152 59 9
152 173 5
152 320 20
152 125 15
153 148 1
153 359 3
153 81 13
153 65 -2
153 72 12
153 187 -5
153 361 9
153 362 9
153 276 12
153 365 -3
153 11 -3
153 80 2
153 336 -4
153 386 11
153 10 -10
153 130 15
153 360 -8
153 261 8
154 272 17
154 256 20
154 180 10
154 367 -7
154 244 8
154 99 -4
154 229 3
154 340 -8
154 273 1
154 151 -6
154 132 -1
154 150 -3
154 79 -3
154 197 -3
154 245 11
154 118 8
154 35 14
155 80 2
155 335 3
155 195 -4
155 332 -8
155 323 2
155 219 -4
155 244 -1
155 62 3
155 223 2
155 203 8
155 305 6
155 355 15
155 265 -3
156 300 -7
156 259 19
156 317 16
156 168 3
156 363 -4
156 276 12
156 362 -3
156 244 15
156 201 -1
156 330 -6
156 285 -8
156 324 3
156 374 2
156 113 19
157 194 19
157 94 -9
157 263 -1
157 183 20
157 120 15
157 197 8
157 276 5
157 127 8
157 234 18
157 156 18
157 92 17
158 277 18
158 170 -4
158 58 15
158 222 -10
158 179 -7
158 114 12
158 216 -10
158 124 -4
158 317 1
158 276 17
158 233 -7
158 204 2
158 54 16
158 107 7
158 91 11
158 152 6
158 157 12
159 169 12
159 193 11
159 5 -1
159 272 12
159 157 -8
159 250 16
159 188 -1
159 302 9
159 25 7
159 48 8
159 125 20
159 168 9
159 166 6
159 33 -2
159 386 -10
159 360 -10
159 360 3
159 240 14
159 133 -9
159 143 3
159 354 5
159 200 1
160 107 2
160 43 -1
160 79 -4
160 171 -1
160 188 -4
160 274 15
160 239 -1
160 146 -9
160 265 20
160 107 17
160 308 -8
161 223 19
161 369 -2
161 86 13
161 218 12
161 45 1
161 308 17
161 158 -8
161 178 9
161 284 19
161 284 -7
161 377 -10
161 63 18
161 355 2
161 192 -4
161 127 -10
161 300 9
161 110 8
161 154 14
161 47 9
162 118 8
162 151 -9
162 282 9
162 29 -10
162 164 19
162 174 16
162 113 2
162 226 -3
162 300 -9
162 105 14
162 235 -5
163 44 -9
163 121 -4
163 338 5
163 14 17
163 212 3
163 7 -10
163 97 20
163 288 11
163 356 5
163 334 10
163 256 13
163 338 17
163 319 -7
163 342 11
163 228 6
163 176 17
163 285 9
163 174 13
163 133 2
163 61 -4
163 123 18
163 105 20
164 336 13
164 377 17
164 82 -1
164 287 7
164 270 13
164 348 4
164 222 6
164 100 6
164 45 -10
164 124 20
164 143 -10
164 313 7
164 30 15
164 148 3
164 58 11
164 157 2
164 83 20
164 112 -6
164 189 -3
165 29 3
165 102 -2
165 301 -4
165 156 11
165 324 9
165 339 6
165 232 -6
165 355 18
165 110 -1
165 341 3
165 260 18
165 324 -7
165 166 14
165 194 -3
165 371 13
165 217 7
165 223 2
165 267 5
165 92 -3
165 387 7
166 119 -5
166 367 4
166 95 -5
166 355 20
166 173 20
166 49 12
166 243 8
166 302 1
166 36 11
166 239 19
166 209 17
166 15 -6
166 189 6
166 336 -2
166 181 3
166 46 -1
166 263 9
166 97 -5
166 9 11
166 86 -1
167 43 5
167 25 8
167 371 -6
167 166 -5
167 137 -5
167 316 6
167 126 12
167 330 -1
167 241 8
167 23 1
167 176 8
167 91 2
167 201 2
167 370 16
167 89 7
167 15 -1
167 28 -8
167 56 9
167 65 5
168 103 13
168 219 6
168 277 5
168 80 15
168 76 -8
168 308 19
168 346 2
168 9 6
168 212 1
168 305 -2
168 324 7
168 36 1
168 74 6
168 2 11
168 124 -9
168 233 19
168 279 20
168 34 -2
168 278 -10
168 139 -10
168 346 14
169 79 -2
169 205 18
169 34 4
169 196 12
169 284 8
169 60 -10
169 302 20
169 142 12
169 150 17
169 133 2
169 161 -4
169 246 10
169 367 7
169 30 -8
169 287 1
169 335 12
169 107 20
169 246 -3
169 299 5
169 311 17
169 97 -7
169 106 -1
169 41 1
170 321 12
170 346 1
170 125 16
170 345 6
170 326 1
170 264 15
170 269 7
170 175 7
170 7 -10
170 373 17
170 265 3
170 104 -6
170 289 -3
170 136 -2
170 141 8
170 199 -10
170 202 6
171 190 20
171 354 -3
171 15 17
171 147 -5
171 192 15
171 31 5
171 257 -4
171 339 -8
171 265 3
171 119 -8
171 225 -2
171 201 18
171 382 -8
171 230 3
172 302 7
172 205 -3
172 47 -9
172 7 12
172 375 19
172 349 19
172 67 -10
172 305 9
172 336 -2
172 366 -8
172 367 20
172 311 12
172 212 -8
173 33 1
173 91 14
173 87 -6
173 310 10
173 246 19
173 139 10
173 200 5
173 317 17
173 22 3
173 164 20
173 345 6
173 175 2
173 286 -9
173 201 20
173 182 15
174 133 4
174 78 -9
174 142 1
174 123 8
174 55 7
174 240 -8
174 57 6
174 175 11
174 224 -9
174 133 11
174 185 -3
174 383 20
174 331 14
174 85 11
174 145 -9
174 67 15
175 356 -7
175 176 -6
175 160 16
175 90 9
175 66 17
175 71 18
175 356 7
175 24 6
175 34 -1
175 146 13
175 157 -5
175 359 15
175 22 4
175 15 -1
175 138 -5
175 382 -8
175 317 13
175 212 -8
175 197 5
175 79 13
175 66 15
176 3 -8
176 228 -5
176 39 11
176 20 9
176 334 2
176 1 -9
176 53 8
176 96 13
176 287 9
176 347 18
176 184 4
176 378 16
176 311 18
176 136 7
176 85 15
176 224 8
176 109 7
176 327 -2
176 11 7
176 269 14
177 131 11
177 297 -8
177 321 20
177 305 10
177 358 6
177 282 -3
177 388 1
177 242 20
177 387 14
177 201 6
177 272 -1
177 75 -6
177 55 6
177 263 20
177 279 17
178 156 -5
178 123 2
178 264 11
178 97 -4
178 100 -1
178 141 17
178 307 3
178 258 15
178 247 8
178 23 -9
178 161 8
178 317 -2
178 176 -1
178 208 9
178 314 -10
178 110 -5
178 230 -5
178 188 11
178 358 -6
178 303 8
178 287 6
178 295 -2
178 267 6
179 217 5
179 151 9
179 253 6
179 277 17
179 131 9
179 248 -4
179 207 -10
179 167 -7
179 324 4
179 160 8
179 320 -8
179 167 16
179 263 6
179 56 -1
179 341 10
179 19 18
179 35 -5
179 335 12
179 80 2
179 375 -5
179 320 -8
179 177 1
179 12 -8
179 370 -6
179 364 -4
179 273 -10
180 262 -1
180 247 -8
180 306 16
180 291 -2
180 72 -1
180 198 11
180 216 11
180 67 7
180 109 -3
180 255 10
180 103 -4
180 223 13
180 62 18
180 264 15
180 185 5
180 354 2
180 229 -3
180 362 5
180 127 19
180 170 -6
180 222 2
180 294 20
180 153 -6
180 97 -5
180 208 13
180 382 -7
180 13 5
180 378 17
180 82 -7
181 338 14
181 380 5
181 108 -7
181 103 12
181 145 14
181 46 -7
181 100 18
181 44 9
181 150 -10
181 218 13
181 333 17
181 264 -2
181 150 6
181 293 -6
181 325 19
181 382 2
181 84 13
181 82 17
181 133 18
181 251 16
181 235 -8
181 191 11
181 46 -2
181 78 -8
181 105 1
181 225 19
181 205 19
181 351 10
182 386 9
182 285 17
182 250 6
182 152 -2
182 161 14
182 346 -2
182 32 11
182 120 2
182 384 16
182 22 -7
182 132 2
183 30 6
183 135 -2
183 36 -3
183 10 8
183 90 16
183 171 -10
183 207 -6
183 4 -2
183 118 -3
183 318 -1
183 333 14
183 104 8
183 192 -7
183 126 -4
183 229 12
183 268 6
183 14 12
183 348 12
184 154 10
184 13 -2
184 141 14
184 147 -3
184 28 16
184 75 14
184 85 16
184 324 -4
184 361 7
184 243 12
184 55 10
184 376 -10
184 92 7
184 32 10
185 115 -7
185 157 19
185 300 7
185 307 -8
185 218 -8
185 312 -2
185 375 15
185 20 10
185 140 -5
185 331 6
185 65 18
185 234 7
185 241 -4
185 208 17
185 24 -5
185 316 -6
185 262 20
186 325 14
186 255 20
186 313 -2
186 264 -4
186 205 7
186 44 4
186 369 16
186 354 20
186 88 4
186 242 4
186 208 10
186 355 3
186 102 2
186 287 1
187 100 12
187 246 -9
187 376 15
187 4 -7
187 131 14
187 275 10
187 227 -9
187 88 15
187 238 11
187 138 10
187 128 -1
187 306 -3
187 332 16
187 108 1
187 219 9
187 219 -1
187 81 -9
187 75 16
187 164 -6
187 216 12
188 335 14
188 175 -1
188 282 1
188 186 -5
188 13 -4
188 346 5
188 206 -8
188 27 10
188 234 -7
188 59 9
188 325 7
188 298 -1
188 7 20
188 176 2
188 241 -10
189 133 2
189 259 -4
189 40 16
189 55 15
189 312 3
189 312 -6
189 295 -10
189 84 -10
189 179 14
189 345 9
189 135 9
189 360 -8
189 86 12
189 282 -8
189 122 1
190 180 -9
190 230 5
190 339 10
190 140 2
190 42 13
190 175 8
190 243 -7
190 257 15
190 265 -6
190 357 15
190 176 -7
190 235 9
190 221 19
190 135 6
190 309 -3
190 179 -1
190 206 -2
190 283 -5
190 179 3
190 116 12
190 137 -4
190 218 8
191 346 2
191 330 6
191 27 -8
191 26 11
191 370 12
191 36 17
191 182 20
191 362 -4
191 307 4
191 184 -6
191 82 4
191 296 6
191 134 -2
191 142 19
191 22 -2
191 288 -1
191 275 6
191 200 -1
191 145 13
192 220 -5
192 101 13
192 11 -6
192 129 2
192 369 -1
192 330 -5
192 364 2
192 360 -5
192 297 10
192 133 -6
192 277 -3
192 40 -5
192 175 2
192 114 2
192 258 5
193 230 -9
193 58 9
193 363 3
193 139 3
193 121 -2
193 111 19
193 123 19
193 112 -8
193 134 -5
193 131 4
193 223 1
193 196 4
193 372 -6
193 137 13
193 180 10
193 145 10
193 281 -3
193 329 -1
193 311 -5
193 269 -7
193 102 -3
194 101 -5
194 2 -6
194 179 2
194 45 -5
194 5 19
194 106 14
194 28 11
194 348 -2
194 215 18
194 77 4
194 120 9
194 170 1
194 364 -5
194 190 8
194 143 -2
194 256 13
194 337 20
194 239 12
195 306 -5
195 368 13
195 330 2
195 125 -9
195 174 3
195 69 13
195 72 -8
195 250 -9
195 223 13
195 168 -9
195 250 11
195 241 -4
195 240 -10
195 241 7
195 95 4
195 93 2
196 71 -8
196 8 12
196 185 13
196 38 -8
196 16 11
196 274 7
196 316 -9
196 225 3
196 145 13
196 157 7
196 322 15
196 12 14
196 190 -1
196 308 12
196 111 -6
196 31 11
196 19 -6
196 273 19
196 102 2
196 36 7
196 311 2
196 203 1
196 309 -2
197 271 17
197 145 11
197 173 19
197 149 5
197 329 -2
197 58 20
197 302 13
197 119 1
197 198 -6
197 153 20
197 93 4
198 213 2
198 175 7
198 241 8
198 195 5
198 68 6
198 331 5
198 18 18
198 175 14
198 303 2
198 276 3
198 372 -7
198 116 -5
199 161 16
199 374 -10
199 303 10
199 310 15
199 380 20
199 218 10
199 6 -5
199 228 7
199 73 -2
199 31 10
199 30 13
199 62 5
199 96 9
199 20 -1
199 162 1
199 322 -5
200 137 17
200 256 14
200 165 -7
200 327 5
200 72 7
200 123 11
200 7 2
200 366 -2
200 190 10
200 175 16
200 47 -2
200 177 -9
200 301 -3
200 322 16
201 81 -2
201 321 -3
201 192 4
201 98 15
201 94 5
201 145 3
201 209 7
201 6 19
201 237 -5
201 262 16
201 165 13
201 240 -8
201 134 7
201 166 19
201 372 -5
201 223 14
201 84 -10
201 72 20
201 131 9
201 2 10
202 53 6
202 137 -7
202 181 10
202 106 19
202 168 12
202 374 7
202 232 16
202 131 1
202 16 4
202 375 4
202 299 -9
202 193 12
202 313 -10
202 156 12
202 388 17
202 114 12
202 21 -6
202 41 5
202 194 3
202 163 7
202 146 11
202 56 11
203 342 8
203 95 4
203 317 5
203 118 9
203 233 7
203 173 6
203 253 18
203 34 6
203 279 1
203 196 15
203 131 -9
203 112 16
203 13 2
203 361 15
203 310 -5
203 249 8
203 265 -7
203 290 -9
203 327 5
203 206 -4
203 268 -5
203 367 -3
204 191 -3
204 72 12
204 8 5
204 114 -8
204 74 19
204 270 8
204 98 5
204 108 7
204 279 -1
204 16 14
204 225 10
204 221 7
204 69 4
204 160 17
204 141 9
204 231 4
204 314 14
204 239 -5
205 16 14
205 387 18
205 22 6
205 230 11
205 263 8
205 337 -7
205 35 19
205 149 12
205 198 -9
205 330 4
205 112 13
205 302 -5
205 26 12
205 379 -5
205 196 11
205 267 19
205 243 7
205 164 7
205 343 1
205 66 -1
205 122 -9
205 151 -5
205 120 -2
205 60 13
205 371 2
206 356 -1
206 326 1
206 107 -3
206 55 -10
206 375 11
206 295 -9
206 29 20
206 1 -1
206 79 -5
206 71 5
206 27 3
206 208 -10
206 200 12
206 159 6
206 9 14
206 127 17
206 47 2
207 326 5
207 39 -6
207 189 -2
207 249 17
207 379 9
207 45 18
207 376 9
207 358 -2
207 386 17
207 160 12
207 78 1
207 70 18
207 313 11
207 371 11
207 381 17
207 131 5
207 360 7
207 214 -2
208 364 6
208 34 13
208 198 1
208 229 12
208 183 7
208 275 17
208 345 -5
208 66 -5
208 41 -9
208 150 14
208 192 8
208 158 12
208 226 -9
208 13 16
208 25 19
208 87 7
209 117 -9
209 78 -7
209 316 18
209 353 18
209 63 -2
209 363 12
209 211 16
209 328 5
209 75 8
209 96 -10
209 158 17
209 14 7
209 201 12
209 192 -9
210 41 -4
210 248 19
210 347 17
210 48 1
210 126 -7
210 238 -2
210 118 20
210 18 17
210 309 12
210 283 -7
210 53 8
210 346 18
210 52 -4
210 380 -1
210 353 -8
210 104 1
210 198 -7
210 361 14
210 317 -2
210 339 16
210 122 -4
211 91 -5
211 220 1
211 379 14
211 201 -8
211 8 19
211 378 16
211 123 16
211 296 -8
211 207 3
211 247 4
211 144 -3
211 215 17
211 198 18
211 277 -10
211 320 8
211 87 17
211 160 7
211 304 -5
211 260 9
212 267 10
212 370 17
212 384 -3
212 84 16
212 340 -2
212 144 9
212 308 2
212 240 11
212 385 12
212 248 11
212 14 2
212 366 -10
212 247 -6
212 151 8
212 304 18
212 46 -3
213 134 3
213 147 18
213 183 -4
213 12 19
213 31 11
213 1 -9
213 308 -2
213 66 4
213 198 12
213 360 -9
213 159 -6
213 109 7
213 94 13
213 277 5
213 303 16
213 301 14
213 247 6
214 264 11
214 320 8
214 192 2
214 319 15
214 1 -9
214 329 13
214 315 -9
214 275 1
214 266 14
214 211 10
214 239 17
215 343 3
215 237 -8
215 363 15
215 34 5
215 105 -6
215 166 16
215 306 10
215 364 -5
215 29 17
215 58 20
215 80 1
215 117 18
215 303 16
215 90 2
215 371 -6
215 355 -1
215 34 20
215 51 9
215 24 -5
215 50 2
216 116 -5
216 245 -10
216 121 12
216 43 15
216 84 -4
216 29 19
216 207 4
216 351 2
216 242 17
216 360 5
216 290 6
216 260 -3
216 17 16
216 286 -1
216 54 -9
216 132 13
216 46 15
216 287 -4
217 316 10
217 69 -10
217 311 4
217 89 19
217 365 14
217 281 5
217 349 18
217 132 -8
217 152 11
217 181 -2
217 247 8
217 258 -6
217 100 -6
217 212 17
217 363 -8
218 337 14
218 15 12
218 57 13
218 84 1
218 119 18
218 50 18
218 266 -3
218 331 -5
218 119 12
218 183 -3
218 8 -10
218 49 2
219 145 6
219 189 13
219 218 10
219 210 4
219 62 16
219 304 18
219 82 -4
219 58 2
219 137 7
219 37 17
219 57 -6
219 226 6
219 302 2
219 146 7
219 58 6
220 96 3
220 294 6
220 288 4
220 229 2
220 369 4
220 226 19
220 273 18
220 175 3
220 281 8
220 105 14
220 76 2
220 376 -8
220 282 -3
221 76 1
221 253 18
221 246 13
221 224 9
221 199 6
221 313 -10
221 194 -6
221 38 -3
221 50 -5
221 332 -2
221 44 -2
221 142 -6
221 218 -5
221 39 20
221 260 6
221 266 -1
221 36 17
221 144 7
221 139 20
221 243 9
221 277 -3
221 312 20
221 246 9
221 384 -7
221 198 1
221 194 -1
221 45 -9
221 57 18
221 356 -4
221 387 -9
222 121 3
222 189 -9
222 285 19
222 205 12
222 382 -5
222 295 -10
222 110 1
222 383 9
222 30 -5
222 150 8
222 145 11
222 363 -10
222 201 -4
222 295 12
222 12 4
223 110 15
223 24 -4
223 119 -6
223 249 17
223 29 -5
223 374 19
223 84 12
223 97 3
223 12 8
223 239 -5
223 265 -4
223 202 16
223 130 -9
223 259 11
223 19 15
223 351 9
223 212 4
223 338 17
224 289 1
224 52 2
224 264 17
224 325 17
224 350 12
224 116 -10
224 125 20
224 267 -10
224 262 4
224 210 20
224 371 -2
224 131 -9
224 114 5
224 49 1
224 369 -10
224 336 6
224 354 12
224 188 15
224 121 7
224 241 15
225 202 -2
225 46 -10
225 133 15
225 87 10
225 117 7
225 338 9
225 141 6
225 373 10
225 294 13
225 162 2
225 44 4
225 358 13
225 328 18
225 97 -3
225 228 19
225 117 19
225 325 10
226 193 15
226 113 5
226 291 -9
226 214 -7
226 8 11
226 184 -5
226 159 -7
226 296 -8
226 335 5
226 298 5
226 41 2
226 196 4
226 368 -1
226 333 -1
226 229 -7
226 76 6
226 31 9
226 255 9
226 229 1
227 91 19
227 296 -9
227 330 5
227 335 -4
227 270 -10
227 41 -9
227 154 9
227 68 -6
227 17 2
227 116 1
227 307 4
227 96 16
227 135 6
227 108 2
227 87 4
227 337 -8
227 264 -7
227 3 -2
227 61 -7
227 286 20
227 12 13
227 150 -8
227 230 5
228 327 -8
228 268 3
228 331 -1
228 93 11
228 220 20
228 359 -1
228 108 11
228 162 -10
228 370 16
228 68 16
228 137 10
228 373 9
228 96 18
228 193 5
228 174 16
229 99 5
229 261 -7
229 254 3
229 90 3
229 122 -9
229 152 6
229 251 19
229 13 3
229 258 19
229 308 13
229 243 13
229 340 8
229 320 -3
229 217 -5
229 115 -3
229 46 11
229 355 2
230 323 14
230 210 -7
230 221 5
230 386 12
230 300 9
230 103 8
230 65 3
230 43 8
230 203 19
230 346 10
230 348 8
230 9 8
230 168 -4
230 261 -1
230 148 -4
230 159 7
230 66 -8
230 78 19
230 29 7
230 171 7
230 258 19
230 307 1
230 186 1
230 198 -10
231 107 -8
231 233 20
231 72 16
231 262 -3
231 98 -1
231 354 3
231 264 3
231 301 -2
231 169 17
231 263 3
231 284 16
231 16 3
231 263 10
231 18 17
231 155 -4
231 325 11
231 243 18
231 147 -3
232 123 -1
232 1 8
232 263 10
232 288 19
232 192 9
232 218 17
232 6 -6
232 147 -3
232 130 -2
232 297 17
232 210 -7
232 374 20
232 282 -3
232 341 -8
232 258 18
232 277 15
232 363 12
233 351 17
233 41 19
233 47 15
233 220 8
233 248 16
233 374 10
233 146 5
233 45 9
233 48 -9
233 271 10
234 211 16
234 52 -9
234 105 1
234 276 -5
234 251 -6
234 181 -9
234 314 -2
234 301 1
234 8 11
234 307 -2
234 299 -1
234 218 14
234 73 7
234 315 19
234 25 8
235 138 20
235 146 14
235 35 -10
235 177 14
235 10 13
235 184 14
235 116 -9
235 181 14
235 37 9
235 179 6
235 80 13
235 104 -4
235 37 11
235 23 19
235 136 10
235 340 15
235 373 10
235 365 -8
236 277 10
236 352 10
236 63 4
236 80 12
236 58 10
236 161 -3
236 50 1
236 229 -3
236 346 -7
236 307 3
236 188 9
236 80 7
236 374 10
236 305 5
236 251 10
237 253 14
237 164 -8
237 203 16
237 115 7
237 168 4
237 156 -9
237 149 -9
237 16 -8
237 129 16
237 202 -3
237 193 -5
237 140 9
237 381 15
237 114 3
237 304 13
237 283 18
237 88 -5
237 151 8
237 255 -6
238 302 3
238 352 17
238 370 19
238 323 9
238 316 10
238 332 -9
238 386 11
238 351 18
238 331 1
238 10 10
238 122 -2
238 296 3
238 154 9
238 65 18
238 239 17
238 309 3
238 376 -8
238 182 7
238 385 -4
238 59 -4
238 65 16
238 228 5
238 278 4
239 359 2
239 81 -3
239 219 -5
239 295 -2
239 280 6
239 342 15
239 334 7
239 19 12
239 50 10
239 339 -8
239 258 18
239 356 18
239 199 -10
239 270 -3
239 98 18
239 135 18
239 141 4
239 149 9
239 168 1
239 257 10
240 105 8
240 255 2
240 105 -8
240 377 15
240 194 14
240 339 10
240 293 -8
240 191 9
240 343 -2
240 166 8
241 182 7
241 319 18
241 302 -6
241 371 -7
241 155 -8
241 215 -2
241 137 15
241 4 20
241 77 4
241 64 17
241 357 -3
241 330 -9
241 357 6
241 369 3
241 228 7
241 247 2
241 245 -8
242 234 2
242 255 13
242 177 1
242 152 6
242 300 11
242 197 6
242 106 19
242 223 10
242 211 -8
242 360 18
242 313 8
242 210 12
242 352 16
242 91 8
242 133 12
242 107 20
243 17 4
243 103 -10
243 48 -4
243 63 -4
243 388 15
243 182 14
243 11 3
243 29 4
243 47 19
243 225 -4
243 54 12
243 376 18
243 310 12
243 109 -3
243 372 3
243 141 -10
243 380 -2
243 313 -3
243 337 7
244 222 -7
244 141 8
244 61 -7
244 331 -9
244 1 -1
244 311 16
244 12 18
244 356 4
244 103 5
245 21 4
245 83 -8
245 345 18
245 345 2
245 275 20
245 50 16
245 182 -2
245 221 -6
245 57 9
245 345 9
245 329 3
245 70 13
245 228 2
246 111 2
246 55 15
246 17 13
246 86 -3
246 97 16
246 243 -2
246 179 16
246 275 5
246 214 1
246 268 1
246 330 13
246 83 19
246 350 13
246 336 17
246 217 -5
247 159 -7
247 379 4
247 251 -5
247 16 -6
247 224 7
247 214 8
247 288 -9
247 282 14
247 365 -7
247 189 -8
247 91 15
247 8 3
247 259 3
247 256 9
247 197 -1
247 236 -3
247 315 12
247 89 11
247 140 19
248 211 14
248 316 -9
248 198 5
248 35 -10
248 366 7
248 132 -8
248 299 13
248 85 -7
248 279 1
248 243 -10
248 377 -4
248 178 1
248 185 6
248 88 19
248 238 12
248 257 2
248 169 8
248 32 7
248 221 12
249 214 16
249 39 -3
249 338 9
249 284 13
249 324 6
249 125 10
249 157 11
249 108 3
249 305 1
249 318 9
249 370 -3
249 282 -8
249 250 11
249 62 18
249 63 14
249 5 1
249 311 5
250 306 -10
250 32 18
250 79 18
250 238 8
250 206 19
250 341 4
250 188 10
250 143 4
250 127 20
250 175 5
250 23 -8
250 54 16
250 130 18
250 355 18
250 176 -8
250 98 8
250 149 18
250 302 8
250 299 -8
251 89 -5
251 74 6
251 33 14
251 214 -5
251 120 7
251 326 -9
251 62 1
251 299 20
251 355 13
251 195 -8
251 325 13
251 226 -2
251 224 -1
251 51 -3
251 258 8
251 130 19
251 352 19
251 200 -1
251 267 2
252 260 10
252 303 8
252 339 12
252 319 14
252 35 17
252 230 10
252 133 -4
252 381 6
252 14 11
252 352 6
252 195 -7
252 348 3
252 334 3
252 167 1
252 5 -5
252 103 -6
252 35 -8
252 168 -5
252 365 2
253 120 4
253 169 -6
253 27 -4
253 205 -3
253 296 -5
253 261 4
253 277 -6
253 221 -8
253 226 3
253 386 7
253 4 -1
253 228 8
253 251 2
253 377 -4
253 73 11
253 232 -2
254 307 1
254 340 -7
254 128 5
254 231 15
254 212 11
254 215 10
254 313 5
254 330 -9
254 376 10
254 200 18
254 288 -1
254 180 17
254 198 9
254 164 -4
254 91 15
254 288 -6
254 153 19
254 21 15
254 352 4
254 338 13
254 57 3
255 128 -8
255 358 -1
255 123 15
255 30 -10
255 202 4
255 80 8
255 236 20
255 310 -9
255 119 4
255 98 11
255 338 -7
255 90 -10
255 118 8
255 211 6
255 358 -4
255 261 -9
255 128 -3
255 118 6
256 4 2
256 168 -7
256 363 -1
256 272 -9
256 305 14
256 181 7
256 105 1
256 353 -7
256 109 18
256 242 -10
256 238 -2
256 60 19
256 296 11
256 111 11
256 245 -6
256 3 12
256 203 9
256 351 5
256 241 -6
256 81 8
256 375 -7
256 128 -9
256 197 -5
256 331 17
256 176 13
256 235 9
257 384 9
257 244 2
257 38 19
257 209 -8
257 285 -8
257 41 -6
257 383 -4
257 75 10
257 145 -6
257 185 18
257 370 20
257 334 -4
257 84 1
257 278 3
257 244 1
257 18 -7
257 81 -8
257 361 3
257 341 7
257 385 17
258 31 -7
258 261 19
258 85 11
258 19 -1
258 296 -2
258 379 11
258 264 9
258 153 1
258 151 9
258 218 -4
258 221 14
258 144 2
258 145 9
258 138 19
258 93 8
258 131 11
258 264 2
258 89 12
258 362 -8
259 288 -4
259 187 -7
259 275 -7
259 41 1
259 89 19
259 388 19
259 41 11
259 207 2
259 310 -2
259 272 11
259 131 13
259 255 1
259 242 15
260 342 15
260 160 13
260 376 2
260 139 -9
260 375 3
260 212 -1
260 263 13
260 120 2
260 319 5
260 152 14
260 376 6
260 122 -8
260 21 12
260 54 13
260 199 19
260 279 4
261 104 17
261 84 -8
261 314 8
261 313 15
261 363 -1
261 195 -6
261 108 9
261 171 16
261 372 8
261 244 -5
261 247 9
261 13 -7
261 212 20
261 5 16
261 203 -2
261 182 17
262 92 -10
262 238 12
262 366 15
262 334 6
262 125 4
262 149 -2
262 386 -2
262 161 11
262 187 13
262 192 6
262 71 18
262 312 4
262 150 -4
262 102 11
262 28 -7
262 205 -8
263 319 2
263 368 13
263 129 -10
263 182 4
263 155 -4
263 204 5
263 317 9
263 220 9
263 216 11
263 364 6
263 317 4
263 325 2
263 289 -5
263 240 2
263 185 9
263 194 9
263 206 -1
263 6 12
263 38 16
263 78 -3
263 25 5
263 275 9
263 139 -5
263 381 17
263 362 -3
264 374 -3
264 281 18
264 123 18
264 103 -1
264 101 -10
264 57 -4
264 343 12
264 29 3
264 234 16
264 64 -4
264 110 -5
265 188 -3
265 349 -3
265 20 -9
265 215 5
265 113 -8
265 378 19
265 87 -3
265 228 3
265 82 3
265 364 20
265 214 17
265 53 -9
266 24 19
266 89 3
266 78 -9
266 5 -4
266 384 18
266 214 -8
266 378 7
266 103 15
266 86 10
266 45 -9
266 258 -6
266 201 1
266 131 -1
266 133 12
266 244 -6
266 136 -4
266 241 4
267 374 -1
267 316 12
267 103 1
267 326 7
267 91 12
267 175 -4
267 149 6
267 130 18
267 150 -8
267 116 15
267 300 -3
267 130 -1
267 331 -2
267 174 -1
267 99 -6
267 167 11
267 9 2
268 78 18
268 106 -5
268 249 17
268 58 -7
268 27 9
268 114 11
268 98 17
268 254 1
268 266 4
268 318 3
268 139 1
268 270 -1
268 346 1
268 255 18
268 20 8
268 231 15
268 176 -3
269 65 3
269 170 1
269 372 -10
269 312 3
269 341 13
269 346 -10
269 62 -1
269 127 -3
269 283 11
269 156 18
269 171 -1
269 149 1
269 12 17
269 298 17
269 263 7
269 183 -5
269 320 -2
269 168 -6
270 124 11
270 141 -4
270 71 6
270 90 -6
270 215 -3
270 47 5
270 53 6
270 18 20
270 319 18
270 153 19
270 154 9
270 269 18
270 1 -7
270 179 6
270 161 -4
270 334 13
271 105 15
271 178 -1
271 286 5
271 12 20
271 105 2
271 165 12
271 19 -1
271 79 6
271 250 12
271 382 14
271 387 -8
271 208 7
272 66 -4
272 192 17
272 31 -2
272 142 17
272 235 2
272 83 -8
272 123 7
272 279 5
272 230 -6
273 329 -3
273 116 -3
273 210 -5
273 277 2
273 250 -5
273 25 4
273 286 10
273 319 -4
273 227 13
273 70 -3
273 172 7
273 309 8
273 137 6
273 148 11
273 370 5
273 376 14
273 180 5
274 237 11
274 273 -5
274 121 8
274 5 9
274 326 -9
274 100 19
274 111 3
274 169 -7
274 84 11
274 266 7
274 56 5
274 169 9
274 169 4
274 217 12
274 67 -10
274 15 20
274 225 4
274 343 14
274 218 -1
274 147 -7
275 344 19
275 194 -7
275 159 -1
275 14 -7
275 169 19
275 289 -10
275 57 6
275 349 16
275 207 11
275 268 13
275 165 -1
275 308 6
275 364 14
275 376 1
275 290 -5
275 259 3
275 128 -8
275 226 -9
276 307 7
276 344 3
276 249 14
276 375 -2
276 145 10
276 330 -1
276 364 11
276 208 6
276 359 7
276 257 20
276 89 1
276 132 12
276 369 -7
276 203 -1
277 242 6
277 379 6
277 7 9
277 157 17
277 178 10
277 260 3
277 278 13
277 362 8
277 102 3
277 285 14
277 296 -3
277 32 -9
277 98 16
277 225 -1
277 134 -10
277 95 -3
277 82 1
277 143 11
277 177 -7
277 169 -6
277 126 19
278 93 -6
278 277 13
278 42 2
278 129 -4
278 86 -4
278 24 20
278 384 12
278 314 12
278 347 14
278 280 16
278 169 -6
278 205 -10
278 19 10
278 8 2
278 180 -7
278 368 -1
278 98 -6
278 243 -8
279 178 -7
279 384 -2
279 78 9
279 251 1
279 14 12
279 177 -10
279 281 -10
279 360 -9
279 306 -7
279 82 9
279 76 8
279 25 -5
279 340 19
279 338 -1
280 18 -4
280 370 2
280 165 1
280 216 -10
280 317 6
280 223 16
280 349 10
280 195 -9
280 360 6
280 322 17
280 62 19
280 366 11
280 163 3
280 27 17
281 154 20
281 41 17
281 365 3
281 339 -5
281 353 3
281 326 18
281 119 -4
281 309 12
281 145 14
281 177 -4
282 50 15
282 188 3
282 166 -10
282 7 -2
282 159 -2
282 199 8
282 140 1
282 339 -9
282 71 2
283 9 7
283 2 9
283 210 -5
283 267 -8
283 100 -10
283 307 -10
283 91 -5
283 317 9
283 234 7
283 225 -3
283 162 15
283 293 -3
283 98 6
284 218 6
284 148 1
284 90 2
284 38 9
284 219 5
284 143 -5
284 159 17
284 166 15
284 89 -10
284 208 -6
284 217 13
284 303 17
284 36 6
284 199 1
284 298 13
285 210 -1
285 146 6
285 276 17
285 116 17
285 157 -6
285 227 7
285 58 15
285 163 19
285 62 -9
286 211 -10
286 320 8
286 63 14
286 194 5
286 111 18
286 248 11
286 156 18
286 225 17
286 262 11
286 166 -7
286 228 18
287 197 1
287 29 2
287 294 8
287 152 1
287 259 -7
287 370 11
287 13 -3
287 21 -3
287 299 -3
287 105 14
287 301 18
287 272 -3
287 62 12
287 7 -8
288 83 15
288 184 4
288 32 16
288 46 6
288 283 -3
288 81 18
288 254 12
288 353 1
288 336 18
288 47 3
288 225 -1
288 2 2
288 51 19
288 42 16
288 289 16
288 316 1
288 237 16
288 134 8
288 156 -8
288 265 3
288 246 -10
288 386 15
288 241 11
288 324 -3
288 292 7
288 339 5
288 140 -9
289 257 -1
289 5 3
289 340 17
289 201 1
289 40 -10
289 255 16
289 229 -4
289 311 17
289 241 14
289 161 3
289 104 -3
289 262 8
289 161 -2
290 296 17
290 317 5
290 162 11
290 19 12
290 228 -2
290 241 -9
290 381 9
290 102 3
290 141 11
290 72 4
290 381 14
290 345 3
290 342 2
290 109 7
290 34 -8
290 14 -8
290 80 1
290 94 5
290 263 7
290 185 20
291 333 15
291 175 18
291 313 -2
291 216 -3
291 130 19
291 138 19
291 154 10
291 4 -7
291 249 -4
291 172 1
291 313 -3
291 253 -1
291 52 -2
292 304 -10
292 12 -5
292 150 13
292 194 6
292 245 13
292 215 18
292 199 16
292 204 -5
292 255 9
292 22 18
292 339 -6
292 67 -10
292 122 -3
292 177 6
292 107 5
292 367 -10
292 317 14
293 316 2
293 49 -1
293 137 19
293 189 17
293 39 -1
293 18 3
293 36 10
293 328 8
293 162 -7
293 304 7
293 22 -7
293 214 -4
294 62 -1
294 385 12
294 274 -9
294 43 17
294 302 6
294 270 -9
294 255 -8
294 209 -3
294 345 9
294 272 2
294 380 16
294 352 8
294 257 13
294 96 5
294 8 11
294 97 -8
294 388 -7
294 309 9
294 273 17
294 229 7
295 18 20
295 168 -7
295 343 20
295 109 -6
295 136 9
295 48 10
295 16 5
295 187 5
295 126 -4
295 122 17
295 215 10
295 122 5
295 43 -3
296 382 -8
296 239 8
296 13 -10
296 345 8
296 232 9
296 103 10
296 285 14
296 262 4
296 79 -5
296 230 -5
296 116 15
296 91 1
296 119 -1
296 173 -6
296 21 12
296 91 -7
296 46 10
296 188 3
296 292 -8
296 247 -2
297 36 -2
297 301 12
297 76 14
297 348 -9
297 347 9
297 384 10
297 45 12
297 73 19
297 332 19
297 332 11
297 284 -9
297 224 14
297 209 10
297 100 5
297 234 1
297 237 4
297 246 7
298 23 19
298 133 18
298 151 -3
298 151 -2
298 56 -10
298 118 16
298 248 8
298 302 -10
298 250 -2
298 11 -7
298 264 -3
298 232 -10
298 63 -9
298 326 -10
298 158 13
298 118 20
298 161 9
299 62 -1
299 146 -1
299 5 16
299 294 3
299 303 -4
299 105 3
299 30 12
299 133 14
299 121 5
299 80 -4
299 212 6
299 114 2
299 255 -6
299 293 4
299 35 -8
299 158 20
299 41 -10
299 90 7
300 327 18
300 64 -1
300 105 2
300 292 -8
300 363 4
300 91 5
300 330 17
300 254 4
300 14 9
300 136 18
300 276 -4
300 385 1
300 191 -6
300 208 13
300 325 2
300 346 2
300 223 -3
301 183 -6
301 162 1
301 16 -5
301 245 -4
301 143 17
301 36 13
301 174 13
301 34 15
301 279 3
301 73 8
301 309 17
301 85 17
301 302 19
301 343 -3
301 151 -10
301 245 1
302 364 4
302 372 -8
302 74 17
302 303 -2
302 144 10
302 5 7
302 190 16
302 42 20
302 106 5
302 206 11
302 75 5
302 328 -4
302 365 16
302 218 13
302 248 9
302 169 -9
302 154 13
302 160 -1
302 121 -7
303 20 -1
303 265 14
303 328 10
303 80 14
303 326 12
303 342 16
303 388 20
303 160 -10
303 243 2
303 202 2
303 40 13
303 114 18
303 34 8
303 31 9
303 104 -10
303 44 12
303 368 -2
303 222 19
303 230 8
303 35 -2
303 141 -5
303 385 18
304 54 12
304 40 12
304 213 3
304 233 -1
304 115 -3
304 362 6
304 187 19
304 223 -4
304 15 -8
304 92 -5
304 58 15
304 341 18
304 80 9
304 90 -4
304 367 9
304 157 -10
304 133 19
304 323 19
304 8 12
304 220 1
304 258 7
304 234 15
304 224 15
305 130 13
305 111 3
305 55 18
305 237 3
305 387 18
305 273 7
305 17 -8
305 56 14
305 310 14
305 147 5
305 130 8
305 183 6
305 334 -6
305 36 16
305 293 19
305 276 8
305 329 20
305 125 18
305 99 10
306 347 18
306 81 2
306 378 16
306 355 12
306 197 19
306 339 20
306 147 9
306 313 -10
306 39 20
306 354 3
306 147 -6
307 56 19
307 275 2
307 330 6
307 141 12
307 304 5
307 273 -7
307 115 -9
307 214 12
307 324 20
307 114 18
307 12 20
307 58 20
307 116 -10
307 333 -9
307 265 9
307 118 -7
307 38 7
307 124 17
307 184 -10
307 99 20
307 350 10
307 166 -1
308 60 3
308 335 -6
308 125 17
308 303 1
308 325 -3
308 302 -3
308 284 19
308 186 -5
308 315 18
308 199 20
308 32 17
308 322 -1
308 341 9
308 363 4
309 38 -2
309 260 7
309 280 12
309 24 -3
309 217 19
309 296 5
309 5 4
309 259 14
309 388 -1
309 343 16
309 66 4
309 160 -2
309 260 9
309 125 -5
310 1 -4
310 175 4
310 38 8
310 37 5
310 14 19
310 160 -1
310 43 8
310 198 18
310 224 17
310 347 -8
310 33 -3
310 334 5
310 185 12
310 49 8
310 16 20
310 271 8
310 261 14
310 5 19
310 16 -7
310 45 17
310 154 14
310 71 11
310 321 5
310 255 10
310 229 -8
311 378 -3
311 287 -9
311 38 13
311 38 -6
311 158 15
311 305 16
311 237 -8
311 259 12
311 179 -9
311 85 -9
311 22 -6
311 128 10
311 167 7
311 66 8
311 77 2
311 84 16
311 258 19
311 38 3
311 133 -5
312 2 -8
312 236 -4
312 267 15
312 222 -7
312 31 10
312 219 12
312 236 -9
312 166 -3
312 316 7
312 356 1
312 162 20
312 67 3
312 140 15
313 49 6
313 60 8
313 74 1
313 249 -4
313 326 -1
313 237 12
313 105 -3
313 279 3
313 332 18
313 100 -3
313 106 14
313 65 -3
313 233 12
313 48 -7
313 253 12
313 351 -10
313 22 -2
313 34 8
313 358 16
313 84 5
313 205 4
314 258 16
314 310 -4
314 232 -8
314 188 -6
314 74 14
314 16 14
314 155 16
314 69 7
314 203 -5
314 358 3
314 9 -7
314 75 19
314 41 3
314 328 1
314 145 19
314 310 11
314 248 13
314 55 14
314 201 13
314 338 1
314 354 20
314 297 5
314 321 12
314 99 9
314 272 -2
315 126 -10
315 196 -7
315 28 13
315 100 10
315 203 18
315 224 14
315 249 11
315 331 6
315 251 13
315 63 -9
315 228 12
315 20 19
315 78 2
315 300 -2
316 85 3
316 275 -7
316 282 19
316 302 -8
316 4 19
316 115 7
316 111 9
316 214 1
316 341 -9
316 128 17
316 308 7
316 378 2
316 312 15
316 9 19
316 35 18
317 188 17
317 16 5
317 219 14
317 250 -3
317 382 10
317 117 6
317 381 2
317 65 4
317 134 -2
317 20 16
317 8 7
317 278 5
318 186 -2
318 276 -2
318 16 -9
318 310 -6
318 1 -10
318 262 -9
318 370 7
318 367 16
318 257 14
318 269 1
318 299 -8
318 351 2
318 73 -4
318 226 20
318 210 9
318 148 13
318 321 20
319 102 19
319 277 4
319 73 1
319 251 -4
319 194 10
319 194 -7
319 263 1
319 309 -7
319 194 16
319 101 14
319 30 -6
319 365 7
319 144 -1
319 28 20
319 355 7
319 217 20
319 311 4
320 14 18
320 14 8
320 279 -6
320 326 20
320 179 -3
320 128 14
320 266 18
320 303 -6
320 201 -8
321 315 20
321 109 7
321 352 -5
321 343 -1
321 121 20
321 164 14
321 349 16
321 102 20
321 140 -6
321 11 18
321 83 12
321 295 8
321 357 -2
321 335 -6
321 194 7
321 171 -10
321 33 3
321 329 5
322 259 3
322 216 8
322 349 -2
322 258 -9
322 118 5
322 264 14
322 121 1
322 78 15
322 218 12
322 357 2
322 183 -3
322 132 16
323 5 8
323 156 -8
323 240 -6
323 288 -9
323 245 19
323 380 -3
323 147 -1
323 210 9
323 295 -5
323 124 -2
323 14 15
323 274 -7
323 281 14
323 137 -2
324 142 4
324 70 7
324 42 13
324 219 -6
324 66 -4
324 381 -10
324 197 -6
324 205 9
324 261 5
324 246 2
324 185 1
324 339 -10
324 244 19
324 25 -1
324 319 17
324 52 18
324 256 -2
324 30 12
324 265 1
324 152 -2
324 4 2
325 72 18
325 330 12
325 320 -2
325 318 16
325 75 -10
325 315 -6
325 146 16
325 206 -3
325 5 -9
325 312 1
325 376 2
325 229 9
325 194 -6
325 169 1
325 342 18
325 286 1
325 272 18
325 378 7
325 374 11
325 98 13
325 156 16
325 80 -8
325 210 5
326 351 -3
326 220 12
326 104 4
326 148 9
326 289 -6
326 119 16
326 243 20
326 240 19
326 140 -5
326 41 11
326 134 -10
326 151 12
326 258 6
326 378 19
326 240 20
326 296 1
326 332 7
326 61 7
326 74 12
326 7 -1
326 95 6
326 115 -6
327 31 12
327 1 -2
327 41 20
327 123 -1
327 129 2
327 85 6
327 274 -8
327 332 18
327 148 -3
327 103 -4
327 11 12
327 128 1
327 12 18
327 156 3
327 120 7
327 385 14
327 45 -10
327 356 -6
328 37 -7
328 181 16
328 43 -10
328 82 10
328 42 -5
328 176 -3
328 150 -2
328 375 12
328 312 -2
328 303 -3
328 358 -7
328 213 13
328 195 -7
328 247 -9
328 87 13
328 157 17
328 81 -10
328 133 11
328 114 20
329 116 10
329 81 -6
329 147 -3
329 137 4
329 344 20
329 293 -3
329 175 11
329 276 18
329 321 -7
329 308 -2
329 253 19
329 28 -9
329 32 -5
329 112 7
329 230 -10
329 112 14
330 281 1
330 228 17
330 126 -1
330 72 11
330 63 18
330 231 1
330 266 16
330 371 -1
330 8 -3
330 13 10
330 8 -7
330 324 9
330 127 1
330 52 18
330 29 17
330 101 12
330 177 2
330 238 11
331 352 14
331 176 6
331 15 9
331 222 -6
331 194 -1
331 201 16
331 87 2
331 349 -6
331 136 9
331 96 -7
331 175 20
331 33 -5
332 45 18
332 219 2
332 178 1
332 280 6
332 211 17
332 44 11
332 187 17
332 327 -4
332 285 4
332 349 17
332 325 1
332 10 17
332 225 12
332 151 -10
332 386 -3
332 194 -9
333 258 4
333 136 16
333 81 7
333 308 13
333 304 -7
333 87 2
333 193 19
333 138 19
333 171 -10
333 285 8
333 320 -7
333 383 12
333 155 15
333 309 18
333 336 11
334 280 9
334 278 -2
334 365 17
334 308 -4
334 357 4
334 194 2
334 184 19
334 120 2
334 64 18
334 30 16
334 135 -1
334 57 -1
334 223 12
334 50 -10
334 280 -2
335 317 4
335 256 2
335 359 15
335 361 5
335 29 9
335 182 -1
335 320 11
335 188 1
335 327 16
335 362 1
335 280 -10
335 204 3
335 152 6
335 8 10
335 307 13
336 220 10
336 64 20
336 323 16
336 65 13
336 271 18
336 84 18
336 196 9
336 19 2
336 83 -3
336 357 13
336 212 15
336 202 20
336 332 -6
336 77 -9
336 152 18
336 261 2
336 156 11
337 313 13
337 204 -5
337 286 5
337 177 18
337 1 19
337 195 16
337 211 20
337 161 -3
337 141 -2
337 28 13
337 66 17
337 283 9
337 242 11
337 326 -7
337 78 -1
337 292 -2
337 180 18
337 247 8
338 331 10
338 135 7
338 343 -4
338 207 -8
338 357 11
338 289 -6
338 11 14
338 142 -1
338 98 15
338 276 20
338 106 -1
338 240 19
338 296 -3
339 21 2
339 121 8
339 221 16
339 86 -4
339 283 8
339 159 -1
339 262 2
339 204 4
339 307 2
339 246 12
339 283 5
340 257 4
340 266 20
340 130 -9
340 253 10
340 1 -5
340 86 4
340 360 17
340 366 -10
340 93 -5
340 298 7
340 344 6
340 302 -2
340 191 7
340 276 -9
340 185 11
341 113 12
341 301 14
341 180 1
341 267 -9
341 111 -3
341 17 1
341 67 18
341 125 14
341 73 -1
341 325 5
341 102 -10
341 188 -8
341 111 -6
341 367 11
341 377 13
341 22 1
342 302 -9
342 212 20
342 150 -4
342 363 6
342 319 20
342 300 6
342 207 8
342 95 3
342 126 18
342 1 -8
342 332 1
342 374 -9
342 13 4
342 102 5
342 315 5
342 33 9
342 359 5
342 245 18
342 322 2
342 13 15
342 83 -8
343 202 -6
343 159 16
343 151 8
343 26 10
343 84 -2
343 10 19
343 222 -5
343 278 -10
343 20 -9
343 385 15
343 319 10
343 125 9
343 56 3
343 181 6
343 348 16
343 1 16
343 375 9
344 354 14
344 281 -6
344 193 1
344 120 1
344 78 -4
344 220 18
344 40 14
344 384 -9
345 194 -3
345 271 20
345 81 -9
345 32 11
345 194 16
345 278 19
345 195 18
345 291 -4
345 371 -9
345 74 8
345 256 1
345 213 -2
345 42 19
345 360 -2
345 316 6
345 339 2
345 246 -9
345 270 3
345 105 9
345 156 -8
345 97 6
345 311 -7
345 36 17
345 174 -6
345 292 -3
346 199 -7
346 272 19
346 317 8
346 89 -9
346 241 20
346 357 -2
346 154 7
346 300 -1
346 171 -2
346 147 9
346 320 6
347 126 17
347 39 8
347 73 -8
347 233 9
347 29 8
347 354 3
347 8 3
347 85 17
347 319 -3
347 58 -9
347 89 -4
347 4 4
348 175 20
348 231 16
348 264 9
348 146 20
348 232 1
348 77 18
348 61 1
348 327 2
348 113 12
348 340 20
348 8 3
348 42 1
348 67 8
348 35 10
348 16 -9
348 278 -8
349 385 6
349 158 3
349 5 -10
349 37 6
349 139 -4
349 194 -1
349 372 6
349 256 -4
349 268 -8
349 227 -1
349 74 18
349 222 19
349 343 -5
349 216 8
350 119 -7
350 50 -9
350 235 6
350 84 2
350 357 1
350 280 7
350 298 6
350 362 -7
350 328 13
350 187 -5
350 46 20
350 10 18
350 190 -10
350 171 -3
350 40 -10
350 273 15
350 285 -7
350 13 -7
350 50 2
350 18 20
351 65 -3
351 76 9
351 67 -8
351 73 -8
351 57 -6
351 290 -10
351 133 2
351 388 -4
351 206 4
351 155 18
351 89 17
351 159 -5
351 308 14
351 136 12
351 207 8
351 254 19
351 138 -3
351 178 4
351 133 -3
352 157 13
352 257 6
352 89 19
352 155 9
352 262 19
352 255 -2
352 287 4
352 209 -1
352 303 1
352 385 -4
352 59 13
352 186 -9
352 337 10
352 258 18
352 97 6
352 274 17
352 102 3
352 316 6
352 164 16
352 53 20
352 23 19
353 23 7
353 306 11
353 377 3
353 254 6
353 255 16
353 292 8
353 385 5
353 20 -8
353 131 -4
353 269 11
354 19 13
354 148 3
354 276 13
354 377 12
354 259 4
354 257 2
354 61 2
354 83 12
354 115 -8
354 204 6
354 94 20
354 17 -7
354 45 1
354 29 1
355 79 20
355 103 -10
355 363 19
355 139 -7
355 135 -6
355 207 1
355 216 4
355 252 4
355 59 -1
355 310 4
355 125 10
355 61 13
355 119 8
356 38 16
356 274 -1
356 192 -4
356 364 17
356 192 16
356 99 12
356 304 13
356 115 5
356 207 1
356 89 12
356 129 1
356 257 9
356 125 -7
356 89 15
356 247 -1
356 295 -2
356 64 18
357 113 13
357 53 11
357 248 -7
357 108 -4
357 162 9
357 119 -3
357 32 15
357 361 -7
357 359 -4
357 250 11
357 378 -6
357 5 9
357 84 14
357 188 2
357 237 9
357 188 8
357 67 11
357 318 20
357 79 11
357 164 10
357 63 -7
358 264 9
358 238 17
358 315 8
358 369 16
358 205 14
358 238 15
358 149 4
358 189 3
358 23 6
358 81 6
358 348 14
358 38 18
359 158 -3
359 275 -7
359 145 -9
359 337 -8
359 308 2
359 385 13
359 11 1
359 288 -2
359 71 1
359 212 2
359 252 3
359 304 -6
359 195 14
360 59 -2
360 183 15
360 277 -10
360 238 -10
360 40 12
360 285 -1
360 98 18
360 110 1
360 120 3
360 362 8
360 53 14
360 314 -7
360 74 -5
361 210 17
361 65 14
361 168 -4
361 194 8
361 4 7
361 292 1
361 281 2
361 276 -10
361 17 -1
361 112 4
361 346 -10
362 135 10
362 104 11
362 202 12
362 378 17
362 24 1
362 61 7
362 163 18
362 46 4
362 172 -1
362 65 20
362 195 17
362 189 -6
362 110 -10
362 358 -9
362 316 -2
362 191 -4
362 46 2
362 320 17
362 339 -7
362 113 8
362 123 -8
362 177 -9
362 78 -10
363 166 -10
363 265 19
363 238 13
363 325 8
363 125 14
363 291 -8
363 366 5
363 82 5
363 83 -5
363 128 2
363 349 -1
363 300 8
363 84 -10
363 375 15
363 140 15
363 146 15
363 62 12
363 56 12
363 64 12
363 231 14
363 150 20
363 253 7
363 22 5
363 242 20
363 101 -2
363 4 6
363 233 -10
364 22 -10
364 11 19
364 343 14
364 256 -10
364 123 8
364 111 15
364 116 4
364 76 -5
364 336 15
365 173 15
365 342 8
365 24 2
365 265 -8
365 351 4
365 141 14
365 141 4
365 98 19
365 205 -10
365 15 -5
365 200 14
365 245 -7
365 374 -9
365 237 8
365 167 -1
365 159 6
366 92 -1
366 381 5
366 231 8
366 312 1
366 248 -1
366 87 5
366 34 18
366 6 11
366 240 -7
366 370 5
366 153 -9
366 209 6
366 193 18
366 191 19
366 51 -4
366 329 -8
366 331 -5
367 199 19
367 272 17
367 91 3
367 51 2
367 60 11
367 284 -8
367 177 11
367 55 2
367 326 -7
367 210 20
367 41 1
367 155 3
367 334 2
367 249 14
367 133 16
367 267 -7
368 198 14
368 233 19
368 335 2
368 199 -1
368 268 16
368 194 18
368 51 18
368 375 -6
368 79 6
368 244 5
368 288 15
368 278 15
368 173 -1
368 33 8
369 201 3
369 221 2
369 134 8
369 217 16
369 26 3
369 97 -7
369 350 -7
369 348 1
369 135 -1
369 380 -9
369 355 9
369 297 19
369 109 15
369 47 6
370 187 16
370 266 15
370 19 -4
370 80 2
370 3 -5
370 112 7
370 278 -8
370 40 -6
370 267 3
370 100 -9
370 354 19
370 253 12
370 201 -1
370 244 -3
370 359 -4
370 141 -2
370 84 17
370 112 6
370 237 17
371 166 4
371 189 5
371 250 6
371 163 1
371 354 15
371 56 -3
371 143 -1
371 1 9
371 322 16
371 111 7
371 156 -8
371 254 10
372 5 -10
372 370 -3
372 250 -6
372 32 3
372 253 -3
372 320 9
372 353 3
372 297 -1
372 272 6
372 134 6
372 63 18
373 158 17
373 305 6
373 12 5
373 144 1
373 298 -10
373 47 7
373 226 15
373 312 -7
373 141 16
373 40 14
373 176 7
373 210 19
373 270 7
373 173 -7
373 235 -1
374 271 -6
374 332 -10
374 304 3
374 10 -6
374 267 12
374 158 8
374 338 -6
374 52 -7
374 342 7
374 169 14
374 136 -9
374 98 16
374 115 -3
374 304 -2
375 30 -3
375 70 18
375 9 4
375 256 -5
375 329 4
375 359 1
375 349 -3
375 27 11
375 252 -1
375 298 -6
375 373 19
376 117 12
376 382 -5
376 365 9
376 61 14
376 306 9
376 131 15
376 170 18
376 283 8
376 40 -5
376 152 -4
376 234 5
376 107 16
376 30 16
376 371 6
376 102 -6
376 68 -10
376 247 -5
376 285 6
377 350 -2
377 149 1
377 346 12
377 241 15
377 172 -4
377 154 7
377 355 19
377 146 4
377 157 18
377 152 4
377 291 11
377 262 -9
377 64 15
377 223 6
377 78 -10
377 375 8
377 98 4
377 215 -5
377 355 -6
377 342 -1
377 45 -2
377 42 9
378 46 6
378 388 -9
378 206 20
378 295 -4
378 289 3
378 264 16
378 348 3
378 359 -5
378 104 8
378 107 10
378 355 -3
378 328 4
378 111 17
378 55 1
378 178 13
378 72 17
378 289 1
378 97 12
379 206 4
379 187 11
379 128 3
379 341 13
379 313 1
379 236 2
379 231 2
379 84 -4
379 339 3
379 163 4
379 268 17
379 318 -10
379 274 -10
379 124 12
379 165 1
379 254 -5
379 98 13
379 140 1
379 302 12
379 329 13
380 86 6
380 274 20
380 255 14
380 301 -10
380 229 4
380 42 -3
380 66 15
380 153 13
380 55 19
380 258 10
380 228 20
380 331 -2
380 367 2
380 203 -3
380 303 -4
380 290 2
381 110 10
381 281 15
381 322 16
381 311 8
381 108 11
381 94 11
381 199 -8
381 51 2
381 234 1
381 183 8
381 190 2
381 353 11
381 3 3
381 217 19
381 199 2
381 113 -2
381 307 8
381 122 11
381 132 1
382 30 -4
382 321 9
382 141 4
382 377 5
382 14 6
382 380 15
382 299 6
382 299 5
382 346 -4
382 166 17
382 242 18
382 20 8
382 286 -8
382 196 20
382 223 -10
382 55 6
382 154 20
382 308 12
382 144 12
382 157 -5
383 209 10
383 382 5
383 21 -2
383 93 18
383 332 17
383 64 11
383 52 -6
383 169 3
384 387 -9
384 366 11
384 154 17
384 109 4
384 359 1
384 319 -10
384 24 8
384 243 3
384 375 6
384 350 2
384 151 20
384 94 -6
384 192 -5
384 109 4
384 59 -6
384 359 15
385 41 -9
385 50 -2
385 200 -8
385 110 11
385 113 5
385 312 15
385 120 -5
385 184 9
385 181 -4
385 23 7
386 33 14
386 118 1
386 226 12
386 268 -10
386 327 20
386 16 12
386 41 -9
386 348 2
387 146 6
387 251 -4
387 322 7
387 117 3
387 146 -10
387 79 1
387 260 -4
388 368 10
388 298 18
388 122 -1
388 98 9
388 343 1
