424 5421
1 184 -5
1 131 -3
1 15 15
1 42 -10
1 90 10
1 95 7
1 213 -6
1 365 16
1 339 -1
1 131 9
2 105 -7
2 34 -10
2 255 19
2 67 1
2 312 6
2 346 4
2 321 13
2 266 -5
3 143 11
3 97 14
3 251 -3
3 191 -8
3 167 13
3 193 10
3 96 -10
3 208 7
3 338 19
3 264 -10
4 335 9
4 166 9
4 54 -2
4 381 16
4 43 8
4 270 11
4 77 -4
4 96 19
4 39 14
4 89 -10
4 140 2
4 257 9
4 106 8
4 312 -9
4 313 2
5 276 3
5 390 -5
5 226 -3
5 174 1
5 282 -10
5 53 3
6 421 3
6 102 -5
6 170 2
6 253 -9
6 69 19
6 146 18
6 422 4
6 27 -3
6 14 11
6 127 15
6 365 14
6 362 -7
6 58 6
6 115 17
6 96 5
6 199 5
7 376 20
7 98 4
7 328 15
7 79 -4
7 40 -3
7 274 -6
7 10 17
7 2 -4
7 62 15
7 281 -8
7 158 14
7 402 15
7 383 -9
8 89 -10
8 172 -5
8 159 -9
8 347 19
8 62 18
8 386 13
8 258 20
8 342 -2
8 239 -10
9 371 14
9 218 14
9 84 11
9 31 18
9 79 19
9 317 6
9 179 7
9 365 16
9 284 18
9 359 -2
9 24 -2
9 70 8
9 7 7
9 334 6
9 236 20
9 150 -5
10 388 -7
10 115 -5
10 246 3
10 346 20
10 398 6
10 198 -1
10 40 13
10 158 5
10 325 4
10 408 2
10 65 6
10 186 1
10 39 7
11 258 -3
11 35 10
11 294 14
11 150 -7
11 296 16
12 195 -1
12 54 4
12 225 18
12 267 -4
12 291 17
12 21 2
12 222 5
12 175 15
12 333 -1
12 136 11
12 183 -7
12 235 11
12 227 -6
12 358 -7
12 45 6
13 161 7
13 373 -2
13 53 20
13 369 4
13 290 3
13 110 -7
13 258 -6
13 417 1
13 224 17
14 33 1
14 34 15
14 70 -6
14 143 -9
14 49 13
14 104 7
14 189 -3
14 110 9
14 69 16
14 173 8
14 350 -3
14 110 -7
15 62 3
15 103 6
15 408 2
15 48 20
15 63 19
15 232 -8
15 11 14
15 301 17
15 134 -3
15 50 -3
15 159 -8
15 31 5
15 153 7
15 319 11
15 201 18
15 135 18
16 9 19
16 41 -8
16 197 9
16 312 -6
16 165 -8
16 62 11
17 374 -6
17 412 11
17 422 11
17 192 -6
17 291 14
17 89 -1
17 273 -8
17 20 3
17 286 -7
17 55 7
17 163 2
17 51 -9
17 216 16
17 271 -9
17 53 -1
17 39 1
17 328 -9
17 275 17
17 335 -10
18 79 16
18 167 18
18 50 -6
18 111 -5
18 400 5
18 229 15
18 4 19
18 301 8
18 156 4
19 250 18
19 16 14
19 20 -2
19 302 4
19 84 -6
19 221 7
19 107 -6
19 358 -6
19 124 -7
20 41 9
20 395 8
20 130 -9
20 190 9
20 135 12
20 153 12
20 331 16
20 130 -5
20 138 -5
20 342 20
21 245 20
21 200 -6
21 245 20
21 124 -9
21 305 9
21 217 -3
21 210 14
21 320 -10
21 239 1
21 35 9
21 36 -5
21 92 17
21 230 3
22 417 -7
22 27 11
22 16 20
22 79 -7
22 31 14
22 276 -8
22 37 15
22 20 14
22 179 16
22 146 10
22 384 19
22 8 -7
22 308 -2
22 37 4
22 193 12
22 88 5
23 221 7
23 131 -2
23 96 15
23 134 -5
23 157 1
23 357 -1
24 282 17
24 67 -4
24 336 17
24 198 18
24 178 11
24 144 8
24 106 -10
24 13 -8
24 49 20
24 31 15
24 164 -7
25 218 11
25 187 4
25 413 8
25 267 5
25 227 2
25 71 12
25 366 -3
25 202 20
25 52 3
25 38 2
25 71 20
25 175 14
25 244 14
25 343 -4
25 277 -6
25 110 5
26 58 11
26 400 7
26 75 -4
26 163 4
26 3 8
26 363 -6
26 11 -1
26 283 20
26 11 12
26 207 5
26 23 3
26 335 17
27 412 2
27 17 14
27 75 4
27 15 20
27 101 -1
27 151 7
27 325 -8
27 147 11
27 176 13
27 391 -2
27 286 9
27 274 -1
27 339 5
28 227 14
28 371 11
28 77 15
28 18 3
28 372 2
28 130 -1
28 309 16
28 370 -8
28 326 15
28 202 15
28 142 8
28 194 -7
28 417 3
28 43 -7
28 231 3
28 291 13
28 211 -8
28 287 13
28 383 2
28 35 1
28 207 20
28 104 3
28 7 -5
28 26 19
29 397 9
29 87 10
29 168 1
29 294 11
29 91 3
29 338 -2
29 199 6
29 188 -9
30 360 -3
30 339 7
30 208 1
30 135 19
30 343 20
30 26 2
30 102 2
30 61 19
30 383 -10
31 347 4
31 70 14
31 162 12
31 178 -8
31 188 -1
31 114 20
31 163 -6
31 418 11
31 344 12
31 187 14
31 81 1
31 152 15
31 6 -9
31 319 -4
31 217 -2
31 379 -6
31 111 7
32 353 1
32 99 15
32 228 11
32 155 -3
32 207 8
32 191 8
32 348 -3
32 417 4
32 42 14
32 7 16
32 385 -8
32 370 2
33 273 4
33 284 17
33 227 8
33 242 5
33 287 17
33 50 4
33 394 9
33 60 8
33 119 -5
33 351 -1
33 20 15
34 349 -1
34 124 -6
34 398 12
34 232 10
34 132 -9
34 385 15
34 202 4
34 215 14
34 351 13
34 325 16
34 332 3
34 388 14
34 334 14
34 140 2
34 97 -2
34 138 -1
34 383 1
34 276 8
34 314 4
34 12 -9
35 19 3
35 242 -5
35 124 -4
35 289 16
35 108 -6
35 330 20
35 144 2
35 131 -5
35 139 -7
35 165 12
35 198 14
35 217 -9
35 250 11
35 127 5
36 258 -6
36 141 16
36 275 11
36 207 7
36 148 -1
36 42 10
36 380 -5
36 208 -10
37 137 -1
37 363 -8
37 273 7
37 90 12
37 359 14
37 65 2
37 126 1
37 325 -2
37 408 8
37 91 -1
37 420 5
38 289 -7
38 36 15
38 158 17
38 135 14
38 58 6
38 359 -9
38 369 9
38 212 13
38 390 -10
38 373 3
38 284 7
38 49 -6
38 152 18
38 273 -1
38 152 -6
39 264 -10
39 16 -3
39 247 -2
39 268 5
39 154 5
39 5 16
39 323 -10
39 65 19
39 243 11
39 339 5
39 194 14
39 129 8
39 141 1
39 172 -6
40 413 -3
40 289 15
40 96 7
40 403 7
40 246 -10
40 6 17
40 278 16
40 339 14
40 271 16
40 291 4
40 381 9
40 290 8
41 214 12
41 361 -9
41 185 -1
41 51 9
41 264 -3
41 22 17
41 257 20
42 82 20
42 350 4
42 16 15
42 86 -1
42 52 16
42 351 10
42 341 2
43 350 9
43 280 -8
43 143 9
43 79 13
43 395 -3
43 98 -9
43 333 4
43 261 13
43 223 -7
43 177 -2
43 35 2
43 274 11
43 58 6
43 171 8
43 17 9
44 377 -2
44 311 10
44 297 5
44 365 11
44 107 13
44 364 -2
44 390 -7
44 204 -10
44 210 -7
44 367 -2
45 129 13
45 3 20
45 13 -4
45 20 -1
45 117 19
45 187 5
45 299 -9
45 119 6
45 265 5
45 248 20
45 81 2
45 49 20
45 152 -2
45 293 8
46 172 7
46 194 14
46 83 -7
46 121 8
46 340 2
46 245 4
46 423 12
46 108 -4
46 392 16
46 359 3
46 108 -9
46 306 -8
47 42 -8
47 215 15
47 313 2
47 122 9
47 254 -10
47 300 -1
47 336 -1
47 412 -10
47 299 6
47 180 -2
47 377 -5
47 296 -9
47 142 16
47 359 -4
47 101 8
47 186 -6
48 343 17
48 350 -8
48 138 -7
48 417 11
48 4 16
48 418 14
48 413 16
48 376 -1
48 265 20
48 60 -2
48 186 2
48 142 -1
48 90 15
48 378 -8
48 6 -7
48 113 14
48 169 17
48 74 20
48 243 17
49 249 -6
49 90 15
49 54 -9
49 151 -6
49 235 -4
49 185 16
49 321 18
49 205 -6
49 360 -1
49 339 11
49 62 10
49 20 10
49 282 20
49 403 8
50 338 13
50 167 4
50 359 16
50 269 16
50 299 -4
50 250 11
50 312 -8
50 45 -7
50 253 18
50 146 20
50 345 10
50 274 14
50 189 2
51 109 20
51 180 12
51 91 2
51 385 -2
51 144 -10
51 232 1
51 252 16
51 38 17
51 143 13
51 356 10
51 258 14
51 171 14
51 385 19
52 405 12
52 275 11
52 383 11
52 364 20
52 385 4
52 59 9
52 306 -3
52 25 12
52 163 4
52 32 -2
52 237 -6
52 71 18
52 75 -9
52 396 -10
52 62 1
52 156 11
52 363 -2
52 323 -2
52 349 19
52 96 12
52 189 11
52 34 17
53 58 2
53 204 15
53 150 -4
53 383 19
53 166 3
53 90 -10
53 80 1
53 34 19
53 149 -9
53 186 -6
53 204 -1
53 299 6
54 419 10
54 308 20
54 353 10
54 360 16
54 279 -8
54 318 10
54 26 5
54 324 -5
54 379 18
54 415 1
54 123 9
54 49 -3
55 23 -2
55 224 -7
55 2 -4
55 193 -5
55 278 17
55 222 19
55 227 15
55 176 15
55 79 18
55 226 -4
55 102 9
55 218 16
55 163 5
55 198 12
55 190 11
55 184 20
55 404 8
55 2 -8
55 364 -5
56 27 -5
56 382 -3
56 77 3
56 297 19
56 369 5
56 41 18
56 46 -8
56 410 10
56 99 20
56 286 20
56 347 14
56 232 -4
56 382 19
56 410 -7
57 295 16
57 51 10
57 400 1
57 267 -4
57 128 15
57 324 1
57 106 20
57 130 -10
57 327 14
57 350 -6
57 44 6
57 124 6
57 165 -9
57 195 20
57 306 6
58 28 7
58 35 -8
58 272 9
58 256 17
58 384 -9
58 346 16
58 77 -3
58 160 -5
58 235 -7
58 257 14
58 404 -8
58 327 -4
58 343 11
58 221 11
58 157 -3
58 150 -8
58 82 10
58 116 16
59 314 -3
59 200 18
59 195 14
59 25 -9
59 174 -2
59 141 -4
59 133 15
59 268 6
59 26 3
59 338 14
59 262 19
59 23 -10
59 82 15
59 181 12
59 300 11
59 345 16
59 307 8
60 200 12
60 190 11
60 304 10
60 121 -6
60 411 -10
60 281 3
60 401 9
60 54 10
60 147 7
60 198 2
60 175 11
60 388 6
60 107 19
60 382 12
60 386 6
61 148 -1
61 413 -9
61 74 19
61 3 10
61 184 -9
61 301 15
61 133 -10
61 148 8
61 131 14
61 152 6
61 423 8
61 183 19
61 153 13
61 87 -9
61 149 5
62 58 9
62 251 6
62 369 2
62 28 5
62 361 6
62 48 17
62 258 17
62 124 1
63 346 10
63 338 3
63 8 -8
63 412 -8
63 132 9
63 59 4
63 282 4
63 19 12
63 92 15
63 407 9
63 91 11
63 180 9
63 308 19
63 305 -5
64 291 5
64 134 10
64 318 9
64 316 20
64 82 13
64 136 3
64 375 17
64 298 13
64 380 6
64 373 14
64 8 -8
64 59 6
64 344 17
64 391 7
64 182 8
64 216 3
64 290 3
64 197 8
65 185 4
65 84 -2
65 180 18
65 46 5
65 141 15
65 302 10
65 419 1
65 48 2
65 329 18
65 168 12
65 344 2
66 31 -6
66 172 5
66 304 8
66 79 18
66 423 10
66 189 16
66 376 8
66 42 10
66 390 11
66 260 -10
66 271 18
66 289 18
66 317 -1
66 259 15
66 380 15
67 328 9
67 53 -3
67 149 -4
67 118 -2
67 318 -1
67 413 19
67 189 14
67 211 13
67 101 10
67 412 -4
67 196 -6
67 294 20
67 76 -6
68 401 -8
68 355 14
68 172 1
68 163 -6
68 148 -3
68 218 17
68 34 3
69 5 -3
69 96 17
69 366 13
69 231 -4
69 423 19
69 133 19
69 252 8
69 411 14
69 110 8
69 81 19
69 358 14
69 48 -9
69 16 6
69 332 10
69 384 -4
69 388 15
70 286 -3
70 407 -10
70 372 2
70 341 4
70 361 4
70 293 5
70 144 -7
70 74 -1
70 178 7
70 412 17
70 275 -5
70 209 13
70 415 5
70 295 2
70 322 12
70 219 -8
71 188 9
71 143 10
71 415 -2
71 180 14
71 288 14
71 362 1
71 107 8
71 337 12
71 376 7
71 168 15
71 225 6
71 252 -8
72 182 9
72 278 11
72 26 8
72 355 -5
72 136 14
72 267 9
72 150 -4
72 182 -5
72 125 18
72 302 1
72 80 1
72 272 14
72 51 15
73 2 17
73 420 14
73 43 -3
73 221 6
73 316 7
73 369 11
73 85 19
73 224 20
73 114 6
73 303 1
73 229 -3
74 406 4
74 352 4
74 197 -10
74 249 -4
74 258 3
74 5 13
74 182 18
74 356 20
74 11 18
74 169 7
74 404 3
74 408 8
74 220 1
75 309 16
75 238 6
75 106 -2
75 158 17
75 287 7
75 413 -9
75 221 6
75 393 15
75 160 17
75 186 12
75 235 -2
75 172 16
75 157 15
75 305 15
76 189 7
76 141 4
76 118 13
76 284 4
76 284 11
76 365 16
76 334 -4
76 10 1
76 80 -10
76 292 -9
76 252 -4
76 73 7
76 13 10
76 127 9
76 273 20
76 93 10
77 204 19
77 305 19
77 173 8
77 370 19
77 188 11
77 27 14
77 393 -5
77 211 -1
77 207 -9
77 371 -1
77 312 -5
77 171 -3
77 318 20
78 233 -6
78 422 18
78 175 -8
78 17 20
78 401 20
78 362 -5
78 347 15
78 100 4
78 23 18
78 188 -6
78 388 -9
78 421 14
78 235 -4
78 84 19
78 190 7
78 87 -8
78 105 4
79 134 6
79 227 -9
79 99 -7
79 212 8
79 95 1
79 138 3
79 85 2
79 230 20
79 419 7
80 197 -7
80 404 -4
80 252 -3
80 89 5
80 264 -2
80 305 14
80 9 12
80 27 -3
80 351 1
80 185 8
80 343 -4
80 90 -1
80 350 -4
80 204 14
81 26 17
81 31 4
81 126 6
81 331 19
81 410 -8
81 158 4
81 131 9
81 412 15
81 224 1
81 38 3
81 157 7
81 228 19
81 151 -6
81 377 -4
81 284 -7
82 208 7
82 56 12
82 251 -1
82 151 -10
82 226 -6
82 236 -10
82 184 16
82 186 16
82 302 -7
82 119 6
82 199 4
82 99 8
82 215 9
82 323 -9
82 195 19
82 299 14
82 416 -10
82 299 1
82 363 -5
83 20 2
83 19 -3
83 224 -6
83 409 14
83 225 7
83 190 9
83 274 17
83 91 4
83 349 -1
83 288 6
83 82 3
83 366 10
83 85 3
83 227 14
83 382 2
83 311 -2
84 17 9
84 413 7
84 270 17
84 209 -3
84 6 6
84 120 -8
84 302 12
84 344 16
84 301 -5
84 321 20
84 401 3
84 63 13
84 297 9
84 246 -1
84 264 8
84 174 5
85 284 -6
85 90 13
85 330 -6
85 339 12
85 166 15
85 167 -5
85 17 1
85 292 13
85 234 3
85 77 7
85 217 17
85 357 -10
85 318 -10
85 237 15
86 330 -7
86 30 -8
86 68 13
86 319 1
86 307 -8
86 30 8
86 340 1
86 55 -4
86 355 17
86 127 20
86 26 14
86 244 -1
86 95 -4
86 141 2
86 334 -2
87 330 -9
87 138 -4
87 361 8
87 77 16
87 160 -1
87 335 12
87 336 3
87 104 9
87 310 -9
87 302 -2
88 175 -4
88 276 13
88 411 3
88 93 4
88 102 -9
88 209 5
88 210 14
88 370 4
88 225 -7
88 57 13
88 84 10
88 260 4
88 415 17
88 406 9
88 378 7
89 54 2
89 261 9
89 365 7
89 202 -5
89 315 2
89 291 8
89 198 7
89 92 15
89 281 -3
89 59 8
89 217 -8
89 386 9
89 69 -3
89 394 12
89 410 11
89 181 -10
89 119 -7
90 235 14
90 144 -7
90 135 13
90 259 5
90 117 6
90 80 11
90 52 -4
90 125 5
90 178 -8
90 85 2
91 257 3
91 129 16
91 243 -3
91 4 10
91 317 7
91 232 -8
91 92 -2
91 304 8
91 12 -9
91 344 3
91 250 20
91 330 -10
91 385 14
91 10 12
91 235 -1
92 306 18
92 347 19
92 406 11
92 164 -3
92 203 16
92 47 9
92 238 -5
92 399 13
92 161 -10
92 127 15
92 86 -2
92 153 7
92 174 11
93 35 -1
93 105 -1
93 310 15
93 134 2
93 88 -4
93 73 -5
93 35 17
93 420 -7
93 44 18
93 337 18
94 419 11
94 87 -2
94 288 8
94 52 -1
94 223 11
94 334 -2
94 288 -3
94 267 -2
94 293 -1
94 45 19
94 384 -8
94 245 7
94 220 13
95 162 13
95 373 2
95 310 3
95 268 15
95 172 20
95 375 -10
95 301 14
95 7 19
95 411 12
95 43 11
95 355 6
95 367 16
95 179 18
95 197 -2
95 280 -4
96 239 5
96 339 7
96 97 10
96 189 7
96 392 -8
96 228 -5
96 95 8
96 376 -2
96 389 20
96 306 13
96 122 8
97 283 13
97 291 -5
97 32 -7
97 280 -6
97 216 1
97 133 10
97 360 5
97 405 9
97 404 6
97 327 10
97 345 9
97 201 2
97 251 -4
97 196 7
97 197 6
97 188 11
97 21 -1
97 59 10
98 196 -4
98 46 5
98 380 -10
98 400 4
98 313 -1
98 424 11
98 410 3
98 264 -1
98 383 17
98 356 9
98 338 1
99 161 -5
99 232 -4
99 362 6
99 123 -9
99 200 16
99 399 13
99 165 3
99 134 9
100 398 -2
100 82 11
100 192 -2
100 382 17
100 199 5
100 68 8
100 403 16
100 156 13
101 135 -9
101 69 -8
101 250 1
101 380 3
101 19 -2
101 108 7
101 167 10
101 210 11
101 161 -1
102 21 5
102 156 -1
102 16 17
102 289 15
102 341 -4
102 330 15
102 423 -10
102 324 19
102 356 16
102 199 15
103 199 8
103 335 -3
103 331 -9
103 167 1
103 265 -3
103 79 3
103 178 11
103 290 -7
103 280 1
103 384 1
103 127 9
103 6 -10
103 202 9
103 166 3
103 5 -4
103 138 11
103 215 1
104 20 15
104 325 5
104 390 -6
104 277 -1
104 251 10
104 209 3
104 242 -3
104 122 1
104 333 20
104 53 12
104 124 -1
104 342 4
104 258 2
105 323 7
105 418 19
105 211 15
105 356 13
105 68 6
105 338 -5
105 313 1
105 291 -9
105 108 7
105 43 15
106 331 15
106 230 11
106 356 1
106 182 9
106 329 8
106 343 2
106 184 -7
106 338 -2
106 284 9
106 355 -3
106 197 6
106 68 18
107 128 20
107 22 -1
107 412 18
107 402 -8
107 167 7
107 179 18
107 216 16
107 51 -8
107 257 15
107 282 16
107 11 11
107 272 6
107 84 -1
107 66 9
108 359 11
108 328 3
108 25 17
108 159 11
108 166 -3
108 171 12
108 359 -1
108 166 -2
108 365 -9
108 376 12
108 321 19
108 184 -6
108 119 1
108 117 8
108 131 -8
109 56 -10
109 98 -7
109 26 3
109 106 7
109 46 -2
109 38 -5
109 253 -2
109 64 3
109 140 17
110 121 -2
110 407 3
110 35 9
110 370 4
110 39 -10
110 195 7
110 67 20
110 153 13
110 73 -5
110 384 4
110 417 4
110 364 16
111 102 -5
111 195 8
111 296 7
111 319 12
111 242 -1
111 337 17
111 32 -4
111 256 18
112 197 -9
112 276 14
112 382 5
112 356 9
112 92 8
112 268 5
112 31 17
112 81 -9
112 273 -2
112 28 16
112 15 19
112 144 14
112 22 8
112 424 12
112 37 1
112 72 6
113 157 12
113 176 -4
113 70 -8
113 322 19
113 308 7
113 175 18
113 257 7
113 77 7
113 246 1
113 230 -7
113 230 12
113 337 -10
113 199 4
113 360 17
113 390 -8
113 313 7
113 128 -7
113 5 5
114 240 3
114 234 15
114 315 6
114 244 -8
114 157 12
114 378 7
114 55 6
114 138 8
114 365 -7
115 105 8
115 67 9
115 81 4
115 312 -5
115 292 6
115 364 16
115 192 11
115 62 5
115 407 -9
115 166 -10
115 209 2
115 179 -7
115 393 16
115 383 -10
115 12 7
115 415 3
115 381 13
116 380 -1
116 359 20
116 402 19
116 382 -2
116 365 -1
116 355 5
116 107 18
116 149 13
116 56 -1
116 32 -1
116 339 19
116 33 4
116 263 -7
116 333 7
116 304 16
116 198 -3
116 390 -1
117 336 -4
117 275 9
117 40 10
117 94 1
117 138 20
117 63 10
117 394 18
117 391 9
117 239 14
117 115 2
117 192 3
117 178 -1
117 328 -9
117 380 13
117 40 20
117 216 11
117 417 15
117 320 13
117 204 11
117 303 2
117 385 14
118 325 -2
118 72 3
118 254 13
118 110 -6
118 92 -5
118 50 13
118 243 -5
118 101 -4
118 264 1
118 112 -1
118 117 3
118 290 11
118 128 8
118 368 19
118 216 13
118 407 -1
118 69 -5
119 38 -9
119 246 -2
119 348 2
119 296 -1
119 335 9
119 35 4
119 323 1
119 328 -8
119 189 16
119 175 -5
120 316 14
120 62 5
120 44 6
120 200 5
120 273 7
120 275 14
120 416 -1
120 1 -9
120 400 3
120 173 14
120 343 20
120 348 15
120 276 8
120 346 -10
121 58 18
121 282 6
121 184 -6
121 17 5
121 2 -1
121 228 16
121 333 -2
121 421 5
121 111 8
121 78 6
121 6 15
121 19 -2
121 278 5
121 418 14
122 91 18
122 282 1
122 411 -2
122 393 14
122 344 9
122 305 -2
122 35 1
122 196 4
122 405 20
122 15 1
122 373 6
122 77 7
122 44 9
122 82 -6
122 242 17
122 40 17
122 98 1
123 124 3
123 12 17
123 85 10
123 314 13
123 323 -6
123 398 18
123 326 18
123 252 3
123 320 20
123 66 6
123 53 -9
123 373 8
123 173 -6
123 117 1
123 158 17
123 178 3
123 273 -6
124 45 7
124 408 5
124 65 4
124 407 -5
124 195 8
124 216 -8
124 131 -4
124 231 8
124 356 18
124 92 10
124 227 12
124 44 -9
124 246 17
125 299 -6
125 103 11
125 5 15
125 329 13
125 161 9
125 123 -1
125 334 7
125 142 -10
125 21 8
125 163 11
125 287 18
125 315 -1
125 161 -2
126 78 16
126 322 15
126 110 13
126 330 3
126 115 11
126 54 -3
126 268 3
126 116 9
126 104 16
127 222 8
127 422 -3
127 391 3
127 290 -7
127 62 14
127 275 9
127 117 14
127 251 1
127 99 3
127 375 -5
127 172 3
127 245 7
128 140 1
128 379 7
128 365 13
128 201 -5
128 420 -8
128 90 14
128 206 -6
128 292 10
128 323 1
128 343 13
128 180 -9
128 62 20
129 222 11
129 334 5
129 257 -2
129 87 6
129 81 11
129 202 -6
129 304 20
129 291 4
129 14 8
129 23 -7
129 164 9
129 71 -4
130 90 18
130 406 -7
130 375 -3
130 30 -3
130 84 -8
130 394 7
130 108 -1
130 17 13
130 189 14
130 1 1
130 244 12
131 198 8
131 112 -8
131 345 17
131 121 3
131 160 12
131 415 -1
131 95 6
131 407 16
131 311 16
131 159 13
131 311 -7
131 176 2
131 72 17
131 219 11
131 253 -9
131 208 4
132 420 3
132 209 -7
132 309 -3
132 179 15
132 76 -4
132 23 -2
132 231 14
132 182 16
132 244 -4
132 139 -7
132 89 1
132 322 -9
132 226 19
132 230 9
132 20 -7
132 265 2
132 102 7
133 205 -2
133 189 11
133 199 11
133 30 11
133 323 14
133 301 -2
133 400 7
133 226 -9
133 334 -1
133 12 -1
133 153 -5
133 289 8
133 69 7
133 299 -5
133 354 -5
134 288 2
134 208 10
134 239 3
134 53 -7
134 350 10
134 216 10
134 40 -1
134 362 16
134 401 19
134 324 -10
134 254 1
134 375 3
134 227 -2
135 79 5
135 262 16
135 20 17
135 363 14
135 109 -10
135 362 6
135 4 -7
135 354 17
135 57 13
135 355 3
135 270 7
135 363 -10
135 405 1
135 170 5
135 315 11
135 190 -9
135 242 4
136 141 17
136 94 -1
136 74 -2
136 400 6
136 224 -10
136 152 -7
136 251 11
136 61 -9
136 333 -8
136 278 2
136 362 11
136 40 11
136 39 6
136 218 13
136 390 6
136 197 18
137 366 9
137 264 -8
137 162 18
137 208 3
137 150 -1
137 420 -5
137 23 -3
137 295 4
137 413 9
137 88 13
137 253 -1
137 133 -9
137 112 8
137 66 -1
137 29 5
137 126 3
138 111 -3
138 97 17
138 374 16
138 335 -8
138 289 18
138 397 5
138 25 -5
138 392 5
138 99 9
138 261 3
138 241 4
138 50 -1
138 402 9
138 223 15
138 304 1
139 211 -10
139 316 2
139 218 6
139 178 14
139 329 19
139 188 19
139 372 -1
139 3 -6
139 273 -5
139 170 1
139 363 14
139 410 5
140 21 6
140 380 2
140 315 -6
140 109 -5
140 93 -1
140 288 3
140 215 13
140 332 -9
140 47 2
140 245 12
140 288 -9
141 363 -4
141 246 3
141 116 8
141 201 4
141 364 -7
141 339 13
141 128 1
141 289 -3
142 244 11
142 422 11
142 136 6
142 352 15
142 265 16
142 267 -2
142 406 9
142 181 -9
142 196 17
142 40 2
142 303 -5
142 19 4
143 19 18
143 218 10
143 261 -9
143 380 -4
143 420 3
143 6 7
143 131 13
143 259 7
143 322 -3
143 152 11
143 213 -9
143 258 13
143 226 10
143 213 -7
143 163 4
143 79 13
144 279 -1
144 184 -9
144 409 3
144 378 17
144 380 -3
144 255 4
144 10 19
144 288 16
144 102 -4
144 399 6
144 157 13
144 406 11
144 194 8
145 306 11
145 19 20
145 284 -7
145 93 -9
145 37 -7
145 111 17
145 306 -9
146 419 16
146 130 11
146 233 20
146 386 -10
146 212 -2
146 133 13
146 300 -9
146 201 6
146 370 3
146 98 18
146 78 5
146 111 6
146 98 7
146 218 -2
146 45 9
146 113 12
146 153 -7
147 73 19
147 154 7
147 299 -9
147 52 20
147 110 4
147 421 19
147 134 15
147 95 2
148 269 -4
148 81 19
148 230 5
148 90 2
148 393 -3
148 70 -2
148 144 19
148 200 -2
148 348 12
148 133 10
148 208 -7
148 196 14
149 145 11
149 422 -9
149 71 19
149 282 9
149 347 6
150 270 6
150 328 1
150 149 -1
150 234 3
150 25 20
150 217 1
150 311 15
150 190 -9
150 204 7
150 155 12
150 250 20
150 199 13
150 192 13
150 45 -9
150 132 5
151 362 11
151 393 -8
151 174 1
151 237 14
151 307 5
151 408 -2
151 147 7
151 295 -2
151 22 10
151 233 -4
151 15 14
151 360 -1
151 264 15
151 200 6
151 413 11
151 252 18
151 316 4
152 380 18
152 243 -4
152 320 -10
152 371 9
152 306 2
152 136 1
152 239 14
152 164 12
152 204 4
152 238 3
152 277 11
152 196 18
152 170 7
152 117 10
153 388 -6
153 297 -5
153 273 9
153 58 -1
153 320 10
153 116 -6
153 355 15
153 279 6
153 269 -3
154 215 -7
154 144 6
154 403 -8
154 415 10
154 236 16
154 308 5
154 87 -5
154 4 16
154 59 -1
154 287 2
154 4 -9
154 291 20
154 300 3
155 311 6
155 113 10
155 217 4
155 47 -3
155 225 1
155 51 -3
155 221 -3
155 348 1
155 310 -6
155 263 19
156 215 11
156 29 6
156 322 13
156 360 6
156 170 2
156 358 3
156 211 11
156 264 2
157 111 15
157 384 19
157 262 -3
157 342 12
157 169 9
157 301 20
157 210 11
157 98 17
157 63 -4
157 22 6
157 92 19
158 237 -8
158 414 17
158 231 14
158 342 -2
158 236 2
158 88 16
158 340 -1
158 400 15
158 396 9
158 413 2
158 185 -9
159 34 -5
159 377 -4
159 14 6
159 182 -2
159 207 -2
159 101 16
159 354 13
159 263 9
159 120 14
159 85 20
159 291 16
159 407 11
159 96 18
160 75 -4
160 347 -8
160 71 15
160 382 -10
160 8 18
160 181 -4
160 231 19
160 352 20
160 214 7
160 180 -2
160 28 -6
160 2 -5
160 369 17
160 116 1
161 399 4
161 283 1
161 253 5
161 376 11
161 30 -6
161 405 -1
161 13 2
161 209 19
161 62 -4
161 115 17
162 101 19
162 297 8
162 289 -2
162 133 5
162 216 11
162 408 20
162 65 5
162 220 -9
162 242 -8
162 11 17
163 196 5
163 277 16
163 46 -3
163 216 -6
163 136 4
163 367 18
163 191 -5
163 224 -6
163 274 -7
163 161 1
163 72 14
164 217 12
164 372 11
164 41 8
164 279 18
164 114 12
164 70 -3
164 207 16
164 337 -5
164 339 -9
164 151 11
164 350 13
164 51 12
164 10 10
164 29 12
164 48 2
165 64 -10
165 138 6
165 80 -3
165 240 -1
165 141 -2
165 341 12
165 406 -2
165 226 -3
165 29 -2
165 191 6
165 121 12
165 123 -10
165 130 3
166 140 -4
166 1 -5
166 34 -1
166 234 14
166 84 12
167 177 3
167 197 15
167 38 -9
167 394 9
167 317 19
167 345 13
167 323 2
167 299 -8
168 302 9
168 66 10
168 262 1
168 263 1
168 61 -1
168 101 -1
168 219 -5
168 190 -3
168 355 16
168 147 10
168 386 -8
168 45 20
168 223 -5
168 143 -6
168 219 13
168 162 11
168 228 -3
168 306 5
168 275 -10
168 188 11
168 234 3
168 141 5
169 316 8
169 108 7
169 271 1
169 347 1
169 350 15
169 305 -5
169 376 7
169 111 7
169 325 -6
169 270 18
169 285 1
169 151 14
170 322 8
170 221 10
170 178 -6
170 66 8
170 122 9
170 52 1
170 193 12
170 258 -5
170 416 2
170 39 7
170 260 9
170 356 20
170 393 9
171 29 18
171 203 -1
171 114 12
171 211 -10
171 117 4
171 289 12
171 173 -1
172 206 20
172 280 9
172 92 -1
172 416 -4
172 170 -10
172 235 1
172 384 14
172 263 18
172 378 16
172 259 19
172 314 10
172 95 2
172 337 13
173 36 16
173 353 -9
173 23 9
173 273 17
173 256 18
173 209 -9
173 211 2
173 218 17
173 178 1
173 260 -9
173 419 17
174 289 12
174 256 -6
174 66 12
174 352 -9
174 366 2
174 250 15
174 200 10
174 279 8
174 266 19
174 3 10
174 181 19
175 353 -7
175 117 6
175 347 19
175 28 -1
175 330 -6
175 168 16
175 170 4
175 414 7
176 164 9
176 14 19
176 236 9
176 316 14
176 293 11
176 190 -3
176 18 -4
176 120 11
176 113 -7
176 414 -10
177 191 -7
177 162 -8
177 164 -2
177 308 -1
177 311 6
177 18 17
177 372 11
177 368 1
177 373 12
177 223 7
177 57 9
177 120 10
177 23 -2
177 100 7
177 371 -5
178 203 10
178 278 4
178 107 7
178 325 -9
178 195 -4
178 146 9
178 37 -10
178 225 -6
178 60 -1
178 329 -6
178 51 4
178 64 2
178 240 -10
178 402 -1
179 191 12
179 202 12
179 239 8
179 135 17
179 109 -8
179 103 1
179 367 7
179 77 5
179 313 20
179 166 -10
180 369 -9
180 198 1
180 369 14
180 136 -5
180 225 -8
180 340 5
180 407 -10
180 95 -8
180 323 15
180 116 13
180 84 20
180 139 9
181 212 8
181 298 17
181 160 12
181 75 18
181 367 1
181 87 -6
181 302 6
181 252 10
181 290 6
181 194 20
181 111 4
181 113 -9
181 407 -3
181 110 6
182 312 20
182 248 -10
182 75 18
182 114 16
182 124 8
182 44 13
182 201 -6
182 65 -7
182 257 5
182 44 17
182 227 -9
182 84 2
182 60 15
182 260 8
182 139 3
183 376 11
183 163 5
183 403 15
183 359 -9
183 201 6
183 322 2
183 46 -8
183 107 14
183 49 -3
183 32 -6
183 69 7
183 217 7
184 335 18
184 348 16
184 84 12
184 225 -10
184 128 11
184 351 3
184 136 7
184 203 11
184 389 9
184 221 -6
184 358 -10
184 172 -8
184 60 2
184 256 4
185 410 -3
185 146 18
185 137 8
185 230 3
185 51 -8
185 193 15
185 276 20
185 159 5
185 362 13
185 232 1
185 417 11
185 390 -9
185 203 17
185 319 -9
185 151 -1
186 28 -7
186 257 9
186 59 -6
186 88 18
186 191 -8
186 32 19
186 145 10
187 359 8
187 62 16
187 415 -6
187 71 17
187 252 14
187 261 -5
187 209 11
187 207 -1
187 2 13
187 361 18
187 391 2
187 157 17
187 56 2
187 61 9
188 196 -9
188 160 6
188 73 6
188 99 16
188 418 -3
188 287 17
188 305 8
188 117 -4
188 264 9
188 295 18
188 227 -5
188 79 -7
188 59 16
188 207 -10
188 261 -7
189 323 6
189 273 16
189 92 15
189 206 6
189 342 -9
189 109 12
189 208 20
189 364 20
189 113 19
189 30 7
189 119 5
189 58 17
189 389 -10
190 186 -9
190 101 1
190 420 -2
190 409 5
190 296 6
190 330 10
190 103 15
190 396 13
190 244 -7
190 212 -1
190 141 4
190 355 6
190 347 4
191 370 11
191 307 16
191 326 3
191 102 9
191 349 20
191 181 -4
191 156 -9
191 91 4
191 243 20
191 267 -8
191 315 -1
191 244 13
191 291 14
191 30 -7
192 259 13
192 267 1
192 76 -5
192 97 -8
192 336 16
192 159 -2
192 81 -3
193 66 -8
193 240 -1
193 74 20
193 94 -5
193 287 5
193 47 13
193 157 16
193 60 -3
193 242 18
193 110 10
193 397 10
193 410 16
193 375 1
194 59 20
194 7 19
194 349 16
194 1 11
194 172 11
194 31 9
194 130 9
194 95 -10
194 201 -7
194 255 -4
194 323 3
195 410 -2
195 261 1
195 1 17
195 318 -1
195 64 -7
195 391 17
195 92 -4
195 357 -10
195 56 13
195 8 -8
195 11 7
196 176 -4
196 327 2
196 50 11
196 253 18
196 31 3
196 72 6
196 228 7
196 162 19
197 150 12
197 10 13
197 378 6
197 26 -2
197 331 18
197 72 7
198 65 8
198 290 14
198 354 -3
198 327 19
198 152 -5
198 423 7
198 116 10
198 387 6
198 110 2
198 248 10
198 118 17
198 377 1
198 199 -9
198 99 13
198 56 12
199 242 14
199 274 3
199 257 11
199 369 8
199 278 -9
199 132 16
199 6 16
199 194 10
199 166 -5
199 413 3
199 91 17
199 107 19
200 122 8
200 23 -4
200 246 -9
200 282 9
200 418 15
200 213 5
200 410 -1
200 293 -8
200 104 -3
200 349 15
200 10 20
201 263 -5
201 245 19
201 290 7
201 136 4
201 261 -6
201 110 11
201 59 -7
201 133 18
202 130 1
202 101 2
202 131 12
202 396 -8
202 146 -4
202 21 20
202 49 18
202 234 16
202 288 10
202 329 -4
202 34 -7
203 167 9
203 294 1
203 145 19
203 98 18
203 71 9
203 420 15
203 227 14
203 13 9
203 201 -8
203 221 7
203 13 8
203 266 -7
203 78 -10
203 370 17
203 260 -8
203 366 16
204 15 3
204 168 -7
204 346 -6
204 222 -4
204 227 10
204 116 -5
204 115 17
204 242 1
204 318 10
204 254 -7
204 195 9
204 166 16
205 189 7
205 264 2
205 38 1
205 73 9
205 61 9
205 334 -7
205 139 9
205 84 15
205 323 5
205 202 2
205 4 18
205 360 16
205 87 2
206 243 3
206 115 -3
206 355 -5
206 57 -5
206 151 17
206 347 12
206 387 -5
206 260 14
206 177 -8
206 364 6
207 12 -9
207 206 -2
207 6 18
207 192 15
207 278 -6
207 69 9
207 162 -5
207 130 5
207 119 -2
207 424 -5
207 192 -8
207 384 9
207 301 -4
207 204 9
207 102 -8
208 411 -3
208 35 17
208 403 -1
208 310 16
208 410 11
208 148 3
208 406 6
208 372 15
208 284 2
208 242 18
209 423 6
209 71 12
209 261 -8
209 193 12
209 181 -6
209 380 16
209 46 8
209 146 4
209 391 -10
209 404 12
209 332 -4
209 167 12
209 11 15
209 236 -3
209 71 -10
209 87 7
209 306 18
209 161 -7
209 44 -2
209 114 16
209 395 1
210 288 2
210 161 12
210 61 7
210 311 15
210 417 -8
210 30 -9
210 29 1
210 42 16
210 32 13
210 406 -3
210 358 6
211 297 5
211 104 -4
211 325 -4
211 53 4
211 109 -7
211 389 9
211 179 -1
211 135 -4
211 142 -2
211 253 3
211 159 4
211 82 20
211 419 -10
211 418 11
211 302 -8
212 134 13
212 246 -10
212 320 1
212 32 -4
212 240 6
212 177 13
212 358 9
212 63 4
212 214 -10
212 249 20
212 367 -2
212 19 5
212 189 -3
212 112 20
212 348 4
212 296 -2
213 293 2
213 93 -1
213 273 6
213 238 7
213 280 -5
213 168 -10
213 199 -7
213 225 16
213 178 -10
213 387 20
213 45 -1
213 29 -2
213 50 4
214 415 14
214 28 -3
214 71 4
214 86 15
214 74 7
214 309 -3
214 302 4
214 378 6
214 31 1
214 50 6
214 412 20
214 129 5
214 101 1
214 331 2
214 241 6
214 181 20
214 3 11
214 224 15
214 129 14
214 410 -10
215 371 -3
215 255 -8
215 20 -7
215 295 2
215 105 -1
215 301 1
215 264 -1
215 239 14
215 99 -10
215 285 20
215 11 16
215 362 9
216 128 11
216 130 -9
216 375 9
216 215 -8
216 253 16
216 56 17
216 355 -9
216 279 -6
216 332 18
217 239 7
217 370 8
217 59 -5
217 371 -6
217 240 6
217 334 13
217 228 5
217 33 19
217 215 16
217 47 8
218 79 1
218 13 -7
218 137 -1
218 337 16
218 388 9
218 68 11
218 107 1
218 33 5
218 124 2
218 90 17
219 166 5
219 334 3
219 3 20
219 128 10
219 47 15
219 365 -8
219 111 8
219 146 2
219 34 -6
220 187 12
220 151 8
220 353 1
220 418 4
220 50 5
220 176 18
220 120 -3
220 69 6
220 157 -9
220 59 19
220 306 13
220 180 18
220 78 -7
220 410 -3
221 104 -2
221 422 15
221 83 7
221 301 10
221 358 13
221 388 16
221 313 -8
221 170 11
221 83 15
221 334 -10
221 96 -7
221 188 -7
222 272 7
222 319 13
222 240 17
222 175 7
222 219 18
222 120 -6
222 279 14
223 74 6
223 322 5
223 129 -3
223 278 -2
223 47 5
223 107 8
223 391 3
223 144 -1
223 276 2
223 154 3
224 337 10
224 399 5
224 334 -7
224 61 -3
224 102 -1
224 153 4
224 306 -5
224 349 15
224 229 -9
224 315 2
224 276 11
224 415 19
224 417 18
224 32 -2
224 266 -3
224 109 12
224 352 9
224 371 12
225 78 8
225 386 15
225 217 -9
225 10 -8
225 288 19
225 172 10
225 391 -7
225 173 9
226 120 17
226 36 -4
226 252 4
226 285 15
226 238 -8
226 236 1
226 322 -7
226 172 6
226 318 16
226 155 4
226 235 17
226 376 10
226 396 -9
226 359 -6
226 340 9
226 254 -7
226 328 16
227 307 6
227 304 10
227 406 4
227 362 7
227 51 7
227 17 2
227 2 -4
227 225 15
227 355 16
227 300 5
227 111 12
228 9 17
228 414 -5
228 21 18
228 34 12
228 14 7
228 210 1
228 388 17
228 114 8
228 151 20
228 396 -1
228 329 5
228 220 2
228 82 3
228 224 13
228 347 19
228 280 11
228 249 -1
228 170 -8
229 358 17
229 12 7
229 370 -2
229 12 -1
229 146 -6
229 310 4
229 304 12
229 178 -6
229 335 3
229 415 -4
229 50 -3
229 326 6
230 345 1
230 127 4
230 48 -7
230 131 6
230 6 11
230 164 -4
230 276 3
230 326 14
230 65 7
230 122 -7
230 354 14
230 95 -3
230 346 -9
230 173 18
231 54 11
231 236 17
231 202 7
231 170 1
231 194 9
231 24 9
231 79 6
231 101 -9
231 48 16
231 122 4
231 405 7
231 201 18
231 385 20
232 418 -1
232 85 17
232 38 17
232 200 -5
232 363 -2
232 261 7
232 300 19
232 352 3
232 289 3
232 79 18
232 79 -6
232 263 -7
233 363 16
233 40 15
233 103 -2
233 181 -2
233 299 -4
233 130 -9
233 43 18
233 339 7
233 82 -8
233 306 -9
233 240 -5
233 236 17
233 71 11
234 364 -8
234 341 16
234 348 1
234 54 8
234 334 -6
234 246 -1
234 332 -4
234 324 3
234 211 1
235 234 6
235 242 7
235 307 9
235 31 11
235 386 7
235 94 18
235 357 -6
235 382 -10
235 309 13
235 302 20
235 230 5
235 243 2
235 165 -3
235 145 2
235 348 11
236 242 5
236 133 -1
236 374 18
236 28 -10
236 27 12
236 9 3
236 289 1
236 118 16
236 318 16
236 368 -4
236 237 19
236 124 12
236 69 -5
237 38 -8
237 4 18
237 102 2
237 169 -10
237 117 8
237 244 4
237 302 -7
237 341 18
237 60 -9
237 78 5
238 37 8
238 281 7
238 372 2
238 147 -3
238 122 17
238 391 -10
238 147 17
238 286 -6
238 228 20
238 41 -4
238 65 1
238 298 -2
238 130 -6
239 5 -8
239 397 -8
239 307 -8
239 351 16
239 250 2
239 352 -4
239 24 -10
239 43 -7
239 390 20
239 290 3
239 322 16
239 193 3
239 281 18
239 195 5
239 258 5
239 237 14
239 294 6
239 405 18
240 291 -3
240 142 20
240 246 -4
240 322 -3
240 414 -7
240 122 -8
240 354 -5
240 94 4
240 215 -4
241 394 -9
241 40 8
241 205 2
241 224 3
241 305 -5
241 123 -2
241 266 7
241 353 5
241 295 -1
241 98 13
241 336 -7
241 310 -10
241 290 4
241 297 1
241 181 -6
241 242 9
241 197 -10
241 245 3
241 32 8
241 148 12
242 234 6
242 128 19
242 234 17
242 351 20
242 78 7
242 53 16
242 328 -9
242 278 3
242 45 4
242 46 11
242 133 17
243 193 2
243 177 19
243 26 -8
243 11 -4
243 411 -5
243 209 10
243 279 17
243 79 9
243 208 1
243 61 -1
243 7 9
243 36 1
243 143 19
243 205 7
243 383 4
243 285 20
244 109 2
244 98 19
244 102 17
244 307 -1
244 379 -2
244 230 16
244 14 -3
244 160 -9
244 112 1
244 281 -6
245 296 6
245 275 18
245 338 -8
245 205 -10
245 87 -5
245 126 14
245 55 14
245 381 -2
246 14 -5
246 241 -9
246 396 3
246 116 -9
246 390 12
246 290 19
246 161 3
246 130 4
246 172 6
246 159 3
246 312 -9
246 255 11
246 257 3
246 271 9
246 316 -4
246 55 16
246 347 16
246 126 2
247 329 -5
247 220 -8
247 306 13
247 28 10
247 243 11
247 157 11
247 399 -9
247 366 -7
247 424 -10
247 246 5
247 199 -2
247 30 4
247 350 4
247 238 4
247 24 2
247 3 -9
247 174 18
247 370 -8
248 253 10
248 380 6
248 99 5
248 395 6
248 228 -2
248 14 11
248 219 9
249 47 -1
249 413 8
249 114 17
249 293 20
249 4 -6
249 288 15
249 320 -2
249 282 -8
249 258 12
249 266 -8
249 21 10
249 366 14
249 255 -10
249 189 13
249 10 -2
249 245 -3
249 386 -8
249 207 14
249 141 20
249 157 6
250 409 11
250 201 17
250 20 -2
250 88 -8
250 281 7
250 320 4
250 340 -4
250 86 9
250 20 -8
250 222 15
250 150 3
250 54 4
251 106 9
251 296 -9
251 191 -1
251 350 3
251 185 5
251 111 -7
251 130 7
251 160 -5
251 24 2
251 322 19
251 372 -4
251 400 1
251 294 15
251 268 1
251 242 -9
251 328 -6
251 50 -6
251 7 15
252 369 11
252 42 11
252 317 -8
252 387 19
252 343 13
252 406 -10
252 114 13
252 92 12
252 24 -4
252 45 3
252 69 5
252 164 16
253 385 -3
253 255 8
253 335 16
253 1 10
253 1 18
253 28 -5
253 144 -3
253 116 -7
253 237 -9
253 238 15
253 394 -9
254 96 16
254 69 13
254 59 -4
254 280 -1
254 333 19
254 326 17
254 307 -9
255 400 3
255 353 -3
255 124 16
255 285 18
255 423 -8
255 272 20
255 97 5
255 33 9
255 269 -9
255 78 -2
255 87 14
256 212 -10
256 352 16
256 2 -9
256 154 16
256 249 -5
256 281 -7
256 97 16
256 108 -5
256 112 -4
256 141 10
256 329 8
256 322 12
256 213 14
256 181 2
257 287 -4
257 62 4
257 276 12
257 301 12
257 123 2
257 373 -4
257 97 16
257 8 5
257 93 19
257 52 19
257 186 -10
257 328 12
258 186 9
258 325 7
258 186 1
258 213 12
258 304 8
258 343 4
258 136 -9
258 142 -8
258 181 -5
258 265 13
258 394 -5
258 116 18
258 325 20
259 129 10
259 360 15
259 149 4
259 27 -2
259 225 15
259 395 11
259 218 3
259 313 20
259 397 20
259 207 9
259 424 9
259 240 3
259 99 1
259 340 19
260 384 -4
260 15 -1
260 382 -9
260 115 2
260 39 -2
260 300 -3
260 193 17
260 299 10
260 171 -10
260 162 13
260 180 -3
260 105 8
261 236 1
261 395 7
261 251 5
261 289 12
261 226 -10
261 183 9
261 134 -3
261 225 20
261 187 -4
261 361 3
262 257 3
262 20 19
262 424 -2
262 93 -7
262 319 3
262 317 19
262 350 12
262 265 -1
262 84 16
263 205 7
263 257 13
263 70 11
263 380 15
263 300 -6
263 395 3
263 340 6
263 286 14
263 72 -10
263 270 10
263 112 13
264 394 -7
264 147 7
264 207 -5
264 267 3
264 345 4
264 295 4
265 214 9
265 171 9
265 415 14
265 191 -7
265 223 7
265 135 2
265 42 20
265 298 -3
265 40 11
265 347 12
266 161 -9
266 282 17
266 363 -9
266 310 5
266 40 12
266 117 -3
266 198 -2
266 212 -5
266 121 -7
266 160 -9
266 215 13
266 22 19
266 38 14
266 304 7
266 290 14
266 395 2
267 241 5
267 409 15
267 250 -9
267 165 -5
267 26 -1
267 243 -5
267 94 -10
267 76 3
267 290 15
267 323 14
267 415 9
267 391 -9
267 298 -3
267 132 10
267 202 11
267 293 7
268 181 -5
268 109 5
268 228 -7
268 300 5
268 39 12
268 81 14
268 395 5
268 51 -8
268 66 9
268 420 5
269 153 15
269 35 5
269 168 -2
269 199 7
269 231 14
269 126 18
269 63 2
269 177 17
269 307 9
269 333 -9
269 170 -9
269 275 9
269 424 -7
269 150 8
270 131 12
270 280 -5
270 268 8
270 48 1
270 133 -7
270 87 3
270 118 18
270 422 16
270 328 -7
270 55 -7
270 347 17
270 294 1
270 29 -2
270 379 5
271 290 -5
271 50 3
271 263 19
271 51 7
271 98 -2
271 278 18
271 82 3
271 58 -1
271 301 8
271 345 4
271 116 -6
271 364 -10
271 61 19
271 283 -2
271 27 -4
271 6 2
272 205 4
272 133 -1
272 334 -6
272 417 8
272 107 8
272 172 -6
272 158 -4
272 382 11
272 423 1
273 16 -2
273 11 -8
273 124 -5
273 38 3
273 419 -1
273 311 -4
273 260 17
273 303 1
273 49 9
273 98 7
273 198 -2
273 105 19
274 307 19
274 173 -10
274 298 12
274 63 16
274 400 -7
274 4 -2
275 216 -6
275 211 1
275 423 -10
275 263 3
275 82 1
275 110 8
275 399 -6
275 19 -5
275 271 5
275 39 3
275 325 7
275 174 -3
275 298 16
275 364 1
275 211 4
275 294 15
275 340 1
275 383 -2
276 18 19
276 6 -3
276 79 -4
276 307 19
276 275 12
276 334 -8
276 289 -2
276 216 -6
276 94 -3
276 92 1
276 280 7
276 94 -4
276 260 -1
276 39 20
276 73 9
277 375 3
277 168 14
277 120 7
277 280 18
277 391 -9
277 199 -3
277 415 20
277 347 15
278 422 18
278 182 14
278 394 20
278 60 20
278 187 -7
278 130 2
278 35 8
278 330 -7
278 266 5
278 159 -1
278 97 12
278 158 3
278 184 4
279 19 -3
279 392 16
279 42 7
279 224 17
279 16 -9
279 22 -7
279 56 -3
279 270 13
280 13 -7
280 387 8
280 35 13
280 394 9
280 14 3
280 217 4
280 49 6
280 297 12
280 385 -6
280 273 -10
280 128 -4
280 204 7
280 197 13
280 300 5
280 372 -2
280 175 -7
281 292 7
281 264 1
281 49 -9
281 301 6
281 401 16
281 20 -7
281 401 2
281 181 -2
281 221 1
281 250 -1
281 37 9
281 386 13
281 141 5
281 197 19
281 255 8
281 246 -2
281 316 3
281 284 19
282 45 -10
282 55 5
282 92 18
282 72 17
282 248 -1
282 18 1
282 112 6
282 261 15
282 390 -9
282 100 7
282 234 6
282 99 2
283 237 10
283 301 6
283 232 9
283 342 3
283 138 10
284 264 13
284 171 7
284 367 17
284 86 6
284 23 15
284 95 4
284 356 8
284 239 5
284 175 12
284 184 18
285 208 -10
285 251 18
285 273 1
285 419 3
285 338 11
285 278 -8
285 325 -9
285 147 -2
285 64 -3
285 155 -9
285 46 -9
285 213 14
285 225 -4
285 164 -1
285 230 2
285 208 5
286 85 12
286 344 14
286 184 -6
286 134 18
286 363 -7
286 227 4
286 411 18
286 224 -4
286 367 12
286 83 8
286 20 2
286 40 13
286 148 20
286 57 -9
286 87 -10
286 327 19
287 403 9
287 91 4
287 117 6
287 263 19
287 407 19
287 175 7
287 305 -1
287 302 -5
287 225 -10
287 183 -1
287 110 -7
287 221 19
287 373 6
287 162 -6
287 283 8
287 399 4
287 234 -7
287 365 12
288 109 4
288 150 17
288 221 -9
288 404 6
288 173 10
288 94 -9
288 183 -7
288 42 15
288 44 20
288 341 17
288 48 4
288 338 11
288 117 10
288 76 -4
288 283 -5
288 185 -2
288 131 -5
288 366 20
288 44 7
288 245 6
289 104 19
289 133 6
289 377 -4
289 407 7
289 420 3
289 320 -8
290 67 8
290 158 2
290 121 5
290 162 14
290 73 20
290 412 10
290 171 -10
290 130 4
290 413 1
290 144 2
290 254 4
290 355 -5
290 356 -9
291 22 10
291 331 7
291 29 -2
291 416 9
291 227 6
291 125 4
291 110 -10
291 388 -8
291 23 -2
291 424 11
291 264 19
291 125 2
292 150 -9
292 172 14
292 256 15
292 203 6
292 163 -7
292 161 -9
292 261 1
292 76 11
292 171 15
292 26 2
292 337 15
292 38 7
292 341 17
292 272 19
293 12 6
293 214 1
293 324 7
293 353 5
293 222 4
293 103 10
293 219 12
293 131 3
293 343 9
293 110 -2
293 61 6
293 411 8
294 272 -2
294 305 -4
294 295 -1
294 202 15
294 227 16
294 414 -2
294 48 14
294 47 -7
294 230 14
294 169 -8
294 110 -10
294 407 -7
295 385 13
295 268 7
295 192 -10
295 208 15
295 2 16
295 117 -7
295 421 20
295 380 15
295 188 -9
295 186 15
295 359 11
295 36 -5
295 282 -10
295 32 12
296 26 13
296 386 4
296 314 13
296 77 16
296 75 5
296 407 17
296 10 -2
296 406 17
296 361 6
296 241 17
296 209 20
296 53 14
296 285 -7
296 178 2
296 43 -5
297 85 18
297 50 -6
297 363 15
297 258 9
297 313 17
297 395 2
297 7 20
297 137 2
297 327 -1
297 259 15
297 279 -5
297 88 -1
297 227 -1
297 364 13
297 215 13
297 222 12
297 207 3
298 111 1
298 35 1
298 104 -10
298 147 9
298 279 -7
298 424 8
298 250 -10
298 290 18
298 37 19
298 182 6
299 192 -7
299 292 5
299 230 -7
299 111 6
299 312 4
299 305 1
299 132 18
299 368 2
300 123 7
300 122 11
300 405 13
300 265 19
300 372 5
300 305 16
300 327 3
300 155 -1
300 183 7
300 197 -6
300 198 8
300 367 -7
301 165 -10
301 21 12
301 230 1
301 144 16
301 196 -8
301 213 7
301 80 13
301 36 17
301 92 9
301 45 -6
301 268 -9
301 162 -3
301 202 -5
301 53 1
302 99 1
302 77 14
302 292 1
302 16 4
302 328 14
302 386 4
302 374 13
302 101 -8
302 111 -10
302 335 -8
302 397 -3
302 47 9
303 125 12
303 14 -4
303 231 1
303 306 17
303 274 -1
303 99 6
303 385 5
303 219 -3
303 370 -8
303 148 6
303 72 -4
303 35 7
303 103 17
303 150 20
303 263 13
303 88 -6
303 368 -6
303 134 10
303 50 10
303 152 -9
303 49 18
304 7 -1
304 68 12
304 79 -9
304 62 13
304 40 -4
304 420 8
304 27 -1
304 305 -5
304 270 -4
304 305 -2
304 361 12
304 213 9
304 308 17
304 111 5
305 364 -7
305 98 -9
305 41 5
305 106 1
305 282 9
305 69 -5
305 258 13
305 290 -8
305 7 8
305 388 3
305 210 7
305 171 11
305 389 10
305 344 5
305 137 16
305 224 -3
305 261 11
305 227 9
305 219 16
306 370 -8
306 324 1
306 279 6
306 374 11
306 406 -4
306 207 -1
306 190 20
306 23 6
306 282 -5
306 131 16
307 28 14
307 316 16
307 114 19
307 380 15
307 24 -9
307 282 6
307 327 -8
307 319 -2
307 137 16
307 111 -7
307 159 -9
307 412 -8
307 358 -8
307 68 3
307 208 -8
307 386 18
307 283 18
307 260 -2
307 72 6
308 354 7
308 261 18
308 419 -9
308 77 15
308 326 -2
308 381 -1
308 220 5
308 64 -1
308 126 -1
308 388 13
309 232 4
309 189 15
309 128 14
309 288 -2
309 405 12
309 408 -3
309 51 19
309 178 -1
309 87 16
309 270 16
309 406 12
309 279 1
309 27 -9
309 390 19
309 341 20
309 198 1
309 94 -10
309 232 7
309 275 6
309 72 6
309 239 10
310 325 8
310 215 2
310 1 9
310 347 -8
310 349 -5
310 161 15
310 169 14
310 410 20
310 135 12
310 418 11
310 292 -3
310 422 5
310 193 -2
310 401 8
310 324 2
311 142 8
311 102 -5
311 204 12
311 129 -6
311 414 5
311 22 6
311 416 -1
311 92 15
312 202 10
312 308 3
312 141 19
312 4 18
312 288 10
312 372 16
312 295 10
312 362 -1
312 320 1
312 27 -2
312 227 16
312 195 4
312 27 -2
312 171 2
313 146 6
313 124 -2
313 377 2
313 56 -9
313 250 3
313 78 19
313 156 16
313 209 -1
313 318 -5
313 49 9
313 101 18
313 8 19
313 20 1
313 95 6
313 416 6
313 113 18
314 231 19
314 273 -4
314 206 7
314 87 6
314 32 17
314 308 9
314 40 -1
314 361 15
314 2 5
314 151 7
314 281 -8
314 210 -6
314 138 -10
314 208 -5
314 193 7
314 302 8
315 107 3
315 338 17
315 57 4
315 210 12
315 225 1
315 241 -8
315 413 -6
315 53 18
316 257 19
316 410 19
316 219 19
316 11 9
316 142 3
316 76 7
316 342 -3
316 169 -1
316 106 13
316 36 12
316 108 -1
316 206 5
316 245 4
316 306 17
317 403 8
317 408 -5
317 82 -10
317 299 4
317 34 20
317 178 15
317 217 20
317 25 -4
317 302 9
317 336 2
317 122 9
317 57 7
317 166 15
318 277 8
318 386 5
318 373 -3
318 264 -3
318 73 15
318 378 20
318 63 -7
318 22 20
318 272 9
318 419 -5
318 399 3
318 140 20
318 326 -8
319 222 -8
319 207 20
319 4 -1
319 238 8
319 411 13
319 40 15
319 402 -9
319 398 -2
319 40 17
319 230 7
319 116 2
319 413 20
319 112 -1
319 407 -1
319 332 8
319 188 16
320 184 7
320 53 16
320 370 3
320 63 1
320 226 -8
320 209 9
320 18 1
320 297 17
320 13 -2
320 292 -10
320 108 7
320 69 -7
320 114 4
320 220 8
320 30 8
320 323 14
320 341 -6
321 81 1
321 334 14
321 19 9
321 218 -9
321 318 9
321 45 -3
321 250 -8
321 96 4
321 365 -9
321 186 19
322 368 16
322 380 15
322 70 -8
322 180 17
322 32 -7
322 119 2
322 278 16
322 187 3
322 203 -4
323 16 -7
323 342 2
323 134 -7
323 185 2
323 183 3
323 382 1
323 166 15
323 146 19
323 421 15
323 311 -3
323 182 20
323 143 16
323 37 -3
324 179 10
324 64 10
324 301 -7
324 208 -4
324 180 -10
324 16 -3
324 115 -6
324 14 -5
324 16 2
324 276 3
325 88 13
325 141 -5
325 72 -6
325 281 10
325 156 15
325 190 -8
325 267 -6
325 414 -2
325 264 18
325 1 -6
325 42 9
325 420 -5
325 255 3
325 293 -10
325 246 15
325 244 12
325 78 10
325 299 19
325 187 1
325 268 20
326 53 19
326 341 2
326 358 1
326 159 5
326 303 18
326 215 1
326 1 -3
326 370 -9
326 158 -10
326 59 -2
326 64 4
326 419 16
326 341 10
326 219 6
326 211 4
326 153 7
326 247 -1
326 232 19
327 8 -10
327 311 14
327 422 8
327 398 -3
327 165 14
327 12 16
327 410 17
327 372 12
327 88 6
327 404 -4
327 188 9
328 387 16
328 392 19
328 416 -2
328 394 17
328 304 -4
328 141 13
328 80 -9
328 281 5
328 240 -4
328 239 -1
328 214 3
328 240 5
328 296 -5
329 273 -4
329 86 2
329 255 6
329 390 10
329 297 11
329 145 2
329 52 -8
329 189 17
329 54 -10
329 293 12
329 236 11
329 92 9
330 351 -4
330 112 -2
330 66 7
330 418 12
330 388 2
330 174 -8
330 14 11
330 412 17
330 73 8
330 406 6
330 162 8
330 269 -9
330 345 16
330 177 3
330 26 -3
330 365 -6
330 33 4
331 93 -6
331 290 -2
331 8 6
331 340 11
331 414 10
331 351 14
331 50 7
331 156 -2
331 361 -4
331 104 17
331 182 17
331 409 -2
331 139 9
331 165 16
332 225 16
332 373 10
332 327 12
332 109 6
332 148 16
332 181 19
332 112 -1
332 350 14
332 49 -9
332 95 18
333 171 8
333 137 19
333 29 16
333 375 13
333 147 16
333 76 -9
333 173 16
333 146 -2
333 154 1
333 76 8
333 396 6
334 266 -2
334 365 -2
334 72 8
334 333 17
334 304 -2
334 374 -3
334 72 3
334 136 14
334 119 16
334 78 14
334 142 1
334 280 3
335 272 -6
335 61 -3
335 67 -5
335 95 -9
335 263 13
335 255 3
335 110 -6
335 207 15
335 331 9
335 301 -1
335 107 -1
335 235 3
336 370 -10
336 394 19
336 26 -3
336 67 9
336 21 -5
336 92 20
336 148 16
336 166 20
336 24 -1
336 199 -5
337 404 3
337 179 -7
337 221 1
337 145 -1
337 99 -7
337 51 8
337 385 -9
337 6 -9
337 313 -6
337 207 -1
337 335 13
338 135 9
338 369 7
338 224 10
338 411 11
338 324 16
338 197 -4
338 48 -9
338 275 -1
338 343 13
339 204 14
339 72 9
339 84 -1
339 369 -6
339 166 19
339 310 5
339 110 19
339 224 12
339 65 1
339 405 -1
339 109 15
339 87 15
339 278 -4
339 69 -8
340 372 17
340 36 17
340 118 11
340 201 -5
340 341 18
340 211 14
340 38 6
340 375 2
340 362 13
340 146 16
340 214 16
340 207 16
340 7 5
340 54 11
340 2 -3
340 43 10
340 328 9
341 308 2
341 24 3
341 86 -5
341 135 13
341 267 20
341 161 2
341 218 1
341 311 -10
341 419 13
341 13 -2
341 320 6
341 104 -2
341 258 -3
341 64 7
341 311 -1
341 375 15
341 400 -6
341 368 16
342 167 -3
342 85 20
342 335 20
342 72 17
342 277 19
342 246 2
342 232 19
343 150 13
343 105 3
343 237 7
343 415 1
343 282 -1
343 361 1
343 18 -6
343 192 6
343 180 14
343 418 12
343 73 2
344 370 12
344 101 12
344 110 -2
344 400 7
344 136 15
344 347 -2
344 224 15
344 68 14
344 160 12
344 37 12
344 85 -8
345 221 8
345 93 9
345 12 11
345 319 17
345 108 7
345 378 13
345 380 -4
345 398 -10
346 138 11
346 367 -3
346 289 -6
346 70 -1
346 364 17
346 318 -8
346 128 10
346 83 6
346 369 7
346 2 7
346 210 -9
346 135 1
346 285 -5
346 399 17
347 346 -5
347 244 15
347 292 -1
347 289 -6
347 161 -2
347 35 18
347 141 9
347 75 13
347 232 11
347 222 1
347 255 13
347 355 -6
347 118 20
347 260 -6
347 362 8
347 222 19
348 156 1
348 334 -6
348 342 -1
348 144 9
348 363 10
348 21 14
348 182 3
348 30 8
348 191 20
348 379 13
348 345 11
348 282 8
348 231 6
348 19 10
348 5 9
348 5 15
348 202 19
349 192 4
349 43 -8
349 394 16
349 411 1
349 222 -10
349 259 -4
349 47 -10
349 221 -3
349 370 -2
349 115 18
349 259 15
349 376 -5
349 387 -4
350 214 5
350 127 8
350 63 -9
350 41 -8
350 362 -10
350 388 -8
350 175 -2
350 337 20
351 124 10
351 393 14
351 194 11
351 77 12
351 296 20
351 370 -3
351 268 17
351 114 16
351 343 -7
351 114 7
351 285 -1
351 56 2
351 223 3
352 29 7
352 296 -9
352 309 -5
352 412 -9
352 328 10
352 297 15
352 297 7
352 218 14
352 35 -8
352 282 2
352 347 -3
353 342 20
353 337 -5
353 362 5
353 25 -8
353 121 14
353 348 8
353 314 17
353 287 13
353 134 13
353 395 14
353 184 -8
354 262 -2
354 103 15
354 382 -6
354 54 4
354 396 8
354 278 12
354 15 4
354 171 2
354 172 10
354 251 4
354 323 19
355 119 -3
355 268 14
355 125 3
355 166 15
355 396 -7
355 278 9
355 196 15
355 77 20
355 210 17
355 120 -1
355 227 -3
355 6 -9
355 20 1
355 206 -8
355 16 19
355 266 17
356 202 -3
356 6 -8
356 104 19
356 418 18
356 254 8
356 21 12
356 11 4
356 382 10
356 139 1
356 135 18
356 375 -1
356 104 7
356 163 13
356 62 -10
356 300 20
357 300 11
357 231 -5
357 333 -2
357 319 14
357 395 7
357 190 7
357 215 4
357 398 7
357 49 9
357 80 -10
357 381 -8
357 235 -9
357 310 7
357 267 4
358 104 13
358 5 19
358 33 18
358 194 -10
358 276 3
358 385 6
358 26 3
358 220 9
358 302 16
358 397 2
358 299 20
359 12 17
359 225 -10
359 119 5
359 90 13
359 76 6
359 79 8
359 360 -9
359 1 19
359 206 -2
359 179 -4
359 71 -9
359 243 -6
360 172 16
360 315 1
360 245 20
360 192 19
360 211 -10
360 198 5
360 196 -3
360 318 14
360 404 16
360 288 11
360 328 4
360 105 13
360 56 7
360 172 -1
360 49 1
360 21 2
361 284 -7
361 394 1
361 28 -2
361 187 -1
361 327 -10
361 242 -4
361 8 1
361 388 4
361 211 20
361 175 -3
361 296 6
362 10 4
362 132 11
362 77 8
362 167 3
362 189 9
362 363 14
362 77 5
362 184 2
362 171 -9
362 44 -4
362 245 2
362 220 -10
362 212 15
363 312 15
363 334 2
363 422 -5
363 200 -5
363 67 18
363 416 8
363 78 2
363 419 -3
363 157 3
363 327 1
364 4 -5
364 201 18
364 80 18
364 120 18
364 349 19
364 104 18
364 355 12
364 187 -10
364 154 -8
364 352 12
364 303 -6
364 38 -1
364 22 8
364 76 18
365 152 11
365 232 5
365 70 2
365 278 6
365 200 -10
365 273 4
365 269 10
365 18 9
365 51 9
365 336 -9
365 134 9
366 353 -3
366 150 -9
366 323 8
366 45 -6
366 156 -4
366 89 16
366 192 14
366 282 -2
366 234 15
367 357 10
367 130 20
367 42 11
367 231 18
367 62 18
367 88 -9
367 399 17
367 85 2
367 272 13
367 374 -1
368 274 14
368 375 13
368 120 18
368 218 11
368 146 19
368 123 11
368 71 -4
368 22 15
368 77 4
368 22 19
368 80 -2
369 162 18
369 7 11
369 367 3
369 264 -9
369 159 1
369 370 -5
369 382 16
369 272 15
369 87 -9
369 249 8
369 204 17
370 172 15
370 70 11
370 117 12
370 416 -7
370 194 10
370 354 -4
370 266 16
370 277 7
370 211 -7
370 159 -3
371 268 11
371 11 11
371 246 18
371 16 -2
371 35 3
371 76 -6
371 160 -2
371 104 19
371 364 10
371 89 -9
371 207 14
371 374 20
371 311 -4
372 410 18
372 126 -6
372 114 9
372 295 2
372 241 1
372 6 12
372 243 -7
372 42 8
372 401 3
372 1 5
373 72 -4
373 59 -3
373 317 12
373 413 -5
373 281 3
373 399 17
373 272 1
373 326 15
373 343 -9
373 29 6
373 63 2
373 371 -4
374 181 -3
374 115 16
374 370 -5
374 220 12
374 29 -5
374 190 15
374 342 -10
374 16 11
374 397 -3
375 172 -8
375 123 13
375 146 6
375 153 2
375 77 11
375 388 -1
375 281 14
375 238 8
375 341 9
375 113 11
375 102 1
375 343 -1
375 279 18
375 416 4
375 205 -8
375 179 -2
375 181 -6
375 270 2
375 421 14
376 423 2
376 121 -6
376 144 3
376 358 -4
376 118 2
376 328 15
376 163 -6
376 245 -4
376 43 -10
377 204 4
377 279 5
377 153 -8
377 120 1
377 384 7
377 354 -6
378 285 16
378 242 9
378 147 7
378 186 -1
378 153 17
378 219 17
378 203 -1
378 404 -7
378 187 15
378 323 -2
378 26 18
378 105 12
379 313 12
379 372 -7
379 158 20
379 53 1
379 398 -10
379 185 -6
379 145 11
379 389 -6
379 184 10
379 367 11
379 42 12
379 328 7
379 292 16
380 412 6
380 65 -2
380 20 4
380 384 9
380 10 12
380 41 3
380 362 -6
380 370 6
380 411 -9
380 409 -10
380 270 -10
380 241 2
381 245 -6
381 258 1
381 361 7
381 377 15
381 65 -8
381 72 -5
381 48 -8
381 28 11
381 240 4
381 380 2
381 363 -5
381 16 -5
381 292 -8
381 63 -3
382 235 6
382 379 -1
382 289 19
382 279 20
382 158 14
382 41 1
382 2 -8
382 259 -7
382 142 17
382 51 -3
382 12 -6
382 5 9
382 399 -10
383 158 11
383 331 10
383 166 -4
383 205 14
383 246 -4
383 216 18
383 267 -8
383 237 6
383 396 7
383 340 -7
383 224 2
383 321 10
383 109 4
383 93 -3
384 225 9
384 324 9
384 346 5
384 329 5
384 95 -9
384 396 10
384 289 19
384 100 -10
384 266 3
384 312 14
385 418 1
385 287 -5
385 371 13
385 320 -3
385 416 -2
385 343 5
385 206 5
385 274 6
385 224 16
385 172 17
386 318 19
386 85 17
386 38 20
386 346 4
386 22 17
386 337 -5
386 191 -3
386 176 2
386 158 12
386 167 -3
386 199 -9
387 160 13
387 193 15
387 124 -5
387 418 -6
387 316 6
387 171 11
387 224 -3
387 105 10
387 420 -2
387 6 13
387 100 4
387 201 6
387 48 20
387 106 6
387 256 9
387 295 20
387 139 -2
387 367 -9
387 321 -2
388 255 -8
388 151 6
388 213 8
388 365 9
388 412 -8
388 275 14
388 237 12
388 223 -1
388 280 20
388 342 -8
388 176 13
388 46 5
389 75 15
389 113 3
389 177 8
389 42 2
389 87 -6
389 1 10
389 117 8
389 181 13
389 374 -10
389 191 -1
389 182 8
389 67 -9
389 360 -2
389 220 -6
389 382 -9
389 79 7
389 424 7
390 80 -7
390 348 16
390 298 -6
390 278 13
390 413 18
390 86 -7
390 377 5
390 186 5
390 148 -3
390 254 9
390 353 16
390 224 12
390 339 -5
390 115 11
390 366 -8
390 359 3
390 144 -6
391 352 3
391 78 17
391 302 -3
391 4 -1
391 146 -8
391 295 11
391 217 11
391 359 1
391 257 11
391 25 -2
391 89 17
392 2 -10
392 97 -10
392 324 14
392 207 18
392 2 20
392 152 -4
392 346 6
392 89 6
393 379 12
393 172 2
393 312 13
393 361 14
393 180 13
393 162 11
393 121 10
393 43 -4
393 293 11
393 364 17
393 323 1
393 270 17
393 187 17
393 28 11
393 312 20
393 86 4
394 313 6
394 219 17
394 74 -8
394 389 -2
394 170 -8
394 291 8
394 105 18
394 258 -9
394 326 6
394 168 12
395 258 -4
395 75 19
395 9 12
395 75 20
395 337 6
395 411 4
395 45 2
395 327 19
395 325 12
395 88 -6
395 69 1
395 369 12
395 413 15
395 336 -5
396 41 1
396 184 7
396 298 10
396 86 5
396 80 -4
396 351 2
396 58 17
396 287 7
396 117 -1
397 266 -9
397 36 11
397 150 7
397 55 15
397 115 -10
397 208 18
397 219 -2
397 66 15
397 200 6
397 365 -5
397 111 10
397 63 -10
397 325 5
397 322 8
397 231 10
397 280 -9
397 386 2
397 357 6
397 11 20
397 219 -1
398 23 -2
398 75 -9
398 357 4
398 287 19
398 184 7
398 248 13
398 56 -7
398 230 19
398 307 -5
398 181 13
398 303 11
399 261 -3
399 184 9
399 271 17
399 202 6
399 410 2
399 421 11
399 141 12
399 192 -8
399 66 -9
399 114 14
399 46 6
399 418 -1
399 143 18
399 418 7
399 135 13
399 384 4
399 413 -9
399 391 -3
400 294 -5
400 121 5
400 31 8
400 254 7
400 232 10
400 79 19
400 272 4
400 112 11
400 275 -6
400 230 -4
400 57 -3
401 94 -3
401 387 7
401 121 -2
401 298 17
401 145 -1
401 64 -2
401 78 14
401 125 11
401 37 -3
401 150 4
401 185 8
401 252 10
401 210 1
401 18 -5
401 249 1
401 379 -3
401 237 9
401 63 15
401 164 16
401 373 10
402 303 19
402 330 7
402 246 -2
402 55 -10
402 76 15
402 166 11
402 49 4
402 237 20
402 326 1
402 171 2
402 335 4
402 221 15
402 253 -8
402 376 15
402 195 17
402 177 2
402 320 -4
402 386 7
403 419 11
403 420 3
403 342 -9
403 25 15
403 80 15
403 405 11
403 24 11
403 399 -3
403 58 -1
404 118 -5
404 356 11
404 1 9
404 199 2
404 127 13
404 105 16
404 95 -3
405 186 16
405 330 -5
405 208 10
405 116 5
405 182 17
405 151 20
405 340 -6
405 407 -2
405 240 17
405 339 -6
406 159 -2
406 166 7
406 87 4
406 55 13
406 422 4
406 184 6
406 74 7
406 302 13
406 261 -8
406 252 15
406 285 -2
406 311 -9
406 189 -5
406 181 6
407 267 -2
407 319 12
407 412 -2
407 189 -9
407 225 18
407 328 -4
407 91 18
407 196 -9
407 222 -2
407 3 -4
407 392 -7
407 29 20
407 78 -1
408 86 -5
408 231 11
408 198 10
408 30 11
408 3 -3
408 215 17
408 54 17
408 241 11
409 107 -3
409 202 17
409 105 9
409 324 -1
409 385 -4
409 94 14
409 151 1
409 403 20
409 187 20
409 21 2
409 366 -3
410 322 6
410 69 11
410 138 -10
410 337 -8
410 120 3
410 89 2
410 289 11
410 210 -8
410 133 17
410 124 4
410 339 8
410 386 -9
410 19 13
410 128 16
410 13 -7
410 328 -2
410 11 19
411 298 4
411 294 5
411 9 6
411 103 2
411 228 7
411 153 15
411 137 3
411 3 13
411 82 -8
411 224 20
411 320 7
411 417 1
412 77 10
412 211 5
412 170 4
412 419 11
412 151 15
412 124 -10
412 314 -10
412 64 7
412 89 -10
412 25 20
412 291 6
412 230 18
412 125 5
412 142 10
412 235 16
412 202 -1
413 104 -5
413 73 -5
413 224 -1
413 366 -4
413 19 10
413 422 -5
413 152 -2
413 216 16
413 99 -2
413 56 7
413 233 -4
414 395 -4
414 422 -4
414 390 11
414 351 6
414 17 5
414 51 -2
414 118 8
414 411 -3
414 396 2
414 221 9
415 163 18
415 285 18
415 164 10
415 405 15
415 408 2
415 332 16
415 126 1
415 405 13
415 137 4
415 413 -7
415 334 8
415 375 -8
415 134 16
415 388 -5
415 196 -9
415 239 7
415 235 6
415 219 -3
416 319 -8
416 402 13
416 67 -7
416 315 -3
416 172 10
416 271 16
416 375 3
416 214 9
416 386 10
416 205 -8
416 403 1
416 189 -8
417 414 15
417 245 -8
417 119 5
417 380 8
417 15 -4
417 209 17
417 298 6
417 6 -3
417 252 11
417 335 15
417 208 -3
417 355 7
417 352 17
417 314 18
417 396 1
417 410 4
417 176 -5
417 306 -10
417 345 -4
418 307 16
418 177 7
418 95 3
418 1 12
418 119 18
418 356 12
418 127 8
418 153 15
418 216 10
418 164 5
418 358 -2
418 210 -2
418 69 17
418 303 1
418 184 16
419 137 18
419 330 8
419 184 14
419 265 5
419 390 12
419 8 15
419 24 14
419 388 1
419 112 3
419 12 -10
419 69 8
419 251 1
419 272 14
419 86 -3
420 182 20
420 268 12
420 339 -7
420 227 16
420 412 8
420 258 -10
420 301 4
420 71 -7
420 312 -9
420 143 12
420 359 -3
420 81 19
420 157 10
420 256 -10
420 202 -2
421 283 9
421 337 13
421 38 11
421 374 9
421 19 16
421 233 16
421 121 -1
421 137 15
421 186 10
422 360 -3
422 220 19
422 253 -4
422 178 15
422 290 7
422 421 19
422 207 15
422 56 -3
422 111 -7
422 117 4
422 414 -10
422 213 -6
423 402 8
423 383 -9
423 90 -3
423 123 -8
423 182 18
423 89 14
423 368 13
423 267 4
423 20 13
424 67 2
424 418 -8
424 83 -10
424 95 3
424 106 -2
424 163 12
424 325 14
424 306 12
424 66 -2
424 147 5
424 366 2
424 170 20
424 132 18
