140 5494
1 65 -7
1 115 5
1 133 -5
1 84 5
1 122 6
1 40 14
1 61 5
1 25 6
1 66 2
1 11 20
1 72 4
1 55 19
1 136 -4
1 93 -4
1 87 18
1 139 7
1 138 -10
1 113 7
1 109 -7
1 16 7
1 87 1
1 80 7
1 79 11
1 129 11
1 8 -1
1 12 6
2 118 8
2 12 10
2 92 -4
2 13 -2
2 69 4
2 28 -9
2 10 9
2 62 16
2 65 -7
2 32 12
2 69 16
2 108 -3
2 66 -1
2 133 -10
2 23 4
2 92 -1
2 27 -4
2 43 1
2 75 -4
2 60 2
2 37 15
2 47 11
2 68 -2
2 137 7
2 5 18
2 47 15
2 26 7
2 125 12
2 93 20
3 86 4
3 95 4
3 92 19
3 1 -9
3 42 -8
3 86 -7
3 69 -2
3 45 3
3 95 9
3 126 -3
3 88 12
3 46 -1
3 84 5
3 93 -4
3 129 -4
3 105 18
3 88 1
3 17 13
3 38 6
3 72 -4
3 31 4
3 19 8
3 28 -5
3 77 19
3 75 7
3 28 11
3 40 -9
3 125 8
3 136 -5
3 98 -4
3 103 -3
3 101 20
3 77 17
3 88 5
3 128 -1
3 109 7
3 52 1
3 131 4
3 33 -2
3 123 3
4 101 19
4 96 16
4 108 -8
4 117 4
4 24 -9
4 7 10
4 103 -8
4 138 18
4 87 -1
4 34 2
4 77 -5
4 1 3
4 97 -8
4 17 -3
4 135 8
4 95 3
4 52 5
4 82 11
4 42 10
4 64 16
4 122 12
4 66 2
4 63 1
4 101 20
4 49 -1
4 84 -1
4 105 7
4 87 4
4 116 1
4 95 18
4 93 -2
4 42 5
4 79 -9
4 111 14
4 23 11
4 64 1
4 96 15
5 17 -4
5 20 4
5 34 1
5 10 18
5 50 19
5 75 3
5 66 -2
5 107 19
5 70 15
5 38 1
5 134 18
5 35 -6
5 45 -9
5 112 -6
5 14 -10
5 33 -3
5 65 -5
5 80 9
5 70 -10
5 12 -2
5 12 20
5 105 17
5 87 7
5 36 1
5 55 -2
5 11 19
5 118 -9
5 107 2
5 89 9
5 66 3
5 77 19
5 83 6
5 76 16
5 95 5
5 42 6
5 100 20
5 27 4
5 52 3
5 60 -6
5 68 19
5 92 20
5 67 10
5 35 17
5 64 5
5 20 19
5 48 -9
5 74 15
5 8 9
5 97 7
5 130 17
5 53 -3
6 59 -6
6 45 -2
6 129 -4
6 61 10
6 91 -8
6 32 4
6 2 20
6 121 -5
6 125 -10
6 128 -2
6 37 -6
6 61 12
6 121 19
6 33 7
6 62 15
6 70 -10
6 22 2
6 101 1
6 96 13
6 118 -6
6 108 -4
6 22 11
6 123 -10
6 89 2
6 53 4
6 39 10
6 59 3
6 34 -9
6 17 9
6 118 7
6 13 15
6 33 -2
6 114 12
7 36 -7
7 128 -10
7 115 6
7 57 -10
7 73 8
7 23 6
7 3 -3
7 133 15
7 36 17
7 3 -8
7 56 7
7 8 11
7 118 2
7 71 19
7 3 5
7 29 -7
7 6 1
7 30 -7
7 30 7
7 13 15
7 27 -4
7 77 14
7 3 9
7 132 3
7 40 1
7 44 17
7 106 -7
7 25 11
7 86 8
7 127 1
7 138 -2
7 109 2
7 91 -7
7 81 4
7 110 16
7 106 6
7 115 -8
7 50 1
7 55 -10
7 63 -4
7 111 14
7 82 4
7 97 19
7 103 9
7 45 20
8 99 -5
8 131 15
8 51 15
8 139 7
8 13 4
8 116 18
8 135 8
8 126 12
8 121 19
8 50 1
8 89 4
8 52 11
8 84 16
8 139 -7
8 10 7
8 124 -3
8 38 3
8 31 -8
8 88 5
8 27 -3
8 4 -1
8 54 3
8 96 20
8 55 -1
8 78 19
8 79 -3
8 101 7
8 71 5
8 134 18
8 55 -3
8 78 15
8 58 -3
8 119 20
8 7 3
8 124 13
8 34 7
8 65 1
8 12 -8
8 130 -1
8 9 13
8 140 18
8 70 12
8 10 16
8 112 1
8 86 -6
9 134 8
9 102 -2
9 8 6
9 88 3
9 41 18
9 130 -5
9 23 15
9 88 16
9 126 -10
9 111 11
9 103 1
9 12 5
9 33 12
9 2 -1
9 16 4
9 130 14
9 128 -10
9 116 14
9 63 16
9 30 20
9 104 19
9 43 15
9 24 6
9 114 13
9 83 4
9 130 3
9 100 -1
9 117 9
9 80 16
9 99 -1
9 134 20
9 40 19
9 98 3
9 67 -9
9 112 -1
9 70 -9
9 50 2
9 48 4
9 60 -8
9 123 -3
9 100 15
9 58 -4
9 80 14
10 117 2
10 131 19
10 118 -10
10 123 11
10 101 4
10 43 -4
10 25 19
10 137 -1
10 57 9
10 34 -4
10 4 19
10 81 -5
10 83 -1
10 34 1
10 59 -9
10 2 -4
10 41 14
10 123 17
10 20 -3
10 90 15
10 98 3
10 21 -6
10 19 -9
10 125 -9
10 36 10
10 3 10
10 24 13
10 35 4
10 41 -4
10 71 19
10 76 6
10 36 2
10 71 5
10 32 6
10 104 1
10 75 12
10 97 2
11 125 17
11 46 19
11 57 14
11 51 14
11 52 11
11 61 -3
11 31 -9
11 57 18
11 78 19
11 116 -3
11 28 -1
11 2 14
11 56 14
11 118 -4
11 31 10
11 37 19
11 84 17
11 100 7
11 24 5
11 92 7
11 30 2
11 27 5
11 23 5
11 58 -4
11 53 -8
11 127 18
11 7 -9
11 97 7
11 120 5
11 94 17
11 128 -8
11 53 -2
11 93 18
11 133 -10
12 13 -4
12 88 15
12 138 13
12 136 -8
12 70 -9
12 6 15
12 19 7
12 15 3
12 40 3
12 55 3
12 37 16
12 4 17
12 13 -1
12 106 20
12 128 17
12 101 -4
12 139 20
12 30 10
12 122 -6
12 45 -6
12 9 4
12 116 19
12 108 7
12 32 9
12 98 -3
12 25 20
12 50 -1
12 8 19
12 68 16
12 109 1
12 28 3
12 86 12
12 74 15
12 21 9
12 62 14
12 23 2
12 39 -3
12 70 1
13 78 -2
13 121 2
13 122 16
13 82 -1
13 138 -8
13 72 15
13 121 13
13 6 -1
13 53 17
13 21 5
13 77 16
13 5 9
13 47 16
13 35 -9
13 92 -8
13 31 13
13 27 -5
13 35 19
13 66 18
13 61 16
13 51 9
13 61 8
13 41 -3
13 48 -8
13 136 3
13 129 -1
13 126 7
13 68 19
13 43 -10
13 93 4
13 138 8
13 29 8
13 61 -3
13 19 -1
13 11 -7
13 31 -6
13 47 8
13 106 9
13 104 7
13 41 -8
13 40 15
13 86 7
14 12 7
14 104 20
14 133 16
14 44 19
14 96 10
14 111 -9
14 43 1
14 35 20
14 122 10
14 116 12
14 81 13
14 137 6
14 19 -6
14 133 6
14 107 -5
14 78 -5
14 77 11
14 106 20
14 69 20
14 118 -1
14 48 12
14 24 1
14 57 18
14 32 -2
14 7 -8
14 120 12
14 79 -5
14 91 -1
14 121 9
14 11 8
14 63 18
14 31 -10
14 69 10
14 78 6
14 67 18
14 112 16
14 70 1
14 5 7
14 76 20
14 67 -9
14 108 -8
14 4 8
15 60 -10
15 127 -9
15 12 7
15 33 6
15 8 19
15 71 1
15 28 10
15 96 4
15 76 8
15 117 16
15 50 15
15 58 15
15 91 -1
15 56 18
15 19 1
15 73 8
15 114 -2
15 68 -9
15 32 11
15 6 17
15 60 -8
15 5 19
15 8 -8
15 118 18
15 44 -9
15 55 11
15 132 8
15 32 -4
15 42 7
15 54 3
15 121 7
15 26 17
15 58 -3
15 128 -1
15 17 10
15 131 15
16 112 14
16 102 18
16 118 -7
16 69 -3
16 109 1
16 104 14
16 81 -4
16 13 10
16 92 5
16 31 -10
16 105 20
16 46 1
16 77 14
16 125 20
16 121 4
16 28 14
16 10 4
16 134 -3
16 114 18
16 121 12
16 54 19
16 139 20
16 27 2
16 125 19
16 23 6
16 73 -8
16 36 7
16 9 -5
16 104 2
16 67 20
16 69 -7
16 48 10
16 9 -6
16 133 15
16 77 2
16 77 6
16 85 -10
16 2 -9
16 136 -1
16 12 -8
16 112 -3
16 51 6
16 6 4
17 26 1
17 7 16
17 140 16
17 113 13
17 131 -10
17 77 16
17 32 20
17 39 -1
17 35 8
17 122 18
17 57 17
17 88 9
17 51 -1
17 6 -8
17 20 20
17 22 4
17 64 17
17 74 4
17 138 18
17 131 12
17 116 20
17 121 -1
17 25 16
17 75 6
17 77 7
17 95 3
17 16 19
17 51 -5
17 8 -6
17 26 12
17 52 3
18 132 3
18 125 -2
18 134 9
18 4 20
18 135 14
18 29 17
18 82 -6
18 44 18
18 37 3
18 73 -10
18 4 -7
18 13 -9
18 120 5
18 51 3
18 92 14
18 50 18
18 23 8
18 114 -6
18 63 6
18 52 -2
18 6 7
18 85 3
18 30 8
18 131 3
18 99 1
18 131 -9
18 16 18
18 71 9
18 136 -1
18 34 -2
18 58 -5
18 126 19
18 98 4
18 100 -5
18 26 16
18 112 9
18 91 -8
18 65 -4
18 81 -5
18 99 4
18 15 5
18 138 -8
18 67 1
19 124 14
19 5 2
19 127 8
19 6 14
19 25 4
19 32 8
19 51 2
19 81 5
19 128 2
19 2 8
19 127 1
19 11 2
19 61 -8
19 73 -1
19 87 -3
19 126 1
19 63 5
19 73 -6
19 1 14
19 57 -9
19 8 19
19 127 4
19 42 18
19 45 -5
19 70 12
19 85 18
19 124 8
19 126 -10
19 60 2
19 101 4
19 52 15
19 74 -5
19 85 10
19 52 2
19 32 7
19 91 7
19 30 11
19 108 6
19 24 -7
19 65 2
19 33 -7
20 21 13
20 10 12
20 60 -4
20 108 13
20 50 14
20 10 1
20 65 3
20 72 4
20 80 19
20 47 -5
20 95 -5
20 17 10
20 81 1
20 4 19
20 1 19
20 6 18
20 89 -4
20 91 -5
20 106 6
20 89 -10
20 31 1
20 14 14
20 28 17
20 78 11
20 15 7
20 74 1
20 125 3
20 30 11
20 103 16
20 34 6
20 32 17
20 72 -9
20 122 9
20 125 16
20 24 18
20 61 -8
20 108 -6
20 12 -6
20 105 2
20 60 2
20 26 -10
20 54 17
20 105 19
20 15 20
20 104 2
21 136 16
21 88 19
21 36 -1
21 9 18
21 121 -3
21 3 -3
21 63 -10
21 68 -10
21 71 -7
21 88 -9
21 67 3
21 15 -9
21 58 -10
21 75 -3
21 52 -4
21 81 19
21 101 7
21 138 5
21 115 3
21 19 -4
21 106 -8
21 25 14
21 56 19
21 54 -1
21 84 17
21 48 1
21 93 3
21 95 -7
21 64 10
21 124 -3
21 102 13
21 100 2
21 95 -10
21 127 15
21 113 10
21 106 -2
21 139 -8
21 95 16
21 140 8
21 96 -1
21 122 6
22 92 17
22 115 -6
22 127 19
22 39 -6
22 44 4
22 40 11
22 68 13
22 71 -6
22 30 13
22 129 -4
22 47 10
22 119 17
22 69 -3
22 40 6
22 25 3
22 41 5
22 129 11
22 38 13
22 114 6
22 30 2
22 8 2
22 109 14
22 31 1
22 4 20
22 23 10
22 20 13
22 1 -8
22 68 13
22 28 16
22 51 -4
22 44 16
22 113 11
22 86 -6
22 63 13
23 40 -2
23 27 2
23 18 18
23 66 16
23 31 13
23 102 2
23 93 1
23 57 18
23 78 8
23 70 4
23 47 -9
23 45 16
23 44 9
23 60 -6
23 130 -4
23 40 2
23 71 5
23 35 8
23 27 -1
23 42 13
23 56 3
23 34 -8
23 61 9
23 107 13
23 101 19
23 61 14
23 2 18
23 139 -7
23 85 -4
23 133 4
23 133 4
23 137 15
23 70 19
23 60 -5
23 110 -7
23 17 -5
23 6 -6
23 95 16
24 22 10
24 122 -4
24 132 7
24 137 -2
24 113 -5
24 74 -10
24 38 9
24 25 -3
24 90 17
24 25 8
24 48 12
24 20 -1
24 20 8
24 22 13
24 109 -1
24 74 -3
24 132 13
24 15 5
24 89 20
24 126 13
24 126 -4
24 38 2
24 124 -1
24 89 13
24 132 10
24 101 -10
24 102 -3
24 18 8
24 80 5
24 22 -1
24 76 -7
24 108 12
24 76 -3
24 17 11
24 36 7
24 68 -5
24 53 -8
24 107 4
24 99 -10
24 137 -7
25 14 14
25 6 10
25 130 -7
25 71 -4
25 3 -8
25 105 8
25 58 11
25 20 2
25 3 7
25 122 13
25 65 7
25 72 4
25 21 -1
25 41 10
25 74 6
25 97 15
25 9 4
25 118 10
25 13 5
25 78 -9
25 98 1
25 26 20
25 12 2
25 9 -9
25 75 20
25 51 20
25 110 -1
25 47 -5
25 37 -3
25 125 9
25 62 12
25 72 -2
25 113 -10
25 40 16
26 73 -8
26 19 20
26 47 -5
26 93 -6
26 6 -5
26 42 3
26 39 -1
26 58 5
26 138 -1
26 100 -5
26 36 -4
26 9 18
26 135 -4
26 96 4
26 8 -5
26 11 9
26 111 11
26 121 8
26 126 -3
26 108 8
26 19 16
26 37 -3
26 130 2
26 27 16
26 85 -9
26 110 11
26 12 4
26 91 9
26 114 -9
26 104 10
26 68 -7
26 75 8
26 79 18
26 19 13
26 90 15
26 139 11
26 138 -1
26 28 -1
26 69 20
26 11 -6
26 64 11
26 139 13
26 75 -6
26 95 6
26 115 -4
26 128 7
26 91 -1
26 3 -7
26 10 -8
26 5 4
26 18 12
26 73 20
26 37 -5
26 13 19
27 81 13
27 39 15
27 113 17
27 123 -1
27 17 -3
27 88 -7
27 135 5
27 117 6
27 21 -2
27 102 -10
27 45 2
27 130 -4
27 70 8
27 85 4
27 6 13
27 4 16
27 96 11
27 85 20
27 5 3
27 99 9
27 102 4
27 23 13
27 46 8
27 91 16
27 133 -10
27 64 -3
27 19 8
27 104 20
27 75 12
27 4 5
27 30 10
27 37 6
27 117 -10
28 8 -10
28 68 3
28 55 12
28 115 9
28 54 15
28 50 15
28 109 7
28 86 2
28 49 11
28 11 10
28 29 3
28 34 5
28 12 5
28 97 9
28 138 15
28 112 -3
28 2 12
28 38 -6
28 111 12
28 59 -3
28 1 6
28 27 8
28 110 -2
28 84 -1
28 85 -5
28 104 18
28 87 -1
28 23 19
28 133 15
28 49 13
28 63 17
28 117 2
28 29 5
28 10 16
28 17 13
28 118 -3
28 83 6
28 60 18
28 61 1
28 4 10
28 71 9
28 58 -2
28 52 -1
28 16 -2
28 136 -10
29 50 -2
29 30 15
29 65 3
29 140 -8
29 30 -1
29 19 3
29 103 17
29 3 8
29 106 4
29 101 -2
29 41 4
29 51 7
29 89 -6
29 53 -6
29 12 5
29 140 12
29 92 7
29 31 -10
29 76 18
29 44 20
29 60 -8
29 60 4
29 21 16
29 139 10
29 4 -10
29 65 18
29 15 7
29 94 19
29 99 -10
30 102 2
30 124 10
30 31 15
30 34 -8
30 116 -2
30 80 -5
30 105 4
30 112 -3
30 12 11
30 102 10
30 135 -5
30 134 14
30 59 10
30 54 7
30 9 -9
30 9 12
30 55 5
30 67 -7
30 61 12
30 14 -6
30 133 -5
30 118 9
30 18 15
30 3 2
30 38 -9
30 16 18
30 53 10
30 83 17
30 109 16
30 56 -4
30 49 -3
30 85 -10
30 6 19
30 110 4
30 58 6
30 52 18
30 2 4
30 118 9
30 59 5
30 127 4
30 25 16
30 82 5
30 103 5
30 99 19
30 124 -8
30 97 4
30 126 -8
30 78 15
30 103 19
30 43 14
31 12 12
31 10 10
31 139 16
31 105 3
31 70 -9
31 94 -4
31 57 8
31 41 2
31 63 18
31 124 8
31 138 15
31 111 16
31 90 17
31 103 -10
31 71 9
31 68 2
31 93 7
31 29 3
31 68 -3
31 68 -10
31 82 5
31 82 9
31 64 15
31 6 13
31 9 -1
31 136 3
31 92 2
31 28 6
31 132 19
31 99 18
31 138 6
31 88 18
31 64 11
31 68 18
31 71 16
31 48 1
31 8 17
31 72 -6
31 127 -9
31 52 -5
31 113 -1
31 75 14
32 5 16
32 48 1
32 95 2
32 127 6
32 47 12
32 12 12
32 38 -6
32 47 9
32 23 11
32 83 -4
32 60 14
32 105 1
32 67 -10
32 80 15
32 121 9
32 137 6
32 21 3
32 123 10
32 71 -5
32 135 20
32 56 12
32 104 13
32 62 -4
32 55 5
32 135 -4
32 59 6
32 138 19
32 98 9
32 43 7
32 55 -8
32 76 13
32 34 -7
33 134 9
33 78 -3
33 11 15
33 101 16
33 80 -3
33 74 -2
33 126 14
33 80 -3
33 8 6
33 25 20
33 60 1
33 29 -2
33 80 5
33 93 1
33 11 8
33 25 -10
33 130 2
33 114 -10
33 91 10
33 96 -9
33 114 -3
33 64 -5
33 105 18
33 21 6
33 90 -10
33 28 -7
33 97 4
33 113 -9
33 24 -3
33 113 13
33 14 4
33 27 -8
33 10 16
33 1 20
33 99 -6
33 82 16
33 67 3
33 15 -6
33 7 18
33 43 16
33 60 20
33 77 10
33 104 -4
34 69 -9
34 4 13
34 118 5
34 133 3
34 95 16
34 75 16
34 13 19
34 133 16
34 31 15
34 1 15
34 57 -1
34 41 4
34 99 7
34 58 15
34 55 -8
34 60 8
34 134 -6
34 19 8
34 110 16
34 123 4
34 118 -3
34 40 17
34 22 19
34 13 20
34 40 18
34 23 -9
34 136 6
34 136 12
34 38 -5
34 75 -4
34 126 14
34 47 7
34 10 -8
34 4 16
34 5 6
34 17 -6
34 75 20
34 51 19
34 94 8
34 65 -10
34 80 -5
35 76 -8
35 56 -4
35 75 1
35 64 8
35 82 3
35 123 15
35 77 1
35 78 1
35 84 -8
35 140 3
35 43 11
35 6 13
35 34 -2
35 5 3
35 105 8
35 3 19
35 94 20
35 89 15
35 45 -2
35 122 -1
35 79 13
35 115 -10
35 86 8
35 130 14
35 68 3
35 22 18
35 80 -4
35 58 7
35 51 -10
35 113 3
35 51 15
35 52 9
35 75 12
35 116 5
35 84 10
35 47 9
35 94 -3
35 32 10
35 47 -2
35 97 -9
35 83 11
35 39 17
35 114 17
35 32 10
36 32 3
36 139 10
36 26 -8
36 101 11
36 140 -10
36 25 19
36 91 14
36 68 -3
36 94 8
36 112 16
36 79 6
36 102 -7
36 115 9
36 17 5
36 87 6
36 8 -10
36 10 7
36 64 2
36 56 -9
36 15 -4
36 134 11
36 112 2
36 82 19
36 21 -8
36 51 -4
36 85 -1
36 120 -6
36 62 -2
36 82 -3
36 140 18
36 35 14
36 5 4
36 58 17
37 131 -10
37 45 16
37 122 -8
37 140 16
37 14 -1
37 125 -3
37 58 10
37 102 2
37 28 9
37 83 20
37 39 -6
37 2 17
37 95 -8
37 32 12
37 94 2
37 57 6
37 68 3
37 59 -1
37 100 -4
37 10 16
37 134 7
37 18 -2
37 55 1
37 70 13
37 72 13
37 20 -1
37 53 12
37 89 11
37 7 3
37 114 7
37 30 -9
37 138 13
37 132 13
37 134 7
37 83 17
38 44 9
38 58 -9
38 11 -3
38 56 7
38 113 13
38 22 -2
38 1 -9
38 47 -7
38 133 8
38 42 13
38 97 5
38 106 7
38 120 9
38 94 6
38 41 -6
38 118 -8
38 83 11
38 39 -4
38 137 -1
38 139 6
38 30 -9
38 125 -2
38 123 -6
38 48 12
38 60 14
38 95 1
38 130 -3
38 14 -6
38 43 19
38 58 12
38 15 -2
38 121 8
38 67 16
38 131 20
38 19 6
38 76 18
38 98 14
38 117 -5
38 100 -9
38 79 16
38 7 14
38 39 5
38 5 -4
38 89 10
38 8 1
38 131 -8
39 40 16
39 132 19
39 19 6
39 96 19
39 10 11
39 76 -4
39 90 11
39 34 -5
39 88 5
39 134 9
39 127 5
39 64 4
39 25 -10
39 125 4
39 22 3
39 65 -1
39 49 -4
39 65 1
39 52 14
39 15 -5
39 54 -5
39 9 11
39 7 -7
39 52 14
39 93 20
39 72 19
39 51 5
39 20 -6
39 101 -4
39 128 -1
39 15 5
39 86 -1
39 40 17
39 78 16
39 126 -8
39 8 -7
39 118 4
39 130 18
39 9 4
39 132 13
39 12 17
39 45 17
39 92 -5
39 140 -6
40 13 1
40 60 8
40 53 16
40 18 17
40 133 2
40 87 -2
40 76 5
40 110 -7
40 87 -2
40 9 3
40 83 8
40 100 5
40 137 -10
40 88 -1
40 98 -10
40 111 -1
40 89 15
40 71 3
40 74 11
40 44 18
40 2 20
40 51 1
40 27 -4
40 52 7
40 67 2
40 4 -1
40 46 17
40 98 13
40 27 -7
41 78 14
41 85 5
41 24 10
41 74 -5
41 114 5
41 92 1
41 42 18
41 97 13
41 109 15
41 58 5
41 39 -10
41 103 7
41 75 -5
41 137 -4
41 80 8
41 3 -7
41 80 -6
41 36 -7
41 106 11
41 115 5
41 119 4
41 24 -3
41 6 9
41 36 -9
41 23 16
41 28 14
41 51 20
41 87 20
41 48 -3
41 31 2
41 15 2
41 5 19
41 135 -10
41 128 -1
41 86 -1
41 1 11
41 139 11
41 37 10
41 22 -8
41 106 -8
41 31 13
41 47 -1
41 102 1
41 116 -8
41 47 -7
41 122 -3
41 97 9
41 106 16
41 114 -8
42 108 7
42 40 8
42 33 14
42 95 -10
42 88 6
42 85 9
42 11 -7
42 67 13
42 50 18
42 48 2
42 35 12
42 49 13
42 52 5
42 63 -4
42 65 -6
42 94 4
42 28 16
42 79 1
42 37 -9
42 115 3
42 59 8
42 103 11
42 77 -7
42 66 14
42 122 1
42 121 -10
42 132 13
42 1 -6
42 21 5
42 60 -6
42 90 3
42 102 -1
42 137 -5
42 37 1
42 124 -6
42 29 10
42 120 1
42 110 20
42 16 -10
42 130 20
42 46 15
42 48 20
42 66 -7
43 119 18
43 36 9
43 42 -7
43 85 -7
43 61 17
43 132 -3
43 21 11
43 107 9
43 76 20
43 48 -5
43 41 19
43 44 -9
43 70 19
43 112 17
43 15 10
43 35 12
43 119 3
43 12 -10
43 52 -7
43 21 19
43 87 11
43 56 -2
43 133 -4
43 109 16
43 89 8
43 80 -8
43 103 -6
43 90 4
43 118 3
43 56 8
43 68 4
43 45 -2
43 96 5
43 70 13
44 104 -6
44 117 -10
44 68 17
44 111 11
44 89 7
44 1 4
44 25 6
44 78 -6
44 28 13
44 104 7
44 84 6
44 100 17
44 131 5
44 15 13
44 34 8
44 109 13
44 68 1
44 80 -7
44 123 6
44 129 2
44 94 13
44 136 16
44 133 -5
44 64 -10
44 68 -6
44 13 14
44 64 15
44 83 -5
44 53 7
44 125 -8
44 23 20
44 60 9
44 111 18
44 40 -5
44 56 -5
44 78 -5
44 35 18
45 14 -3
45 108 1
45 13 -5
45 108 14
45 23 9
45 115 -1
45 91 -3
45 64 4
45 118 -10
45 61 -8
45 15 14
45 21 9
45 140 -5
45 17 -2
45 60 -7
45 96 -8
45 42 -4
45 64 11
45 86 -6
45 43 1
45 103 -10
45 14 3
45 93 18
45 93 -2
45 83 -9
45 112 14
45 104 10
45 2 18
45 1 -10
45 9 -7
46 93 -4
46 80 2
46 41 -10
46 103 -1
46 44 3
46 130 9
46 56 18
46 102 8
46 15 9
46 74 18
46 8 14
46 66 2
46 84 -2
46 32 -9
46 9 -2
46 134 9
46 118 -2
46 5 -1
46 4 11
46 59 20
46 29 -10
46 21 9
46 76 -5
46 26 -9
46 47 17
46 17 -10
46 24 12
46 138 -9
46 33 1
46 35 13
46 84 15
46 50 -1
46 38 -8
46 99 8
46 77 -7
46 92 9
46 82 16
47 95 10
47 81 -3
47 23 1
47 137 10
47 100 3
47 42 -6
47 72 -8
47 4 11
47 56 4
47 64 -5
47 18 -7
47 36 15
47 71 -9
47 27 10
47 125 -5
47 15 19
47 79 20
47 102 7
47 118 1
47 9 2
47 16 1
47 31 15
47 127 6
47 79 13
47 50 7
47 63 7
47 92 2
47 50 18
47 69 15
47 17 13
47 49 1
47 127 6
47 95 3
47 112 8
47 132 13
47 80 9
47 6 -5
47 116 17
47 35 9
47 127 16
47 125 19
47 76 1
47 51 19
47 127 -9
47 103 16
48 109 19
48 136 -2
48 85 2
48 46 -6
48 89 -8
48 135 -6
48 7 -1
48 22 -7
48 29 1
48 60 -2
48 15 -6
48 9 15
48 110 2
48 5 5
48 99 2
48 57 -8
48 102 18
48 41 10
48 73 -5
48 117 20
48 139 7
48 132 13
48 71 9
48 138 18
48 137 8
48 94 9
48 38 16
48 35 16
48 12 -5
48 97 -8
48 102 5
48 82 20
48 130 15
49 45 12
49 100 7
49 48 -4
49 138 6
49 67 3
49 129 16
49 25 20
49 9 -3
49 83 5
49 122 -8
49 84 18
49 134 -6
49 80 -10
49 48 19
49 40 -8
49 20 12
49 120 1
49 53 13
49 42 4
49 71 12
49 96 2
49 37 3
49 29 14
49 45 6
49 140 -10
49 99 18
49 37 -3
49 129 6
49 102 4
49 34 -2
49 37 2
49 75 16
49 43 7
50 7 -8
50 104 17
50 97 13
50 28 19
50 3 14
50 71 -2
50 23 -3
50 120 11
50 5 9
50 100 9
50 23 -2
50 97 14
50 93 6
50 66 -1
50 26 -9
50 7 7
50 105 -2
50 128 20
50 28 16
50 137 -10
50 139 6
50 113 3
50 99 18
50 123 4
50 133 -10
50 6 19
50 24 -2
50 133 -8
50 18 9
50 17 7
50 137 16
50 21 15
50 11 10
50 34 12
50 127 12
50 136 3
50 65 4
50 112 16
50 75 -6
51 132 7
51 131 12
51 15 9
51 5 14
51 45 6
51 18 -9
51 70 9
51 103 -8
51 80 15
51 114 -1
51 118 8
51 124 -10
51 84 -8
51 135 20
51 128 -5
51 55 7
51 44 -5
51 72 6
51 57 14
51 127 -4
51 34 -4
51 73 12
51 75 3
51 96 15
51 99 4
51 121 17
51 38 8
51 22 8
51 28 15
51 106 16
51 21 10
51 5 7
51 111 7
51 15 -3
51 29 -2
51 2 2
51 121 18
51 6 5
51 127 1
51 100 -8
51 9 -9
51 113 8
52 28 -3
52 91 4
52 81 11
52 49 -4
52 72 -5
52 14 7
52 116 -2
52 45 -8
52 12 17
52 129 15
52 139 4
52 54 -7
52 116 15
52 69 2
52 101 7
52 67 -5
52 91 -1
52 21 11
52 89 -2
52 53 -5
52 9 10
52 68 1
52 72 -9
52 134 -9
52 79 8
52 81 2
52 14 -4
52 117 6
52 124 -1
52 43 9
52 36 -9
52 1 -1
52 45 2
52 11 12
53 6 -8
53 115 9
53 93 -10
53 90 -1
53 138 -1
53 90 8
53 111 -9
53 98 19
53 103 18
53 32 -1
53 10 12
53 97 19
53 40 -5
53 100 -5
53 119 9
53 47 -7
53 119 20
53 26 12
53 9 5
53 92 14
53 59 -8
53 47 9
53 78 13
53 96 -2
53 39 -10
53 110 19
53 36 -7
53 135 -7
53 133 2
53 35 8
53 20 4
53 18 19
53 133 20
53 31 9
53 92 20
53 127 13
54 4 14
54 8 2
54 36 -6
54 43 4
54 9 16
54 87 -10
54 25 -10
54 91 -1
54 58 -9
54 30 8
54 39 9
54 16 -1
54 59 -9
54 87 -1
54 105 -8
54 14 15
54 111 14
54 113 16
54 18 -7
54 83 5
54 5 -8
54 124 11
54 4 8
54 68 12
54 25 -3
54 8 8
54 82 1
54 23 -1
54 30 16
54 6 11
54 113 -2
54 23 13
54 93 -2
54 31 18
54 90 -9
54 105 6
54 49 20
54 92 18
54 133 -5
54 49 17
54 57 12
55 103 14
55 66 9
55 111 -4
55 42 16
55 112 5
55 115 15
55 103 -10
55 8 7
55 16 11
55 73 5
55 3 18
55 8 8
55 101 16
55 79 -1
55 133 13
55 114 17
55 30 5
55 17 2
55 136 16
55 62 -6
55 16 -8
55 16 -4
55 81 -10
55 134 -2
55 131 -7
55 42 8
55 100 19
55 124 11
55 41 13
55 18 4
55 87 15
55 96 9
55 58 11
55 74 16
55 35 6
56 23 -3
56 37 14
56 91 9
56 137 19
56 121 7
56 99 18
56 70 3
56 115 -10
56 112 14
56 26 13
56 34 15
56 121 -4
56 111 1
56 72 18
56 5 -1
56 52 -5
56 116 11
56 75 4
56 33 2
56 73 14
56 1 17
56 21 18
56 68 8
56 20 3
56 8 6
56 24 -9
56 98 -9
56 116 15
56 122 12
56 124 16
56 77 -10
56 139 7
56 14 -8
56 37 -4
56 78 11
56 35 12
56 82 3
56 106 16
57 27 1
57 36 -9
57 11 -5
57 53 -2
57 115 3
57 4 -8
57 27 -3
57 108 -7
57 17 -9
57 69 -7
57 8 -1
57 73 18
57 39 -1
57 69 16
57 73 3
57 39 4
57 11 17
57 123 14
57 52 -4
57 21 20
57 86 10
57 78 20
57 121 3
57 44 -1
57 56 17
57 140 1
57 39 -10
57 106 -6
57 23 7
57 102 -8
57 82 15
57 42 -10
57 18 20
57 127 11
57 74 17
57 32 -6
57 108 10
57 35 15
58 20 -5
58 53 8
58 61 11
58 85 15
58 77 -9
58 43 16
58 42 16
58 48 -5
58 103 20
58 37 18
58 110 13
58 115 14
58 27 17
58 49 12
58 42 7
58 16 7
58 109 8
58 78 14
58 89 11
58 113 5
58 2 10
58 122 -8
58 83 11
58 65 -4
58 18 -3
58 132 -5
58 83 14
58 90 -4
58 135 -7
58 110 15
58 64 -8
58 34 6
58 94 5
58 105 8
58 101 13
59 60 -8
59 140 -9
59 20 14
59 25 -1
59 41 19
59 53 -10
59 24 2
59 92 14
59 23 12
59 12 -6
59 111 7
59 4 -2
59 86 20
59 106 -1
59 116 16
59 77 3
59 57 -10
59 23 10
59 117 -6
59 118 -3
59 44 1
59 90 -3
59 39 -4
59 104 -1
59 74 9
59 133 4
59 67 9
59 125 -5
59 18 -7
59 80 11
59 91 -8
59 1 -8
59 125 -5
59 27 17
59 39 -5
59 35 -4
59 31 18
59 18 11
59 16 -10
59 103 18
59 118 -2
59 31 4
59 95 12
59 15 -4
59 82 3
59 120 17
59 123 11
59 124 -7
59 6 4
59 80 11
60 1 -5
60 45 10
60 9 -8
60 59 18
60 98 -4
60 104 -5
60 57 -3
60 90 4
60 83 5
60 62 5
60 37 -10
60 125 9
60 65 3
60 137 9
60 46 7
60 139 17
60 93 18
60 73 -7
60 46 3
60 128 -8
60 58 -5
60 42 4
60 100 -7
60 21 5
60 140 16
60 32 12
60 92 11
60 125 -8
60 7 6
60 54 12
60 90 14
60 16 -2
60 94 11
60 115 -6
60 114 -4
60 120 18
60 95 -5
60 23 -3
60 47 15
60 50 5
60 68 1
60 83 -2
60 124 -5
60 136 2
60 22 5
61 51 9
61 78 16
61 133 5
61 69 -9
61 68 -1
61 104 -7
61 37 10
61 20 17
61 52 18
61 129 -9
61 118 -10
61 100 -9
61 82 2
61 12 15
61 27 6
61 66 12
61 73 -9
61 112 -9
61 65 -6
61 65 -8
61 31 18
61 108 -4
61 91 20
61 24 6
61 23 -7
61 16 20
61 111 13
61 122 -9
61 102 18
61 67 11
61 50 -6
61 34 15
61 10 -9
61 67 20
61 23 5
61 127 15
61 111 -9
61 94 -6
61 108 12
61 52 7
61 64 3
62 111 -5
62 27 -7
62 108 10
62 107 9
62 84 7
62 135 -4
62 75 4
62 119 4
62 19 -7
62 12 5
62 136 1
62 1 19
62 39 18
62 117 3
62 37 -6
62 77 -3
62 24 -2
62 36 5
62 90 -7
62 100 18
62 126 -7
62 21 10
62 76 17
62 21 -1
62 104 18
62 101 7
62 7 11
62 139 -6
62 131 -8
62 90 -2
62 120 -4
62 54 9
62 123 -2
62 97 15
62 26 -5
62 77 20
62 138 -1
62 109 -3
62 24 -5
62 93 -1
63 77 -1
63 110 -10
63 88 3
63 134 17
63 43 -8
63 45 4
63 32 -5
63 71 19
63 36 18
63 117 11
63 39 13
63 36 -6
63 99 5
63 120 1
63 75 12
63 23 -9
63 109 14
63 56 8
63 104 -7
63 11 7
63 70 -4
63 10 4
63 108 19
63 114 16
63 137 -2
63 122 20
63 80 15
63 52 1
63 86 9
63 30 11
63 10 12
63 107 18
63 81 2
63 130 18
63 59 20
63 131 -10
64 129 6
64 51 15
64 25 -10
64 88 -9
64 1 5
64 88 -5
64 23 15
64 37 -10
64 110 15
64 139 -9
64 44 12
64 18 18
64 50 7
64 94 -8
64 32 -8
64 65 16
64 112 -10
64 75 -1
64 25 -6
64 123 -3
64 28 3
64 17 -10
64 109 -9
64 120 14
64 112 1
65 59 -2
65 60 -7
65 26 2
65 111 -6
65 93 16
65 12 16
65 123 -2
65 135 -2
65 118 -8
65 90 11
65 67 -3
65 38 7
65 84 20
65 73 -2
65 17 6
65 84 11
65 78 9
65 14 15
65 18 6
65 46 19
65 54 9
65 117 12
65 130 6
65 7 6
65 1 -5
65 22 -7
65 7 5
65 22 3
65 23 -1
65 50 13
65 47 8
65 137 -2
65 132 5
65 100 15
65 7 3
65 69 -10
65 46 1
65 72 1
65 10 18
65 21 -4
65 58 12
65 3 -5
65 7 1
65 101 12
65 8 -9
65 41 13
65 50 -1
66 102 -2
66 79 -7
66 96 1
66 50 10
66 73 4
66 68 4
66 53 7
66 105 3
66 93 18
66 47 14
66 82 -9
66 125 -2
66 83 18
66 101 12
66 51 11
66 46 -7
66 29 7
66 55 16
66 37 -5
66 77 -9
66 111 8
66 135 -10
66 23 20
66 76 17
66 137 3
66 19 8
66 79 -8
66 40 7
66 71 2
67 116 12
67 50 7
67 113 3
67 2 -10
67 55 2
67 56 8
67 3 17
67 134 -10
67 13 -8
67 57 1
67 128 14
67 66 12
67 38 10
67 75 17
67 32 8
67 127 16
67 115 -9
67 140 -4
67 117 5
67 138 -6
67 83 -1
67 81 11
67 46 16
67 109 20
67 7 -1
67 41 -4
67 118 16
67 11 13
67 120 19
67 48 2
67 134 2
67 41 20
67 76 7
67 128 14
67 134 7
68 125 13
68 89 14
68 90 1
68 3 16
68 116 6
68 38 19
68 137 -1
68 61 18
68 115 2
68 37 -7
68 75 12
68 70 -5
68 83 -3
68 85 16
68 42 -10
68 4 2
68 126 -2
68 18 12
68 45 -8
68 95 -9
68 24 12
68 61 -6
68 73 -6
68 78 18
68 39 12
68 2 18
68 19 -6
68 54 10
68 92 -3
68 53 19
68 42 -5
68 119 -6
68 128 11
68 83 5
68 118 11
68 36 5
69 81 17
69 84 -8
69 54 -3
69 86 8
69 55 -4
69 74 -4
69 55 -6
69 29 12
69 47 -4
69 43 16
69 58 -5
69 104 -6
69 25 20
69 118 -10
69 74 3
69 47 8
69 63 16
69 130 13
69 120 20
69 54 18
69 79 1
69 27 5
69 91 -2
69 62 12
69 109 11
69 117 -10
69 14 17
69 31 1
69 24 -6
69 138 -3
69 21 15
69 127 2
69 83 4
69 40 5
69 52 15
69 116 17
69 114 9
69 50 -4
69 122 6
70 96 -3
70 27 11
70 77 19
70 26 3
70 21 7
70 93 3
70 101 -3
70 58 16
70 23 1
70 9 2
70 40 -8
70 67 4
70 97 13
70 33 7
70 31 -6
70 18 -10
70 117 5
70 28 13
70 51 -1
70 83 6
70 10 9
70 93 16
70 56 -2
70 49 7
70 44 8
70 43 3
70 51 12
70 3 1
70 2 17
70 26 12
70 94 16
70 87 12
70 51 2
70 40 14
70 37 8
70 49 8
70 4 -1
70 135 9
70 109 -6
70 124 18
70 43 2
70 85 3
71 57 -2
71 72 12
71 39 8
71 23 18
71 60 1
71 61 11
71 13 -5
71 62 6
71 136 -9
71 61 -8
71 52 12
71 101 14
71 123 16
71 110 6
71 14 2
71 53 20
71 4 2
71 57 -2
71 104 11
71 101 11
71 26 11
71 79 6
71 31 19
71 8 -10
71 5 -8
71 7 8
71 56 11
71 108 11
71 85 7
71 78 -1
71 67 12
71 105 -8
71 100 5
71 111 11
71 86 -7
71 97 4
71 92 -7
72 1 19
72 117 19
72 2 -2
72 37 6
72 13 3
72 123 20
72 77 -9
72 61 -4
72 87 14
72 38 -5
72 5 -2
72 34 -1
72 55 18
72 79 -9
72 112 3
72 52 20
72 83 7
72 21 8
72 36 2
72 84 -8
72 68 -4
72 77 20
72 132 15
72 63 3
72 106 4
72 69 -10
72 83 20
72 45 -2
72 97 16
72 90 14
72 70 16
72 74 -5
72 21 4
72 11 15
72 131 10
72 28 2
73 87 -8
73 71 5
73 67 -3
73 92 -10
73 70 4
73 68 -2
73 50 3
73 85 5
73 16 11
73 67 -7
73 2 -3
73 106 -6
73 14 -4
73 135 15
73 74 -3
73 49 -6
73 51 11
73 77 15
73 15 19
73 98 9
73 27 -1
73 132 -8
73 87 -8
73 110 3
73 56 19
73 139 -4
73 137 15
73 43 3
73 105 -6
73 97 -1
73 10 -8
73 120 16
73 53 6
73 137 -2
73 116 -1
73 114 -9
73 114 -9
73 140 5
73 7 11
73 7 19
73 136 -8
73 74 16
73 59 -8
73 101 11
73 103 20
73 33 4
74 61 15
74 4 8
74 103 6
74 28 14
74 76 20
74 93 19
74 120 7
74 59 -2
74 122 11
74 111 -1
74 139 1
74 59 7
74 28 18
74 125 -7
74 38 12
74 19 -4
74 118 -8
74 120 15
74 35 -3
74 57 17
74 129 11
74 120 8
74 15 2
74 76 9
74 139 -9
74 104 -2
74 59 -7
74 9 -5
74 92 14
74 86 20
74 73 -2
74 7 9
74 63 17
74 70 -5
74 67 -5
74 80 -10
74 69 8
75 62 -9
75 86 10
75 18 7
75 65 9
75 87 18
75 13 10
75 27 15
75 126 1
75 63 -6
75 31 1
75 80 6
75 100 20
75 11 5
75 55 9
75 66 -3
75 103 -10
75 8 5
75 37 -10
75 133 4
75 13 20
75 107 11
75 140 1
75 110 -1
75 55 5
75 123 -8
75 79 13
75 82 -2
75 55 -1
75 50 10
75 123 -6
75 60 -6
75 52 7
75 85 -7
75 64 17
75 88 16
75 21 6
75 53 -2
75 71 1
76 30 16
76 120 -10
76 126 9
76 65 11
76 130 -10
76 86 13
76 20 15
76 27 14
76 36 4
76 52 12
76 1 4
76 40 -6
76 10 -2
76 100 19
76 6 -3
76 126 19
76 133 -6
76 10 -10
76 100 20
76 33 9
76 66 12
76 60 20
76 71 -8
76 84 5
76 82 17
76 25 17
76 107 13
76 22 18
76 115 7
76 121 10
76 59 4
76 40 5
76 79 14
76 41 -3
76 56 4
76 51 11
76 80 15
76 80 19
76 137 5
76 61 13
76 101 -4
76 21 9
77 29 7
77 9 8
77 5 9
77 49 -4
77 14 7
77 56 9
77 78 -6
77 85 -5
77 10 3
77 41 -6
77 68 12
77 21 -3
77 43 13
77 89 1
77 111 17
77 134 8
77 20 7
77 109 10
77 128 15
77 102 11
77 5 -4
77 1 2
77 22 5
77 128 2
77 117 -8
77 118 -2
77 51 5
77 130 -8
77 126 13
77 112 7
77 51 12
77 3 -3
77 54 10
77 58 -3
78 22 -1
78 138 3
78 75 4
78 96 15
78 97 -8
78 100 13
78 125 18
78 48 11
78 49 -7
78 131 5
78 56 16
78 130 -3
78 87 -4
78 71 14
78 29 9
78 105 16
78 14 -2
78 25 9
78 21 -1
78 21 -4
78 120 6
78 39 16
78 99 11
78 81 -1
78 125 12
78 10 8
78 1 13
78 22 18
78 129 10
78 23 -7
78 68 12
78 113 20
78 112 1
78 79 4
78 136 5
78 123 8
78 30 -6
78 59 14
78 91 -7
78 88 11
78 49 -1
78 103 -4
79 100 14
79 100 18
79 121 -6
79 20 -2
79 9 13
79 137 5
79 118 18
79 78 3
79 139 11
79 48 -2
79 12 2
79 3 3
79 27 16
79 105 1
79 39 14
79 13 -5
79 12 11
79 73 10
79 3 -10
79 117 -3
79 111 18
79 57 -2
79 111 -9
79 134 -8
79 70 10
79 123 17
79 47 20
79 130 4
79 5 -9
79 69 8
79 19 20
79 137 -10
79 70 -2
79 27 -8
79 86 -7
79 4 20
79 52 1
79 73 16
79 17 -2
79 118 9
80 63 11
80 10 -3
80 65 16
80 137 4
80 18 17
80 39 12
80 61 1
80 23 20
80 14 17
80 17 8
80 112 20
80 44 -5
80 58 6
80 108 15
80 127 17
80 73 -5
80 72 -6
80 121 -10
80 8 -9
80 31 9
80 64 2
80 109 8
80 40 5
80 117 19
80 104 -2
80 120 20
80 33 18
80 22 4
80 21 11
80 88 -5
80 6 19
80 113 2
80 19 9
80 63 17
80 100 -8
80 111 7
81 135 -2
81 94 9
81 47 -4
81 22 -6
81 136 -6
81 37 -4
81 125 4
81 101 14
81 40 16
81 120 19
81 67 -10
81 31 -8
81 31 -7
81 28 -3
81 45 15
81 111 -10
81 65 -9
81 2 17
81 78 4
81 65 9
81 74 9
81 29 11
81 76 11
81 63 -9
81 38 4
81 125 3
81 40 13
81 50 12
81 83 10
81 112 10
81 114 -1
81 65 1
81 129 -10
81 108 13
81 47 -7
81 117 -7
81 117 19
81 30 4
81 29 1
82 96 -5
82 74 -4
82 61 8
82 64 -2
82 13 -2
82 96 11
82 76 17
82 87 -3
82 109 -4
82 113 -10
82 22 1
82 73 8
82 112 7
82 125 -2
82 140 6
82 28 4
82 76 18
82 61 14
82 34 19
82 48 2
82 95 2
82 108 5
82 97 11
82 139 7
82 88 -5
82 96 15
82 14 9
82 36 13
82 137 9
82 90 -6
82 8 18
82 130 -3
82 96 -5
82 83 20
83 130 -2
83 137 9
83 105 3
83 135 9
83 61 -1
83 9 1
83 87 -3
83 138 7
83 73 15
83 5 6
83 117 10
83 119 1
83 13 -1
83 103 16
83 113 9
83 2 12
83 128 8
83 102 11
83 35 -9
83 49 14
83 5 -8
83 3 13
83 27 5
83 7 -10
83 121 20
83 84 5
83 17 -9
83 22 -8
83 12 15
83 81 -1
84 120 -10
84 65 8
84 71 14
84 82 18
84 83 4
84 56 15
84 28 11
84 92 15
84 102 10
84 51 -3
84 17 11
84 22 1
84 119 8
84 130 4
84 68 -5
84 21 18
84 85 9
84 70 -8
84 91 4
84 118 -4
84 111 4
84 128 -7
84 40 7
84 45 -6
84 6 2
84 91 18
84 125 14
84 73 17
84 42 -1
84 74 6
84 77 2
84 128 -6
84 108 10
84 81 20
84 33 15
84 133 -3
84 35 17
84 116 12
84 71 -5
84 38 15
84 109 5
84 60 5
84 140 14
84 90 9
85 3 -7
85 62 8
85 44 19
85 21 -2
85 110 -6
85 19 -10
85 9 4
85 18 -7
85 19 14
85 43 -5
85 96 6
85 29 10
85 130 6
85 7 5
85 52 6
85 2 -3
85 129 -9
85 101 10
85 132 19
85 112 -2
85 122 -4
85 28 14
85 72 13
85 24 13
85 60 13
85 14 8
85 38 18
85 7 -10
85 18 7
85 5 19
85 95 -10
85 86 13
85 13 9
85 63 2
85 31 -2
85 89 2
85 74 19
85 55 20
85 106 7
86 18 -7
86 33 20
86 26 19
86 75 9
86 20 5
86 79 17
86 111 10
86 89 -5
86 92 17
86 69 -8
86 79 -8
86 94 -4
86 22 13
86 20 9
86 68 3
86 34 -6
86 42 -4
86 95 2
86 94 4
86 13 17
86 113 16
86 137 17
86 6 -3
86 74 4
86 30 14
86 13 5
86 123 6
86 24 -6
86 124 18
86 80 8
86 82 10
87 98 -3
87 62 11
87 56 14
87 5 14
87 47 15
87 76 10
87 29 -3
87 125 -3
87 29 2
87 110 18
87 77 -10
87 126 3
87 47 10
87 60 -10
87 9 1
87 69 -10
87 23 -5
87 74 17
87 51 -8
87 50 -9
87 10 -3
87 25 -9
87 47 -9
87 94 12
87 96 -8
87 21 -3
87 61 -1
87 16 18
87 125 17
87 28 -5
87 111 -1
87 36 8
87 27 4
87 140 17
87 77 -6
87 108 19
87 77 11
87 71 -7
87 73 -2
87 73 -7
87 58 17
87 79 6
87 89 -3
87 119 -5
87 132 -1
88 128 4
88 22 -7
88 134 7
88 25 10
88 81 15
88 98 7
88 56 1
88 15 5
88 106 18
88 5 3
88 36 -5
88 48 -6
88 61 19
88 29 -1
88 103 16
88 3 19
88 72 -7
88 30 -9
88 16 2
88 22 18
88 47 -2
88 113 12
88 18 6
88 61 10
88 86 19
88 46 -2
88 93 -8
88 32 -3
88 100 -1
88 19 19
88 39 17
88 23 -7
88 5 -7
88 20 8
88 4 -5
88 78 7
88 16 10
88 32 19
88 89 -8
88 69 14
88 131 -3
88 65 -10
88 79 -1
88 127 17
88 71 3
88 91 11
88 16 2
88 76 14
88 73 4
88 90 18
88 37 14
88 47 -6
88 139 -2
89 122 3
89 23 1
89 103 -4
89 6 13
89 73 -2
89 36 2
89 112 8
89 14 8
89 37 9
89 6 -2
89 39 9
89 3 6
89 66 8
89 85 16
89 74 13
89 7 -2
89 53 10
89 110 19
89 105 12
89 39 13
89 40 18
89 49 5
89 91 1
89 21 2
89 88 9
89 121 -6
89 92 2
89 88 -7
89 37 -4
89 15 -5
89 44 14
89 55 -7
89 33 -10
89 136 13
89 1 9
89 35 5
89 33 6
89 21 10
89 109 19
89 35 -2
89 88 20
89 21 8
89 44 -4
89 28 -2
89 140 5
89 46 -8
89 32 -6
89 81 -9
89 115 7
89 12 3
89 42 -7
89 21 8
90 39 8
90 59 14
90 93 -2
90 79 -1
90 136 6
90 41 18
90 125 8
90 129 2
90 15 -6
90 27 14
90 129 11
90 45 5
90 116 20
90 126 9
90 35 2
90 123 10
90 66 9
90 140 -2
90 124 -1
90 137 -7
90 27 15
90 91 -10
90 81 13
90 22 13
90 113 -6
90 39 11
90 60 -9
90 47 4
90 115 13
90 28 -5
90 94 12
90 121 20
90 116 -5
90 8 20
90 100 -10
91 5 5
91 32 -5
91 108 -8
91 87 -9
91 116 -6
91 114 18
91 84 20
91 46 1
91 53 -4
91 37 17
91 63 19
91 28 6
91 45 -3
91 32 17
91 36 -6
91 115 15
91 53 13
91 108 1
91 79 5
91 58 6
91 120 15
91 52 -10
91 3 14
91 104 -5
91 10 6
91 100 7
91 79 -8
91 87 -4
91 102 11
91 123 17
91 102 -2
91 42 9
91 93 -2
91 68 1
91 111 -1
91 125 -4
91 44 1
91 13 -5
91 2 19
91 137 6
91 103 14
91 92 3
91 28 6
91 62 -6
91 19 3
91 100 14
91 69 -7
91 77 -6
91 19 2
91 36 11
91 128 -7
92 53 13
92 140 11
92 99 -7
92 112 15
92 100 11
92 49 1
92 11 -7
92 42 3
92 77 12
92 14 10
92 83 19
92 81 14
92 3 7
92 131 19
92 46 -9
92 28 2
92 135 -9
92 108 -4
92 134 2
92 138 -7
92 131 7
92 139 8
92 88 13
92 56 16
92 83 -5
92 113 1
92 31 -2
92 100 -4
92 135 5
92 27 16
92 21 4
93 87 -9
93 43 16
93 66 19
93 12 7
93 62 14
93 61 14
93 23 -3
93 74 4
93 108 20
93 116 1
93 38 2
93 27 11
93 67 -7
93 62 -3
93 138 10
93 19 -4
93 137 15
93 7 5
93 72 -7
93 12 -4
93 49 7
93 29 14
93 120 20
93 33 15
93 28 14
93 140 16
93 36 14
93 115 11
93 110 -2
93 116 1
93 98 17
93 15 10
93 46 10
93 5 -7
93 75 -3
93 110 19
93 91 -10
93 134 2
93 7 -1
93 84 2
93 125 14
93 99 16
93 130 15
93 136 3
93 16 -10
93 14 -9
93 80 -8
93 78 17
93 15 11
93 79 16
94 60 1
94 115 11
94 95 5
94 90 18
94 95 20
94 77 2
94 130 15
94 62 16
94 117 5
94 78 16
94 24 -7
94 74 14
94 57 12
94 82 -7
94 44 11
94 81 12
94 109 19
94 81 -7
94 7 1
94 79 10
94 88 -2
94 72 15
94 15 5
94 134 20
94 78 2
94 138 -5
94 134 4
94 25 -10
94 9 12
94 7 18
94 29 18
94 74 18
94 22 3
94 5 13
94 57 13
94 103 -3
94 75 20
94 9 2
94 30 1
94 79 -7
94 76 -7
94 16 5
95 1 6
95 96 1
95 64 -8
95 61 20
95 112 18
95 5 11
95 55 19
95 120 18
95 19 -7
95 140 20
95 123 -2
95 112 -2
95 123 9
95 52 6
95 11 13
95 68 9
95 44 5
95 71 -6
95 121 -8
95 127 13
95 24 20
95 91 18
95 123 -7
95 29 -5
95 29 3
95 78 9
95 24 -7
95 115 -10
95 25 -3
95 67 4
95 45 -10
95 100 14
95 34 12
95 37 16
95 22 -8
95 81 -10
95 120 -2
95 74 -4
95 41 14
96 34 -4
96 105 1
96 52 1
96 11 -7
96 85 -9
96 46 -2
96 73 12
96 41 6
96 30 6
96 79 10
96 97 2
96 126 6
96 74 7
96 78 16
96 31 -10
96 4 9
96 32 20
96 95 19
96 48 6
96 128 -2
96 46 8
96 127 -10
96 52 5
96 70 4
96 100 -1
96 26 8
96 76 16
96 9 9
96 93 19
96 128 14
96 64 2
96 48 13
96 48 -8
96 34 12
96 34 7
96 54 -8
96 128 5
96 81 19
96 1 -10
96 91 10
96 41 2
96 4 7
97 10 2
97 34 12
97 96 -2
97 100 -8
97 102 3
97 22 18
97 37 13
97 109 7
97 120 15
97 46 16
97 95 12
97 140 8
97 106 9
97 16 8
97 136 -7
97 86 15
97 134 2
97 7 -10
97 23 -8
97 4 5
97 94 7
97 117 17
97 65 10
97 82 15
97 34 19
97 20 7
97 43 -3
97 66 1
97 22 3
97 51 -5
97 138 4
97 45 18
97 40 -8
97 112 -4
97 12 11
97 93 -10
97 25 13
97 79 15
97 62 -10
97 102 -1
98 3 -2
98 46 15
98 140 15
98 94 -10
98 45 17
98 112 14
98 25 15
98 137 4
98 43 19
98 30 17
98 122 10
98 79 13
98 77 3
98 52 -4
98 124 19
98 104 9
98 13 7
98 76 -5
98 136 -1
98 57 -8
98 25 -5
98 15 -1
98 1 -1
98 121 12
98 119 18
98 71 2
98 37 1
98 22 16
98 123 14
98 103 6
98 47 10
98 57 9
98 60 19
98 79 -2
99 102 10
99 57 9
99 53 6
99 138 -3
99 92 -3
99 44 19
99 7 12
99 94 3
99 30 7
99 79 13
99 55 -6
99 75 11
99 7 11
99 55 -2
99 44 -2
99 64 13
99 140 20
99 2 20
99 123 5
99 14 -4
99 31 -2
99 105 11
99 127 2
99 43 15
99 110 8
99 56 6
99 35 5
99 49 20
99 109 7
99 110 -1
99 84 4
99 46 15
99 41 6
99 68 16
99 129 14
99 66 -8
100 51 -5
100 28 6
100 93 19
100 55 -7
100 29 10
100 99 -10
100 23 2
100 35 5
100 73 -1
100 48 4
100 39 5
100 64 -6
100 90 9
100 53 7
100 46 5
100 97 14
100 92 16
100 112 -7
100 121 16
100 120 10
100 2 15
100 63 -9
100 140 10
100 105 5
100 14 2
100 54 17
100 4 -10
101 77 -4
101 66 13
101 4 1
101 31 8
101 80 -1
101 9 -6
101 135 2
101 69 -6
101 32 5
101 107 5
101 75 12
101 125 -2
101 60 3
101 55 9
101 106 -8
101 17 10
101 98 5
101 115 -9
101 117 -3
101 31 13
101 5 2
101 35 19
101 45 19
101 84 10
101 135 16
101 1 17
101 48 20
101 81 12
101 129 19
101 75 -8
101 114 4
101 61 -2
101 103 6
101 11 11
101 114 -5
101 70 13
101 87 14
101 38 -3
101 51 12
101 46 17
102 120 1
102 59 18
102 58 4
102 84 12
102 31 -2
102 49 5
102 10 -10
102 19 -2
102 106 10
102 94 -1
102 118 8
102 117 -3
102 101 3
102 25 9
102 106 5
102 79 9
102 24 11
102 46 -7
102 122 4
102 48 -8
102 110 -2
102 127 6
102 13 -8
102 59 7
102 105 2
102 74 16
102 122 12
102 103 12
102 13 11
102 71 15
102 47 -1
102 87 -8
102 73 9
102 35 14
102 30 6
102 2 8
102 44 18
102 95 1
102 120 7
102 53 10
102 90 4
102 47 4
102 93 13
102 103 19
102 61 16
102 110 12
102 131 16
103 15 -4
103 100 -5
103 95 5
103 110 4
103 104 -10
103 58 4
103 122 -1
103 94 -7
103 33 1
103 83 4
103 113 20
103 20 6
103 130 -5
103 109 19
103 117 4
103 38 16
103 129 18
103 64 -8
103 114 6
103 96 19
103 113 12
103 139 3
103 127 1
103 99 -10
103 138 2
103 101 8
103 13 15
103 51 -5
104 33 -6
104 134 -1
104 46 12
104 97 -8
104 3 11
104 38 16
104 15 -3
104 118 8
104 68 6
104 11 -4
104 82 18
104 93 -7
104 129 10
104 105 18
104 139 14
104 13 16
104 93 15
104 135 -5
104 32 -2
104 31 19
104 52 14
104 78 12
104 15 -1
104 111 5
104 1 2
104 58 17
104 48 6
104 131 6
104 108 12
104 100 11
104 86 -2
104 37 2
104 43 -2
104 139 11
104 115 -10
104 72 13
104 91 1
104 90 -4
105 54 -7
105 118 -10
105 73 -6
105 112 -7
105 77 15
105 1 13
105 125 12
105 110 -2
105 102 12
105 28 -7
105 14 -8
105 34 1
105 66 -1
105 99 2
105 12 1
105 118 -6
105 80 1
105 24 3
105 14 -5
105 46 -2
105 93 8
105 68 8
105 101 15
105 111 17
105 137 -8
105 103 20
105 69 5
105 93 10
105 27 12
105 40 20
105 53 9
105 43 -1
105 136 13
105 23 14
105 85 2
105 7 17
105 41 10
105 57 20
105 92 7
105 17 1
105 32 20
105 119 5
106 48 5
106 130 3
106 29 -10
106 131 -1
106 77 -7
106 63 18
106 59 -1
106 14 -1
106 82 19
106 9 2
106 19 -3
106 109 -2
106 66 4
106 67 18
106 136 10
106 112 -1
106 52 -10
106 25 9
106 72 -8
106 26 20
106 15 -2
106 119 12
106 126 4
106 110 -7
106 65 12
106 91 -9
106 20 -8
106 19 -4
106 100 -2
106 51 18
106 19 5
107 137 14
107 31 11
107 90 15
107 12 19
107 117 8
107 91 4
107 17 2
107 32 -5
107 116 -5
107 35 19
107 114 7
107 41 15
107 33 3
107 95 13
107 33 -8
107 42 -7
107 86 -7
107 52 -1
107 113 15
107 131 19
107 137 -4
107 74 -1
107 93 5
107 69 9
107 2 -9
107 106 11
107 131 -7
107 70 -3
107 113 11
107 1 13
107 110 -9
107 77 -1
107 58 9
107 131 1
107 62 -6
107 100 7
107 95 19
107 57 11
107 27 11
107 42 5
107 30 -7
107 114 7
107 140 -5
107 88 8
107 52 14
107 45 7
107 41 -1
107 3 3
107 139 18
107 69 -7
107 89 13
108 120 5
108 50 20
108 69 4
108 134 12
108 69 -4
108 39 -2
108 2 -2
108 113 -8
108 32 -7
108 111 13
108 15 3
108 115 -1
108 100 16
108 34 4
108 21 3
108 58 18
108 6 -3
108 33 9
108 123 10
108 35 16
108 135 20
108 28 11
108 6 -5
108 62 -4
108 104 5
108 26 8
108 73 -6
108 27 2
108 7 13
108 33 -3
108 17 -8
108 6 -1
108 140 -8
108 124 12
108 89 9
108 130 9
109 100 9
109 23 -4
109 93 5
109 112 9
109 19 -3
109 29 16
109 45 5
109 23 8
109 74 -2
109 87 15
109 9 -1
109 67 11
109 43 -2
109 8 10
109 26 3
109 107 13
109 128 12
109 120 -2
109 108 15
109 130 17
109 100 -2
109 17 20
109 42 -2
109 91 7
109 135 -4
109 74 -7
109 71 -9
109 82 12
109 78 9
109 22 12
109 107 9
109 130 19
109 66 14
109 39 8
109 85 3
109 92 -7
109 134 4
109 134 14
109 139 4
109 103 9
109 98 5
110 84 13
110 74 20
110 13 -5
110 100 19
110 57 17
110 117 19
110 6 9
110 129 15
110 5 10
110 34 11
110 28 7
110 115 13
110 20 10
110 113 7
110 112 13
110 133 10
110 41 15
110 25 16
110 125 4
110 22 13
110 122 5
110 77 14
110 41 5
110 113 3
110 51 -6
110 124 -8
110 90 15
110 139 -3
110 54 5
110 113 12
110 13 14
110 87 11
110 20 -2
110 99 -2
110 130 16
110 43 6
110 97 4
110 120 12
110 112 -2
110 98 1
110 28 7
110 130 16
110 118 11
110 29 -5
110 113 7
110 117 15
110 58 16
110 83 -8
110 98 12
110 52 -5
110 63 9
110 84 -5
110 120 -5
111 42 19
111 16 17
111 39 -7
111 91 18
111 124 -10
111 92 -5
111 39 20
111 3 20
111 35 3
111 3 9
111 121 -1
111 71 6
111 18 8
111 14 19
111 32 -7
111 33 8
111 74 9
111 30 17
111 59 15
111 93 1
111 11 18
111 122 -10
111 106 -10
111 127 -7
111 19 18
111 115 18
111 78 7
111 5 -8
111 118 14
111 91 -3
111 85 9
111 55 -2
111 29 -7
111 17 -10
111 80 15
111 22 -2
111 3 13
111 22 20
111 32 -7
111 70 20
111 57 5
111 47 5
111 92 18
111 108 11
111 87 14
112 55 -1
112 30 -9
112 123 -10
112 102 -6
112 139 12
112 1 -2
112 106 14
112 51 14
112 89 -1
112 56 1
112 111 -1
112 5 9
112 83 12
112 73 17
112 123 -9
112 47 1
112 123 2
112 93 16
112 24 -4
112 88 16
112 134 3
112 26 3
112 118 13
112 11 19
112 45 -4
112 114 3
112 49 8
112 61 11
112 18 -8
112 16 15
112 121 -7
112 64 5
112 18 15
112 75 -1
113 70 16
113 55 -7
113 86 -3
113 100 -1
113 131 16
113 138 1
113 73 -5
113 77 -6
113 88 3
113 127 10
113 89 16
113 121 20
113 126 19
113 16 13
113 6 3
113 22 8
113 120 15
113 71 -1
113 94 19
113 96 8
113 45 3
113 25 8
113 115 13
113 82 -8
113 105 -5
113 128 -5
113 136 7
113 140 20
113 134 13
113 70 2
113 38 7
113 85 -9
113 40 7
113 46 9
113 49 -10
113 29 2
113 70 6
113 38 2
113 135 3
113 111 -6
113 100 16
114 35 9
114 11 9
114 54 18
114 52 1
114 131 20
114 130 20
114 20 14
114 13 18
114 95 16
114 132 6
114 64 -5
114 119 12
114 121 17
114 111 18
114 8 -5
114 41 14
114 84 2
114 16 1
114 40 16
114 113 6
114 31 15
114 98 -8
114 75 -2
114 31 16
114 75 -2
114 67 7
114 25 -10
114 105 14
114 38 8
114 18 -6
114 94 19
114 137 4
114 27 6
114 54 15
114 73 11
114 23 -6
115 68 -2
115 82 6
115 11 1
115 139 16
115 134 6
115 55 5
115 82 10
115 74 -5
115 130 -8
115 1 6
115 89 -6
115 120 11
115 109 -9
115 40 5
115 7 18
115 130 2
115 129 2
115 135 9
115 137 15
115 71 17
115 100 -8
115 20 3
115 31 -7
115 41 11
115 28 4
115 27 -1
115 67 -5
115 122 -5
115 114 9
115 70 2
115 35 18
115 22 -9
115 6 9
115 22 18
115 12 5
115 31 19
115 75 1
115 88 17
115 107 9
115 23 6
115 125 -4
115 80 1
115 80 -6
115 93 6
115 56 1
115 29 12
115 100 -2
115 40 6
115 68 14
115 11 -8
116 100 18
116 101 14
116 26 -7
116 29 6
116 67 -5
116 29 6
116 89 7
116 73 9
116 109 8
116 140 -3
116 121 11
116 59 -8
116 132 12
116 128 20
116 71 -8
116 106 4
116 103 -3
116 132 -5
116 93 -1
116 103 11
116 44 18
116 74 -1
116 34 -10
116 6 4
116 106 4
116 118 10
116 39 -8
116 34 -2
116 36 -1
116 91 -8
116 93 -7
116 94 10
116 118 11
116 66 16
116 140 1
116 32 14
116 11 19
116 92 3
116 128 -2
116 21 6
116 3 -2
117 9 4
117 100 19
117 98 -2
117 19 3
117 74 19
117 72 7
117 84 16
117 70 -2
117 133 -9
117 94 9
117 137 1
117 133 7
117 83 12
117 91 -7
117 105 16
117 2 5
117 99 -4
117 134 20
117 69 6
117 125 13
117 70 11
117 45 -2
117 86 -3
117 54 1
117 133 -8
117 72 9
117 39 -10
117 85 7
117 44 -4
117 45 -8
117 2 14
117 133 -2
117 104 10
117 1 2
117 9 4
117 24 12
117 118 4
117 64 14
117 76 -8
117 67 3
117 82 7
117 51 7
117 67 20
117 75 20
117 101 -7
117 128 -10
117 134 9
118 64 13
118 23 -9
118 136 5
118 84 13
118 136 16
118 49 9
118 94 4
118 44 19
118 32 11
118 71 -6
118 49 -7
118 31 -7
118 127 7
118 43 -6
118 21 19
118 39 14
118 74 -1
118 108 3
118 56 3
118 81 3
118 93 -3
118 33 -1
118 45 3
118 84 7
118 51 16
118 105 3
118 21 -5
118 38 -9
118 128 5
118 34 18
118 47 12
118 85 16
118 21 4
118 114 -7
118 49 2
118 58 6
118 122 11
118 9 16
118 47 12
118 7 1
118 28 7
118 23 -8
118 41 -4
118 3 -7
119 89 14
119 49 17
119 92 12
119 82 -4
119 94 9
119 28 14
119 32 16
119 26 -1
119 7 3
119 70 9
119 1 2
119 94 20
119 135 -4
119 42 -2
119 38 5
119 110 11
119 106 -1
119 70 6
119 117 8
119 25 6
119 80 2
119 28 14
119 5 -1
119 2 16
119 64 -10
119 38 2
119 31 6
119 124 -6
119 21 18
119 86 16
119 41 13
119 121 15
119 21 -9
119 63 -9
119 105 -1
119 80 -3
119 52 8
120 68 5
120 16 -8
120 76 6
120 9 -9
120 118 4
120 124 3
120 140 -7
120 1 4
120 122 10
120 43 1
120 49 4
120 28 6
120 99 20
120 125 11
120 19 11
120 138 19
120 35 4
120 119 -7
120 40 16
120 78 2
120 8 9
120 16 7
120 65 17
120 47 -4
120 31 -3
120 72 8
120 68 6
120 98 -2
120 21 12
120 46 6
120 58 8
120 3 -3
120 128 8
120 74 9
120 65 2
120 11 -6
120 26 9
120 68 14
120 78 17
120 32 11
120 112 -7
120 110 6
121 91 6
121 43 1
121 24 -5
121 73 10
121 61 8
121 123 3
121 43 1
121 30 3
121 95 -9
121 112 7
121 59 7
121 31 4
121 79 14
121 127 -10
121 46 7
121 93 12
121 7 4
121 13 -5
121 95 -5
121 56 11
121 126 19
121 86 10
121 86 8
121 71 3
121 136 1
121 16 4
121 118 13
121 107 -8
121 61 11
121 14 10
121 96 10
121 55 -3
121 48 17
121 92 -2
121 139 14
121 113 -9
122 110 -1
122 62 -6
122 76 19
122 49 5
122 59 14
122 87 7
122 123 1
122 9 13
122 75 12
122 76 1
122 71 -3
122 38 2
122 16 -6
122 77 18
122 65 -3
122 3 4
122 129 7
122 119 19
122 137 3
122 136 -5
122 25 -6
122 111 12
122 120 -2
122 1 -2
122 65 -2
122 125 -2
122 3 -3
122 54 -4
122 113 20
122 31 -10
122 80 -3
122 117 15
122 54 18
122 66 10
122 9 -8
123 133 18
123 39 9
123 90 4
123 15 17
123 113 14
123 82 -8
123 9 4
123 52 5
123 99 15
123 41 2
123 4 3
123 51 -8
123 72 2
123 58 8
123 39 5
123 74 -2
123 7 13
123 21 -1
123 110 7
123 47 2
123 85 7
123 83 2
123 90 -5
123 109 -6
123 16 -7
123 43 15
123 119 19
123 101 -8
123 96 10
123 44 8
123 48 19
124 3 14
124 50 2
124 71 18
124 14 -10
124 10 -8
124 92 -7
124 52 10
124 77 8
124 37 -3
124 39 7
124 47 -8
124 28 -10
124 17 10
124 120 -6
124 1 -1
124 131 6
124 98 -5
124 9 16
124 23 17
124 76 -2
124 63 12
124 23 -1
124 13 -7
124 45 -7
124 82 8
124 27 17
124 54 2
124 105 -4
124 54 2
124 122 5
124 130 19
124 102 -6
124 48 -5
124 47 1
124 132 10
124 92 3
124 39 10
124 18 18
124 114 13
124 51 11
124 64 4
124 95 17
124 16 7
124 94 18
124 22 11
124 113 8
124 4 5
125 128 -8
125 119 -8
125 25 18
125 54 17
125 112 8
125 41 5
125 15 -4
125 134 6
125 26 15
125 70 17
125 34 9
125 36 -3
125 34 15
125 105 13
125 7 16
125 104 -7
125 88 17
125 35 7
125 118 4
125 45 2
125 124 -4
125 45 5
125 36 4
125 94 17
125 85 15
125 32 -8
125 23 -2
125 102 13
125 110 9
125 57 -8
125 102 -1
125 51 10
125 53 5
125 89 -1
125 35 12
125 53 -7
125 1 11
126 21 -5
126 104 -10
126 46 17
126 28 8
126 96 4
126 114 6
126 133 4
126 20 11
126 42 17
126 10 -4
126 99 9
126 26 -8
126 106 8
126 36 20
126 46 5
126 15 -8
126 44 9
126 112 14
126 136 6
126 100 6
126 19 3
126 78 11
126 129 -7
126 51 -9
126 99 2
126 74 16
126 128 -3
126 97 5
126 56 17
126 54 14
126 91 13
126 75 7
126 1 18
126 107 10
126 92 17
126 55 8
126 119 6
126 120 -3
126 109 15
126 86 9
126 11 9
126 35 20
126 31 17
126 3 -10
126 64 9
126 68 -1
126 54 2
126 54 1
126 25 18
126 77 -1
126 122 17
126 123 18
126 27 5
126 132 12
126 95 15
126 33 1
127 97 11
127 35 9
127 129 19
127 58 3
127 58 -8
127 45 11
127 34 10
127 111 9
127 74 -1
127 31 17
127 95 10
127 118 2
127 91 -10
127 110 4
127 74 12
127 20 3
127 40 6
127 25 -7
127 9 -9
127 22 -10
127 57 17
127 33 15
127 77 8
127 57 15
127 101 -8
127 66 -7
127 47 -1
127 75 -1
127 106 -9
127 101 13
127 97 4
127 5 -2
127 133 9
127 120 12
127 74 14
127 76 -9
127 8 16
127 130 16
127 96 1
127 134 3
128 26 18
128 122 5
128 112 -6
128 56 3
128 60 -2
128 90 -3
128 47 17
128 139 13
128 46 -10
128 139 6
128 117 8
128 17 3
128 107 15
128 53 11
128 118 19
128 23 -8
128 139 15
128 69 3
128 132 15
128 19 18
128 93 17
128 13 -8
128 84 11
128 86 1
128 17 -9
128 118 13
128 83 6
128 81 10
128 91 -9
128 92 15
128 107 15
128 59 20
128 41 1
128 135 15
128 96 -6
128 46 7
128 127 -9
128 16 2
128 42 15
128 15 8
128 2 3
128 121 -1
129 127 20
129 76 3
129 123 -5
129 20 -7
129 50 7
129 115 -5
129 120 15
129 71 -8
129 82 18
129 83 -9
129 63 5
129 131 19
129 116 -9
129 46 5
129 40 -7
129 133 20
129 134 -3
129 70 -5
129 28 -5
129 28 10
129 47 3
129 131 6
129 40 3
129 24 1
129 28 15
129 124 2
129 37 -9
129 83 -6
129 68 11
129 20 11
129 76 -8
129 18 -5
129 64 13
129 115 -2
129 77 15
129 68 14
129 82 -5
129 110 -1
129 99 -5
129 6 -4
129 51 -4
129 1 13
129 112 5
129 48 3
129 95 11
129 82 11
129 79 7
129 101 18
129 41 2
129 105 12
130 96 15
130 138 13
130 56 16
130 53 8
130 95 7
130 70 -3
130 2 17
130 132 -2
130 1 -5
130 36 12
130 65 7
130 123 10
130 84 11
130 108 17
130 129 15
130 37 -4
130 36 3
130 94 14
130 53 1
130 32 12
130 97 -2
130 56 1
130 2 15
130 87 11
130 22 12
130 87 5
130 36 10
130 55 -3
130 38 -5
130 10 7
130 135 4
130 25 9
130 78 -3
131 46 4
131 113 15
131 79 19
131 26 7
131 22 14
131 31 -5
131 15 19
131 35 12
131 116 4
131 85 1
131 48 19
131 94 8
131 102 13
131 14 13
131 10 -5
131 90 8
131 134 9
131 42 4
131 64 3
131 93 11
131 67 -9
131 84 18
131 94 2
131 27 20
131 119 15
131 32 -5
131 99 8
131 14 15
131 19 5
132 5 12
132 68 -9
132 43 6
132 136 -5
132 3 5
132 103 20
132 10 -3
132 11 3
132 26 -4
132 97 -8
132 89 7
132 74 -10
132 5 -7
132 104 16
132 105 -10
132 125 -9
132 76 -5
132 22 4
132 61 6
132 36 -1
132 16 10
132 76 -8
132 76 11
132 117 12
132 48 -7
132 85 14
132 50 7
132 33 2
132 2 8
132 95 -8
132 86 -4
132 34 -4
132 49 15
132 64 18
132 88 1
132 57 17
132 65 12
133 38 10
133 61 8
133 105 -2
133 71 14
133 83 -4
133 48 2
133 94 10
133 131 -8
133 60 16
133 129 14
133 51 5
133 85 7
133 64 -10
133 61 2
133 132 -9
133 138 10
133 115 7
133 50 17
133 8 6
133 57 20
133 47 -7
133 96 -7
133 21 9
133 107 19
133 14 -4
133 5 10
133 44 12
133 127 -9
133 79 -4
133 117 8
133 135 -6
133 20 4
133 62 5
133 64 6
133 61 12
133 32 -1
133 7 17
133 137 16
133 29 -10
133 75 5
134 46 -3
134 53 -4
134 122 14
134 140 4
134 107 12
134 72 10
134 8 -4
134 116 10
134 52 1
134 26 13
134 129 19
134 68 8
134 77 17
134 34 -2
134 112 17
134 71 8
134 7 10
134 124 1
134 56 15
134 67 7
134 65 -3
134 76 17
134 61 -10
134 128 17
134 122 4
134 84 19
134 53 16
134 48 11
134 118 7
134 39 1
134 56 14
134 76 17
134 37 8
134 39 3
134 31 8
134 126 13
134 86 -9
134 129 19
134 52 2
134 101 -1
134 61 -6
134 137 14
134 90 4
134 50 1
135 79 9
135 130 -1
135 116 19
135 57 20
135 15 -8
135 5 -2
135 66 20
135 33 4
135 8 13
135 9 -8
135 77 -1
135 14 12
135 19 1
135 58 11
135 40 2
135 82 -5
135 66 17
135 51 -9
135 25 -5
135 31 4
135 90 10
135 27 5
135 108 11
135 89 2
135 17 17
135 24 10
135 34 -4
135 13 18
135 11 10
135 100 6
135 92 14
135 66 -6
135 122 8
135 101 8
135 113 -6
135 12 -5
135 125 18
135 108 10
135 42 13
135 58 5
135 138 -10
135 34 -10
135 124 14
135 20 19
135 57 13
135 11 3
135 132 -1
135 122 6
135 59 9
135 131 19
135 88 -1
135 52 9
136 38 3
136 16 15
136 45 8
136 12 19
136 30 -5
136 89 13
136 107 14
136 92 5
136 119 10
136 74 4
136 53 16
136 122 -3
136 63 3
136 27 10
136 25 -2
136 76 10
136 80 8
136 82 -2
136 30 -3
136 20 -10
136 119 19
136 129 12
136 1 10
136 92 12
136 14 5
136 135 10
136 73 3
136 23 6
136 74 9
136 133 -6
136 76 17
136 70 -7
136 8 7
136 91 -1
136 27 -5
136 61 9
136 33 6
136 18 -1
136 116 19
136 4 9
137 9 4
137 105 17
137 42 20
137 88 9
137 130 -9
137 87 20
137 105 -9
137 31 20
137 109 5
137 48 11
137 34 1
137 1 -7
137 5 9
137 123 13
137 78 14
137 73 12
137 29 10
137 38 3
137 32 20
137 38 9
137 110 17
137 12 3
137 13 16
137 119 4
137 19 11
137 76 13
137 99 -9
137 43 6
137 94 9
137 25 16
137 22 16
137 19 16
137 31 12
137 135 14
137 60 -2
137 62 -8
138 92 9
138 60 -7
138 9 15
138 135 13
138 40 11
138 69 6
138 45 -8
138 119 19
138 32 -8
138 67 10
138 91 11
138 5 12
138 64 2
138 75 16
138 87 16
138 62 8
138 30 -8
138 78 9
138 100 20
138 77 1
138 24 10
138 55 15
138 21 14
138 72 1
138 14 6
138 25 -2
138 19 15
138 118 9
138 119 12
138 40 18
138 74 -1
138 115 11
138 122 3
138 30 20
138 51 18
138 99 20
138 66 9
138 90 10
138 97 11
138 67 16
139 94 3
139 70 1
139 51 6
139 134 20
139 6 -4
139 130 3
139 129 7
139 118 18
139 47 5
139 22 -10
139 99 1
139 106 -3
139 41 9
139 113 10
139 62 4
139 102 14
139 12 -7
139 92 -6
139 17 10
139 94 10
139 36 20
139 89 -6
139 14 7
139 41 -5
139 130 20
139 113 12
139 69 -10
139 133 8
139 53 18
139 14 14
139 111 19
139 133 -4
139 109 -6
139 140 16
139 17 13
140 132 -7
140 69 17
140 106 -2
140 39 18
140 55 -8
140 130 6
140 8 14
140 129 -1
140 44 4
140 125 11
140 86 1
140 105 1
140 68 5
140 2 -4
140 34 9
140 30 12
