238 4791
1 7 -5
1 154 -4
1 157 20
1 238 3
1 221 4
1 35 -8
1 89 -9
1 120 8
1 191 -10
1 170 16
1 138 -10
2 102 -9
2 57 2
2 48 7
2 116 12
2 124 9
2 114 17
2 13 1
2 112 20
2 237 -7
2 82 -8
2 147 -3
2 70 12
2 219 17
2 29 2
2 165 -7
2 169 8
2 148 18
2 55 19
2 144 -2
3 199 -4
3 59 -7
3 62 -6
3 64 18
3 31 10
3 183 -7
3 135 -7
3 23 -6
3 134 -1
3 161 6
3 13 -5
3 28 12
3 48 -3
3 157 5
4 107 -8
4 10 16
4 222 -8
4 236 -4
4 184 2
4 198 16
4 230 5
4 65 18
4 178 10
4 199 3
4 81 -10
4 66 4
4 152 9
4 185 18
4 122 16
4 62 -3
4 214 8
4 144 1
4 76 10
4 67 -9
5 6 14
5 41 8
5 93 7
5 160 6
5 132 13
5 220 12
5 36 7
5 29 13
5 224 -7
6 149 6
6 205 5
6 96 -3
6 207 11
6 188 -1
6 148 3
6 190 15
6 96 8
6 162 -9
6 156 -9
6 65 9
6 21 4
6 180 12
6 234 11
6 109 -6
7 74 3
7 183 -4
7 69 -6
7 87 8
7 10 5
7 6 2
7 236 1
7 5 -6
7 23 2
7 183 -3
7 10 -3
7 24 -3
7 167 -4
7 222 6
7 12 20
7 128 18
7 199 13
7 219 14
7 154 15
7 219 19
7 109 1
7 190 15
7 98 -8
7 19 17
8 19 16
8 81 13
8 194 -6
8 104 19
8 228 19
8 172 17
8 147 -6
8 29 15
8 64 1
8 69 2
8 222 4
8 226 9
8 182 19
8 55 14
8 210 16
8 64 -8
8 65 11
8 192 19
8 22 -3
8 42 7
8 214 -5
8 51 -2
9 143 -8
9 6 16
9 47 13
9 128 -4
9 102 -8
9 186 17
9 59 -6
9 234 -4
9 18 10
10 205 -7
10 23 3
10 43 9
10 209 -1
10 155 20
10 184 -1
10 34 12
10 33 -2
10 150 8
10 184 5
10 159 13
10 214 2
10 66 8
10 69 -5
10 143 19
10 211 -10
10 53 16
10 79 -7
10 47 4
10 95 7
10 74 11
10 109 18
10 191 9
10 58 -4
10 120 4
10 75 19
10 188 4
10 14 -8
10 174 -1
10 77 20
11 101 19
11 27 17
11 207 4
11 145 7
11 195 -7
11 55 10
11 57 -8
11 5 10
11 4 2
11 116 12
11 112 -10
11 137 -8
11 191 -9
11 71 1
11 18 3
11 173 12
11 36 18
11 87 11
11 218 -1
11 152 14
11 170 -4
11 26 14
11 98 -3
11 126 -1
11 174 2
11 103 10
11 143 -9
11 223 6
11 71 20
11 164 9
11 102 2
12 152 6
12 167 19
12 10 10
12 99 5
12 172 -5
12 52 11
12 63 9
12 158 10
12 163 14
12 160 -1
12 232 8
12 16 6
12 2 -7
12 158 1
12 79 19
12 178 -3
12 224 -5
12 90 6
13 141 13
13 117 13
13 183 4
13 156 5
13 174 9
13 157 -6
13 134 1
13 215 1
13 43 -3
13 153 1
13 198 6
13 107 -5
13 193 8
13 110 4
13 15 -3
13 179 16
13 129 11
13 19 19
13 35 1
13 101 -2
13 93 8
13 148 18
13 165 -7
13 45 20
13 98 8
13 144 -4
14 189 2
14 60 -5
14 64 2
14 76 -5
14 51 19
14 186 13
14 174 -8
14 132 6
14 96 5
14 228 13
14 31 -6
14 136 -7
15 108 14
15 183 4
15 236 16
15 104 -5
15 202 -1
15 165 11
15 75 -1
15 122 -8
15 179 15
15 26 13
15 209 -2
15 210 -8
15 89 8
15 11 6
15 103 5
15 137 -6
15 221 9
15 118 3
15 43 6
15 147 20
15 80 16
15 221 17
15 95 -9
16 201 -2
16 118 -8
16 122 1
16 109 -4
16 233 16
16 221 18
16 132 18
16 145 12
16 25 -9
16 220 -7
16 169 5
16 77 7
16 8 6
16 125 10
16 214 -7
16 37 -7
16 164 4
16 88 7
16 154 9
16 102 -5
16 67 7
16 114 20
16 21 2
17 57 20
17 94 19
17 28 -6
17 182 -3
17 76 16
17 173 6
17 69 -3
17 222 7
17 153 9
17 210 3
17 34 -7
17 181 10
17 103 -3
17 183 -10
17 57 -9
17 232 19
18 70 -1
18 183 -2
18 113 -6
18 67 13
18 133 18
18 35 12
18 176 10
18 69 8
18 23 -4
18 70 17
18 122 17
18 155 13
18 126 -2
18 192 4
19 203 4
19 65 2
19 210 -1
19 52 6
19 12 12
19 60 5
19 44 18
19 235 13
19 62 -10
19 234 13
19 32 -8
19 237 -4
20 45 8
20 207 8
20 58 8
20 103 19
20 110 12
20 130 20
20 137 1
20 110 -1
20 96 6
20 133 -6
20 223 -1
20 130 -6
20 94 1
20 9 17
20 9 14
20 143 9
20 235 19
20 39 5
20 110 8
20 37 7
20 131 -7
20 187 3
21 200 11
21 34 7
21 115 -10
21 226 13
21 1 5
21 7 16
21 89 12
21 88 8
21 170 16
21 238 -1
21 64 -8
21 148 -6
21 127 1
21 62 20
21 6 13
21 3 -1
21 87 -5
21 40 -3
21 116 -2
21 163 11
21 81 3
21 110 -10
21 139 14
21 234 -3
21 114 15
21 14 15
21 191 -10
21 125 -1
22 36 9
22 66 -3
22 204 -6
22 192 9
22 223 3
22 222 8
22 232 7
22 117 7
22 135 1
22 212 3
22 77 1
22 75 4
22 51 13
22 108 19
23 90 -6
23 231 16
23 168 -2
23 229 13
23 195 13
23 9 14
23 228 10
23 204 5
23 234 -4
23 201 2
23 194 -9
23 105 -7
23 12 10
23 228 -3
23 64 3
24 3 -2
24 167 -6
24 82 8
24 78 2
24 227 14
24 16 8
24 6 18
24 77 17
24 79 10
24 14 18
24 118 19
24 31 -9
24 114 -1
24 123 3
24 108 14
24 123 16
25 16 -10
25 163 -1
25 152 14
25 46 -9
25 19 -10
25 15 6
25 33 -6
25 46 3
25 177 19
25 30 17
25 140 14
25 172 -5
25 82 16
25 34 5
25 172 9
25 3 -3
25 53 4
25 178 3
25 31 -8
25 15 -4
25 199 1
25 57 15
25 33 -1
25 192 12
25 34 13
26 7 -7
26 92 5
26 41 1
26 124 -1
26 11 -5
26 35 -2
26 72 9
26 204 8
26 220 18
26 180 11
26 137 16
26 189 -9
27 84 6
27 58 10
27 216 9
27 151 18
27 193 11
27 104 -4
27 87 -3
27 112 19
27 138 4
27 63 5
27 170 7
27 189 3
27 52 -5
27 45 -9
27 228 5
27 67 10
27 101 9
27 210 19
27 111 -7
27 73 -2
27 115 -3
27 39 12
27 32 6
28 171 -8
28 1 17
28 196 6
28 30 19
28 229 -2
28 232 11
28 126 10
28 47 -2
28 85 20
28 223 14
28 34 6
28 6 13
28 108 6
28 13 12
28 144 -3
28 6 -2
28 135 -3
28 142 -5
28 134 14
29 20 7
29 208 17
29 203 -9
29 165 3
29 140 11
29 15 9
29 112 7
29 165 20
29 125 -4
29 219 11
29 14 -8
29 138 -4
29 56 18
29 217 14
29 193 5
29 52 2
29 136 3
29 2 2
29 195 -1
29 167 12
29 17 9
29 212 20
30 121 5
30 126 5
30 94 17
30 192 17
30 167 19
30 17 8
30 81 12
30 187 3
30 78 -4
30 112 -7
30 217 19
30 51 -10
30 87 16
30 237 13
30 105 9
30 148 -3
30 122 15
30 82 -2
30 18 5
30 222 -1
30 42 19
30 130 20
30 120 19
31 101 -9
31 1 3
31 170 9
31 145 13
31 108 7
31 229 -5
31 164 5
31 99 -3
31 73 11
31 12 11
31 111 2
31 154 4
31 213 3
31 141 18
31 91 4
31 105 -6
31 2 6
31 149 3
31 152 4
31 237 -2
32 60 5
32 150 13
32 31 8
32 152 18
32 89 10
32 75 -2
32 84 10
32 7 -4
32 116 9
32 22 10
32 9 -1
32 40 12
32 119 -1
32 31 -4
32 57 7
32 158 19
32 66 10
32 78 9
32 89 4
33 9 10
33 176 20
33 11 9
33 47 -3
33 73 12
33 122 5
33 229 -9
33 180 1
33 104 11
33 156 9
33 3 13
33 211 -7
33 25 19
33 122 5
33 154 10
33 165 16
33 57 -6
33 180 16
34 226 9
34 98 -4
34 228 15
34 148 7
34 14 -8
34 18 13
34 2 6
34 163 13
34 74 -7
34 57 -3
34 56 8
34 76 1
34 130 4
34 46 17
34 43 -2
34 53 -7
34 233 -8
35 173 -3
35 8 12
35 32 10
35 185 -10
35 105 4
35 21 -4
35 64 -9
35 233 -4
35 56 -7
35 120 10
35 38 4
35 44 6
35 171 -10
35 95 16
35 5 2
35 179 5
35 26 7
35 124 -5
35 11 -10
35 212 -2
35 160 11
35 139 5
35 197 18
35 14 7
35 62 13
35 234 -2
36 176 -2
36 204 -5
36 188 -1
36 158 6
36 125 -7
36 179 -3
36 60 -3
36 39 3
36 85 -1
36 177 -10
36 126 3
36 91 6
36 205 20
36 223 5
36 13 2
37 43 20
37 10 -8
37 32 12
37 3 -3
37 112 11
37 53 3
37 87 -1
37 85 8
37 23 6
37 201 8
37 74 16
37 96 -9
37 217 -6
37 85 -8
37 50 18
37 227 17
37 69 -3
37 80 2
38 163 15
38 91 2
38 103 -4
38 173 -1
38 238 11
38 158 2
38 40 14
38 23 -9
38 123 11
38 89 6
38 102 19
38 16 12
38 144 20
38 81 -10
39 168 14
39 10 6
39 118 -5
39 196 -10
39 134 -1
39 40 -8
39 129 11
39 178 -7
39 221 7
39 119 -9
39 183 14
39 200 -9
39 180 8
39 157 5
39 167 5
39 97 18
39 148 7
39 232 3
39 115 17
40 116 4
40 222 4
40 113 5
40 229 19
40 67 3
40 11 18
40 147 10
40 180 6
40 21 2
40 106 17
40 217 7
40 41 -5
40 226 -9
40 218 4
40 163 -7
40 140 2
40 115 7
40 70 2
40 164 11
40 206 6
40 215 -4
40 69 18
40 68 14
40 185 7
40 172 11
40 187 4
40 56 16
40 121 17
41 28 -1
41 50 3
41 63 -5
41 233 5
41 68 4
41 37 7
41 93 9
41 129 7
41 219 15
41 160 13
41 128 -1
41 130 -8
41 44 4
41 100 17
41 217 -6
41 126 10
41 78 18
41 67 -2
41 77 -4
41 119 2
41 42 -1
41 25 -5
41 171 -7
41 102 -2
41 42 4
41 17 3
41 197 12
42 11 -4
42 237 19
42 108 7
42 124 3
42 65 -3
42 225 1
42 74 -10
42 108 20
42 26 2
42 192 -6
42 37 7
42 238 20
42 104 12
42 210 -5
42 122 9
42 53 13
42 186 -2
42 199 -1
42 36 11
42 59 -1
42 78 1
43 33 11
43 167 17
43 82 -5
43 153 2
43 138 -4
43 104 -2
43 152 -5
43 226 -4
43 31 -2
43 178 -3
43 117 2
43 98 8
43 180 1
43 69 11
43 68 -3
43 30 -2
43 120 -2
44 170 18
44 180 9
44 152 13
44 181 12
44 130 20
44 128 8
44 71 20
44 131 6
44 99 -4
44 139 -1
44 206 13
44 3 -4
44 220 6
44 195 3
44 3 6
44 10 -7
44 186 4
45 221 10
45 74 -10
45 223 -2
45 118 -6
45 57 -3
45 137 -5
45 151 -3
45 162 2
45 206 -6
45 216 2
45 225 13
45 198 -3
45 206 11
45 224 8
45 42 6
45 158 -3
45 90 10
45 13 18
45 163 -8
45 108 19
45 79 6
45 130 -8
45 69 20
45 127 -8
45 138 5
46 55 -3
46 21 6
46 200 8
46 111 -3
46 100 16
46 5 12
46 213 15
46 93 7
46 102 17
46 121 9
46 25 17
46 225 13
46 176 -7
46 179 -5
46 11 7
46 204 1
46 75 9
46 148 18
46 227 -6
46 226 -8
46 88 6
46 202 10
47 45 -9
47 164 7
47 19 11
47 156 14
47 203 11
47 46 8
47 199 3
47 56 19
47 183 -4
47 22 15
47 165 10
47 88 7
47 136 -3
47 111 -10
47 193 7
47 112 9
47 115 19
47 216 7
47 131 -3
47 70 9
47 182 -7
47 173 5
47 202 9
47 57 2
48 120 15
48 206 8
48 151 6
48 124 -10
48 66 -10
48 124 9
48 93 15
48 192 19
48 30 18
48 162 3
48 78 -2
48 233 -6
48 139 11
48 133 8
48 125 9
48 87 1
48 155 11
48 69 2
48 173 7
49 31 -4
49 122 -7
49 68 -3
49 82 20
49 38 9
49 59 15
49 186 -1
49 190 -8
49 180 -4
49 163 1
49 38 13
49 117 -6
49 118 1
49 117 -5
49 136 9
49 18 11
49 92 1
49 127 -9
49 111 16
49 120 19
49 25 12
49 10 -5
49 125 17
50 180 9
50 23 14
50 129 1
50 212 2
50 208 20
50 107 -10
50 45 5
50 221 -7
50 23 18
50 91 -6
50 27 6
50 167 17
50 161 3
50 59 -1
50 206 11
50 109 -5
50 110 1
50 208 6
50 102 6
50 91 8
50 233 5
50 126 8
50 97 -3
50 203 19
50 231 -6
51 64 11
51 163 -10
51 171 -5
51 93 12
51 88 12
51 161 -2
51 229 9
51 42 14
51 70 7
51 133 -4
51 2 -1
51 204 2
51 81 15
51 160 9
51 205 3
51 101 14
51 57 9
51 226 -1
51 90 -3
51 25 7
51 190 -5
51 200 -3
51 35 -3
52 72 2
52 114 8
52 155 -6
52 179 -10
52 102 4
52 55 -4
52 183 19
52 120 2
52 76 2
52 226 -3
52 54 -9
52 45 2
52 121 18
52 56 8
52 238 11
52 78 -8
52 40 19
52 175 -10
52 63 -2
52 93 12
52 91 18
52 165 -5
52 49 4
53 100 5
53 33 -5
53 209 -4
53 225 5
53 8 -9
53 213 -10
53 52 11
53 95 4
53 10 -1
53 113 14
53 217 12
53 71 18
53 211 -5
53 3 18
53 205 -5
53 127 5
53 19 -6
53 52 2
54 230 -9
54 67 -7
54 199 7
54 77 1
54 212 -9
54 153 8
54 24 -4
54 121 -5
54 150 -10
54 131 4
54 9 -6
54 8 4
54 205 7
54 106 15
55 151 20
55 142 -7
55 63 -3
55 235 -3
55 43 5
55 237 10
55 139 19
55 119 19
55 102 12
55 42 -5
55 171 19
55 175 8
55 165 14
55 118 3
55 37 14
55 5 -4
55 110 4
55 33 14
55 67 -9
55 169 -10
55 57 19
55 172 16
56 235 13
56 197 18
56 77 18
56 77 8
56 53 19
56 63 14
56 21 -9
56 152 -6
56 225 19
56 74 -1
56 181 18
56 221 8
56 120 13
56 122 -4
56 57 17
56 171 -9
56 54 -8
57 31 15
57 32 -5
57 98 4
57 92 -10
57 24 -8
57 65 -4
57 55 -1
57 166 20
57 107 -5
57 23 -6
57 125 1
57 21 6
57 4 -10
57 177 8
57 177 5
57 60 8
58 112 10
58 32 19
58 13 14
58 185 8
58 189 13
58 84 8
58 33 18
58 136 3
58 203 16
58 1 7
58 208 6
58 75 14
58 90 -4
58 20 17
58 238 -2
58 97 17
58 192 -9
58 161 -2
58 17 -10
58 42 14
58 185 -2
58 112 -8
58 83 14
58 64 -5
58 66 -6
59 101 -7
59 21 2
59 176 5
59 42 19
59 201 1
59 72 3
59 45 1
59 95 15
59 109 1
59 68 17
59 150 12
59 143 12
59 37 -7
59 67 18
60 6 8
60 69 20
60 236 20
60 58 20
60 188 15
60 152 -6
60 75 -5
60 30 15
60 67 10
60 53 20
60 210 -10
60 18 -3
60 173 -4
60 183 13
60 31 19
60 201 -10
61 93 -4
61 48 11
61 176 1
61 60 19
61 91 -7
61 30 6
61 90 3
61 104 2
61 62 17
61 183 -10
61 232 6
61 101 10
61 231 15
61 191 7
62 53 4
62 215 19
62 159 2
62 100 -10
62 231 17
62 121 18
62 228 18
62 227 19
62 213 2
62 230 -7
62 87 -2
62 98 15
62 156 19
62 143 2
62 64 -2
62 192 14
62 125 10
62 204 -4
62 193 6
62 81 -6
62 143 13
62 52 14
62 24 -2
62 2 7
62 77 15
62 126 8
62 145 -6
63 56 3
63 154 4
63 51 -9
63 162 18
63 20 3
63 143 -1
63 202 -2
63 216 20
63 138 -6
63 59 3
63 185 14
63 120 17
63 220 18
64 27 -10
64 98 18
64 122 20
64 197 6
64 188 13
64 65 7
64 221 11
64 174 7
64 182 13
64 29 15
64 110 -10
64 120 11
64 207 -7
64 86 11
64 181 -1
64 150 5
64 92 9
64 78 10
64 123 6
64 197 16
65 182 8
65 14 18
65 50 -1
65 68 10
65 23 -7
65 39 14
65 192 4
65 123 11
65 92 19
65 208 5
65 135 -2
65 216 9
65 142 -9
65 122 -9
65 203 2
65 232 -10
65 235 20
65 217 -4
65 118 17
65 109 -10
65 43 -2
66 47 6
66 148 6
66 232 -8
66 96 -10
66 113 8
66 50 14
66 19 -5
66 31 -2
66 214 -2
66 3 5
66 94 12
66 144 -2
66 88 -10
66 154 15
66 106 -2
66 188 -3
66 233 -3
66 127 -1
66 38 -9
66 23 -6
66 125 -3
66 3 8
66 56 16
66 51 8
66 100 -10
67 61 9
67 23 19
67 167 9
67 210 11
67 143 -6
67 155 20
67 185 16
67 80 19
67 197 -4
67 203 20
67 16 -6
67 192 15
67 135 17
68 143 2
68 227 -6
68 171 13
68 162 4
68 97 3
68 94 7
68 4 10
68 171 -7
68 24 8
68 62 -6
68 22 -10
68 70 18
69 214 9
69 228 6
69 186 3
69 79 15
69 11 15
69 29 -10
69 199 14
69 51 17
69 71 -6
69 2 3
69 84 15
69 4 13
69 40 -2
69 52 12
69 133 9
69 40 10
69 167 -9
69 89 -6
69 168 -8
69 73 -8
69 163 4
69 122 19
69 238 20
69 33 7
69 214 8
70 231 18
70 28 17
70 221 -10
70 20 18
70 48 4
70 36 3
70 147 -2
70 86 16
70 117 -7
70 90 -10
70 123 7
70 49 4
70 101 -5
70 80 1
70 72 3
70 163 -1
70 125 4
70 203 19
70 98 6
70 201 -10
71 15 10
71 185 8
71 85 19
71 148 19
71 203 2
71 35 1
71 100 18
71 170 -2
71 227 -2
71 139 13
71 116 1
71 88 2
71 14 -5
71 198 -10
71 72 9
71 113 10
71 111 -5
72 92 -1
72 81 2
72 41 19
72 62 18
72 46 -1
72 153 -3
72 151 1
72 162 10
72 45 -9
72 163 -2
72 94 2
72 137 -2
72 174 5
72 99 7
72 215 1
72 182 -6
72 91 8
72 9 -1
72 121 15
72 85 2
73 202 9
73 226 9
73 91 12
73 28 2
73 163 5
73 213 -2
73 130 14
73 232 3
73 90 -7
73 186 -5
73 109 15
73 162 14
73 9 16
73 107 -2
73 208 19
73 6 9
73 228 7
73 12 -9
73 36 -3
74 179 10
74 99 -4
74 114 1
74 43 -2
74 221 6
74 144 -1
74 129 -7
74 129 17
74 40 19
74 86 20
74 224 17
74 26 19
74 13 3
74 27 2
74 190 20
74 72 4
74 158 10
74 135 -4
74 175 -1
74 181 -3
74 181 3
74 112 3
74 138 -6
74 135 11
74 8 5
75 39 11
75 80 7
75 210 4
75 4 17
75 115 8
75 109 -2
75 178 10
75 56 -4
75 148 7
75 124 -6
75 210 9
75 98 10
75 144 11
75 99 2
75 146 -4
75 8 -8
75 37 4
75 142 17
75 230 13
75 143 13
75 71 -6
75 76 -2
76 127 9
76 9 18
76 133 2
76 170 14
76 116 20
76 219 15
76 28 -6
76 164 1
76 32 16
76 166 -1
76 200 4
76 112 -9
76 149 -4
76 43 16
76 70 2
77 62 6
77 195 -3
77 234 4
77 171 17
77 132 -5
77 113 2
77 107 3
77 192 2
77 234 16
77 58 -1
77 124 6
77 12 12
77 42 9
77 164 15
77 147 8
77 12 5
77 90 7
77 206 -6
77 136 2
77 109 -10
77 205 2
77 69 -1
77 85 3
77 208 15
77 47 -3
77 94 13
77 203 18
77 91 13
77 52 13
78 54 20
78 105 -4
78 100 -4
78 91 11
78 45 8
78 208 14
78 202 -8
78 237 -2
78 168 -2
78 196 -2
78 70 20
78 10 -10
78 196 12
78 193 -6
78 18 2
78 82 19
78 222 -10
78 198 17
78 59 18
78 120 8
79 129 -8
79 145 18
79 230 7
79 136 11
79 103 7
79 184 3
79 75 -1
79 119 1
79 96 10
79 75 -10
79 226 -1
79 28 -4
79 207 13
79 61 -9
79 17 8
79 125 20
79 232 13
79 99 -9
79 121 -3
79 134 5
79 182 8
79 162 4
79 195 4
79 154 -2
79 146 12
79 219 -6
80 45 10
80 64 -8
80 213 18
80 227 9
80 36 16
80 187 -8
80 197 8
80 225 8
80 53 -9
80 109 2
80 38 14
80 37 7
80 84 15
80 219 -9
80 54 16
80 129 11
80 85 -2
80 133 6
80 24 3
80 225 6
81 10 -5
81 53 1
81 20 20
81 182 1
81 213 14
81 67 1
81 113 17
81 124 -10
81 183 16
81 183 -3
81 234 5
81 231 -9
81 6 2
81 124 7
81 110 19
81 213 17
82 180 -2
82 83 3
82 144 10
82 20 -7
82 139 17
82 102 11
82 177 -5
82 210 3
82 93 13
82 171 -8
82 188 18
82 171 12
82 94 16
82 109 11
82 64 12
82 91 -3
82 235 11
82 75 9
82 47 2
82 177 4
82 55 15
83 99 -6
83 105 3
83 228 -3
83 177 2
83 82 14
83 51 -4
83 92 -3
83 119 10
83 154 3
83 168 -8
83 132 -2
83 187 2
83 6 -9
83 102 15
83 28 20
83 182 3
83 9 -8
83 78 2
83 202 -10
83 44 15
84 165 18
84 15 14
84 187 6
84 202 2
84 44 6
84 205 -4
84 138 13
84 78 -9
84 144 6
84 176 3
84 158 12
84 51 4
84 22 -1
84 238 14
84 121 1
84 3 2
84 103 1
84 113 8
85 32 10
85 23 13
85 131 5
85 165 16
85 214 -9
85 162 -8
85 220 1
85 208 3
85 160 -8
85 31 20
85 153 11
85 159 3
85 94 14
85 93 10
85 136 7
85 36 4
85 50 16
85 26 7
85 231 18
85 177 20
85 180 4
85 183 20
85 140 3
86 4 -6
86 21 19
86 219 6
86 84 15
86 52 6
86 110 5
86 132 6
86 46 8
86 90 -5
86 231 4
86 131 17
86 67 17
86 216 10
86 100 14
86 154 -5
86 188 -8
86 19 -2
86 99 -6
86 227 -6
86 139 20
87 226 -9
87 123 -7
87 34 19
87 102 5
87 226 17
87 218 -5
87 217 -8
87 125 -9
87 73 -2
87 166 7
87 139 17
87 170 11
87 93 1
87 235 15
87 102 18
87 5 2
87 6 -2
87 184 7
87 130 18
87 231 3
87 237 6
87 186 19
87 121 11
87 184 -5
87 131 2
87 107 3
87 80 9
87 101 -1
87 49 18
87 180 8
87 86 10
87 143 5
88 52 -4
88 136 8
88 201 -5
88 161 5
88 114 -3
88 110 7
88 201 2
88 89 8
88 170 16
88 168 11
88 102 -2
88 183 8
88 221 20
88 231 -1
88 155 2
88 138 1
88 230 9
88 124 5
88 119 20
88 67 -2
88 28 15
88 125 15
88 163 14
88 161 7
88 10 5
88 218 -5
88 87 8
89 82 9
89 131 17
89 20 -9
89 152 15
89 229 17
89 49 -4
89 216 1
89 235 5
89 201 11
89 213 5
89 58 5
89 46 -1
89 103 -1
89 207 -8
89 63 -1
89 98 -1
89 1 11
89 207 -6
89 23 18
89 65 -2
89 29 -4
89 183 -4
89 121 8
89 103 16
89 213 7
89 116 14
89 4 16
90 232 7
90 95 13
90 91 9
90 188 4
90 36 2
90 92 11
90 175 -4
90 121 14
90 101 2
90 191 8
90 150 18
90 136 -1
90 193 13
90 49 5
90 82 18
90 184 16
90 184 -3
90 89 14
90 162 6
90 208 -6
90 146 4
91 128 -2
91 166 14
91 60 11
91 59 7
91 232 12
91 212 11
91 208 -7
91 121 20
91 6 11
91 41 2
91 14 11
91 104 15
91 178 15
91 190 18
91 32 -3
91 124 14
91 231 6
91 78 -3
91 172 17
91 209 18
91 161 2
91 68 10
91 69 8
92 33 10
92 134 13
92 57 17
92 10 17
92 5 14
92 57 -2
92 139 -2
92 210 -2
92 76 13
92 234 4
92 235 12
92 83 3
92 17 11
92 110 18
92 67 14
92 211 17
92 1 11
92 29 -10
92 208 2
92 226 20
92 98 -6
93 232 -9
93 55 6
93 25 -5
93 171 -9
93 69 8
93 173 20
93 212 -4
93 10 7
93 85 -10
93 101 8
93 198 14
93 142 16
93 6 -6
93 65 -9
93 55 2
93 68 17
93 115 8
93 60 -3
93 81 12
93 190 -2
93 187 -6
93 185 1
93 197 -4
93 223 8
94 37 8
94 221 5
94 78 -3
94 232 -4
94 137 13
94 127 14
94 141 4
94 68 8
94 142 18
94 60 2
94 88 -4
94 180 12
94 163 2
94 107 8
94 9 19
94 65 4
94 23 18
95 60 -8
95 110 9
95 113 -1
95 36 19
95 176 -6
95 100 -1
95 90 5
95 213 -8
95 29 -6
95 189 13
95 49 -6
95 176 16
95 201 7
95 224 17
95 31 -3
95 207 13
95 115 14
95 50 13
95 228 13
95 155 -6
95 200 19
95 150 -5
96 17 12
96 39 -6
96 151 -8
96 170 -10
96 174 -1
96 38 20
96 80 -4
96 102 -4
96 102 -8
96 76 20
96 77 -3
96 168 3
96 156 -1
96 42 9
96 192 -6
96 218 -9
96 176 -6
96 212 5
96 38 8
97 159 2
97 183 5
97 181 14
97 185 -7
97 106 -9
97 204 -9
97 229 -9
97 168 -9
97 130 5
97 121 14
97 3 -8
97 104 20
97 214 15
97 80 14
97 152 11
97 207 -3
97 169 -9
97 9 -9
97 22 -2
97 36 19
97 144 12
98 18 13
98 198 12
98 120 -8
98 170 3
98 9 3
98 159 3
98 31 17
98 125 5
98 68 -3
98 158 7
98 236 -9
98 142 15
98 213 13
98 179 14
98 114 -10
98 202 -1
98 2 13
98 116 15
98 138 -3
98 220 7
98 136 18
98 24 7
98 62 8
98 126 3
98 77 1
98 180 -2
98 176 -2
98 209 2
98 22 16
98 51 3
98 101 15
99 190 8
99 177 -1
99 11 -8
99 122 2
99 32 16
99 124 9
99 234 -9
99 144 9
100 215 -4
100 27 -9
100 123 4
100 27 -5
100 125 -6
100 30 17
100 187 -3
100 158 -5
100 216 16
100 87 14
100 189 16
100 211 9
100 204 20
100 183 9
100 15 15
100 91 -6
100 223 17
100 6 5
100 21 8
100 64 4
101 59 18
101 109 10
101 237 2
101 228 -10
101 33 5
101 187 12
101 153 16
101 36 -10
101 19 11
101 59 13
101 14 3
101 217 -9
101 96 18
101 70 3
101 132 -7
101 109 12
101 58 12
101 18 20
101 217 5
101 40 -3
101 2 11
101 78 10
101 221 -2
101 77 -4
101 141 -3
101 186 -2
101 117 2
101 112 11
101 73 -10
101 208 -4
102 111 11
102 145 6
102 17 -7
102 117 5
102 146 4
102 104 -8
102 221 -3
102 114 1
102 56 12
102 208 8
102 40 17
103 41 12
103 201 -3
103 145 -5
103 126 18
103 100 -3
103 227 6
103 85 -1
103 11 6
103 76 6
103 49 -8
103 231 5
103 83 -8
103 163 15
103 164 7
103 8 6
103 186 7
103 212 8
103 175 11
103 29 18
103 112 -10
103 24 20
103 125 -5
103 210 5
104 201 -10
104 83 1
104 16 -4
104 206 2
104 141 1
104 204 1
104 114 9
104 48 -6
104 33 19
104 167 -2
104 168 20
104 175 -3
104 59 4
104 231 2
104 93 8
104 41 14
104 158 7
104 176 -7
104 64 -7
104 116 10
104 136 -5
105 12 -6
105 177 2
105 153 -4
105 79 -8
105 155 -4
105 26 -2
105 119 19
105 15 15
105 45 -3
105 200 10
105 238 12
105 80 14
105 115 5
105 206 11
105 195 2
105 212 13
105 40 15
105 183 16
105 215 1
105 169 14
105 63 -5
105 205 3
105 184 7
106 138 -7
106 123 5
106 73 -5
106 193 -6
106 223 3
106 151 14
106 109 8
106 134 -10
106 124 -2
106 58 20
106 98 3
106 159 2
106 185 15
106 91 10
106 25 9
106 26 -3
106 216 17
106 10 16
106 69 17
106 211 16
106 220 -10
106 33 -8
107 157 7
107 159 -6
107 187 -5
107 29 19
107 146 12
107 104 11
107 61 -9
107 24 5
107 11 10
107 122 10
107 13 16
107 123 13
107 138 4
107 45 16
107 94 10
107 193 3
107 180 20
107 136 10
107 70 15
107 9 4
107 56 12
107 117 8
108 212 16
108 33 1
108 63 -3
108 171 -3
108 227 -10
108 64 9
108 39 9
108 67 3
108 47 11
108 69 -2
108 113 17
108 135 -5
108 143 17
109 230 1
109 97 5
109 231 1
109 186 12
109 55 8
109 195 -1
109 59 -6
109 1 1
109 38 2
109 196 3
109 85 -1
109 24 -8
109 141 16
109 58 1
109 71 12
109 66 6
109 117 17
109 94 20
109 217 2
109 2 17
109 88 3
109 182 16
109 110 19
109 149 -1
109 188 4
109 214 8
109 44 -7
110 134 -4
110 116 -4
110 96 15
110 203 13
110 107 4
110 158 17
110 48 -3
110 22 -6
110 68 -7
110 54 -4
110 22 4
110 108 19
110 175 4
110 212 2
110 188 -1
110 133 9
110 182 -5
110 15 13
110 52 2
110 167 14
111 57 2
111 211 8
111 52 -2
111 145 17
111 53 2
111 109 7
111 47 -2
111 193 8
111 84 3
111 8 2
111 217 12
111 33 17
111 233 -7
111 74 5
111 79 -8
111 203 8
111 170 8
111 73 2
111 112 -10
112 64 9
112 31 7
112 173 5
112 81 -4
112 63 13
112 52 -5
112 180 9
112 57 5
112 238 9
112 58 7
112 224 1
112 157 9
113 101 16
113 192 4
113 173 6
113 143 -2
113 96 20
113 52 -7
113 76 -7
113 159 3
113 65 13
113 71 2
113 18 6
113 9 14
113 195 16
113 126 3
113 225 9
113 98 13
113 59 9
114 94 5
114 84 -1
114 51 1
114 167 2
114 56 15
114 93 -9
114 190 -5
114 173 7
114 17 9
114 108 -6
114 214 -7
114 85 16
114 16 10
114 166 7
114 122 -6
114 166 16
114 93 11
114 8 1
114 118 9
114 133 7
114 171 15
114 38 3
114 3 -3
115 211 -1
115 11 6
115 227 11
115 143 1
115 107 12
115 28 -9
115 5 19
115 122 6
115 197 13
115 92 -6
115 129 -3
115 134 -1
115 198 -8
115 178 18
115 8 7
115 174 15
115 64 2
115 106 10
115 134 10
115 19 15
115 26 -9
115 159 19
116 108 6
116 119 16
116 42 16
116 203 13
116 91 -6
116 84 4
116 219 -2
116 142 -6
116 123 -5
116 147 11
116 188 18
116 145 19
116 82 11
116 169 11
116 86 16
116 30 10
116 97 2
116 167 -8
116 32 -3
117 133 -10
117 38 1
117 83 5
117 112 12
117 21 15
117 35 -3
117 103 -7
117 194 6
117 138 10
117 141 -8
117 195 -9
117 125 11
117 218 9
117 137 12
117 100 11
117 50 12
117 229 1
117 153 14
117 69 -2
117 24 11
118 237 -1
118 182 -3
118 120 3
118 79 7
118 113 -2
118 159 19
118 159 9
118 146 -2
118 67 -8
118 39 19
118 83 4
118 154 5
118 58 3
118 149 -10
118 39 -2
118 207 -8
118 90 7
118 51 11
118 119 5
118 173 5
118 229 11
118 235 9
118 222 15
118 177 13
118 224 5
118 1 -10
118 201 15
118 130 12
119 221 14
119 64 7
119 156 2
119 209 -7
119 25 2
119 220 14
119 213 -5
119 156 7
119 71 17
119 176 -1
119 150 17
119 211 18
119 237 -3
119 195 -4
119 54 2
119 15 -3
119 45 7
120 69 2
120 172 -10
120 25 20
120 139 16
120 88 16
120 101 -1
120 33 13
120 153 9
120 108 12
120 236 -9
120 36 15
120 139 -2
120 12 12
120 176 -4
120 131 -3
120 134 19
120 34 -7
120 138 13
120 63 17
120 127 10
120 62 8
121 71 19
121 13 -4
121 21 -7
121 160 17
121 115 4
121 171 5
121 161 -1
121 10 -6
121 76 -8
121 198 13
121 1 20
121 72 6
122 3 -4
122 164 3
122 205 20
122 129 11
122 137 3
122 61 -2
122 166 -8
122 165 -7
122 161 19
122 101 19
122 125 -9
122 186 15
122 236 -2
122 231 8
122 179 17
122 117 -10
122 220 5
122 15 -8
122 91 8
122 42 -8
123 93 3
123 114 10
123 45 -4
123 134 14
123 14 -3
123 113 14
123 220 3
123 82 5
123 23 13
123 226 -10
123 95 -5
123 35 14
123 35 16
123 230 4
123 121 -4
123 68 -1
123 14 3
123 90 -4
123 228 16
123 46 9
123 91 4
123 179 3
123 173 -9
123 115 18
123 209 1
123 190 -7
123 92 8
124 103 1
124 192 18
124 10 18
124 3 12
124 84 12
124 199 20
124 151 11
124 177 1
124 120 19
124 153 -9
124 54 -2
124 14 14
124 233 2
124 175 -10
124 207 2
124 32 4
124 130 11
124 21 1
124 191 5
124 207 15
125 210 2
125 102 7
125 208 14
125 192 2
125 85 12
125 156 17
125 191 17
125 155 13
125 41 14
125 223 20
125 135 5
125 197 6
125 153 11
125 209 -4
125 107 13
125 31 -5
125 110 -3
125 16 -10
125 124 19
125 71 13
125 199 -5
125 228 -7
125 54 18
126 146 20
126 142 12
126 50 13
126 164 6
126 236 -8
126 176 -9
126 58 -8
126 208 -2
126 41 13
126 222 9
126 13 8
126 13 9
126 51 12
126 141 7
126 224 6
126 52 15
126 118 -1
126 173 13
126 32 -1
126 123 11
126 130 15
126 71 -8
126 167 6
126 178 -7
126 180 -2
126 191 -5
126 142 2
126 131 -10
127 129 1
127 210 14
127 7 -5
127 168 6
127 46 19
127 214 4
127 167 16
127 75 11
127 191 16
127 67 11
127 106 4
127 112 18
127 139 1
127 121 4
127 136 -9
127 5 19
127 8 11
127 1 13
127 198 2
127 169 11
127 219 9
127 144 2
127 39 10
127 78 4
127 114 9
127 31 -9
127 70 1
127 46 16
127 95 19
127 168 3
127 32 -1
127 43 -7
128 189 4
128 154 8
128 57 17
128 85 -3
128 87 9
128 88 -9
128 202 13
128 211 -7
128 150 4
128 222 10
128 2 -6
128 85 19
128 132 19
128 114 12
128 17 8
129 152 -9
129 220 -8
129 152 16
129 196 1
129 153 13
129 184 10
129 217 -1
129 159 3
129 179 -6
129 18 -10
129 53 8
129 54 20
129 212 -9
129 148 15
129 106 -2
130 34 2
130 22 -10
130 57 19
130 164 3
130 155 6
130 145 -1
130 4 2
130 196 -5
130 92 9
130 81 -10
130 185 -6
130 214 8
130 175 15
130 211 -7
130 238 1
130 76 1
130 138 19
130 99 13
130 44 15
130 223 -9
130 18 -9
130 167 -8
131 43 8
131 14 -10
131 138 7
131 169 1
131 157 -6
131 83 5
131 123 18
131 88 3
131 120 3
131 146 12
131 192 -2
131 41 -8
131 77 -7
131 197 14
131 178 2
131 90 4
131 172 16
131 216 8
131 205 18
131 57 -2
132 96 -2
132 155 2
132 60 16
132 61 11
132 233 7
132 72 11
132 41 11
132 65 -9
132 96 18
132 10 7
132 231 20
132 152 -5
132 209 18
132 18 9
132 121 3
132 9 -2
132 79 -2
132 18 2
132 180 2
132 124 -8
132 223 18
133 206 -6
133 168 1
133 43 12
133 109 -6
133 6 -4
133 64 -8
133 89 -3
133 34 11
133 181 -6
133 211 2
133 15 18
133 177 9
133 179 2
133 176 5
133 212 -5
133 237 1
133 171 7
133 227 -3
133 232 14
133 114 6
133 156 2
133 8 -2
134 218 12
134 184 3
134 36 6
134 157 14
134 209 -4
134 151 9
134 139 6
134 156 5
134 213 17
134 187 20
134 119 12
134 52 11
134 236 11
134 84 -5
134 4 16
134 13 16
134 82 7
134 201 -7
135 139 19
135 211 7
135 179 -4
135 176 -10
135 21 -1
135 129 15
135 196 3
135 57 8
135 95 9
135 30 16
135 68 5
135 140 16
135 51 -2
135 78 8
135 94 11
135 9 4
135 210 -7
135 97 -10
135 124 13
135 238 5
135 183 -3
136 236 19
136 163 13
136 158 -1
136 39 -7
136 176 6
136 23 20
136 27 -9
136 78 3
136 39 1
136 4 19
136 227 -6
136 70 5
136 118 -1
136 125 6
136 82 -1
136 114 -6
136 219 2
136 89 -9
137 70 13
137 118 5
137 110 6
137 200 16
137 196 -7
137 74 9
137 34 13
137 179 19
137 145 4
137 31 11
137 211 -9
137 22 -9
137 81 14
137 150 17
137 206 14
137 28 2
137 150 16
137 25 6
138 30 14
138 107 18
138 38 -1
138 126 7
138 225 -4
138 102 -6
138 100 19
138 6 3
138 68 7
138 60 7
138 124 5
138 60 6
138 193 8
138 210 9
138 102 9
138 157 3
138 188 -5
138 189 4
138 48 19
138 175 -3
138 17 12
139 123 10
139 106 5
139 230 15
139 55 -9
139 57 13
139 185 5
139 143 4
139 121 -6
139 156 16
139 72 10
139 106 16
139 186 9
139 217 2
139 91 15
139 223 9
139 138 4
139 182 2
139 130 -2
140 37 9
140 88 -1
140 46 1
140 49 10
140 14 11
140 191 8
140 164 -9
140 65 19
140 155 7
140 96 -2
140 76 -4
140 96 18
140 162 3
140 22 -6
140 41 18
140 99 -8
140 223 11
140 84 20
140 227 1
140 127 10
140 71 -3
140 40 7
140 227 2
140 186 11
140 127 -6
141 37 8
141 11 -7
141 136 -7
141 82 -6
141 21 13
141 143 7
141 228 -6
141 35 1
141 119 8
141 90 5
141 105 9
141 222 19
141 24 8
141 222 10
141 6 2
141 146 19
141 68 -6
142 158 15
142 81 8
142 113 6
142 38 15
142 181 14
142 13 1
142 178 6
142 55 -1
142 145 18
142 126 9
142 238 -1
142 25 -5
142 109 -9
142 102 6
142 10 6
142 26 -8
142 183 15
142 129 15
142 60 1
142 58 -3
142 68 15
142 194 7
142 235 20
142 72 2
143 51 2
143 129 7
143 136 10
143 95 5
143 56 -2
143 102 -1
143 178 -9
143 22 15
143 15 -2
143 9 20
143 121 4
143 111 5
143 107 -10
143 44 14
143 134 7
144 130 8
144 171 -4
144 176 9
144 170 -6
144 225 2
144 224 -8
144 53 11
144 207 7
144 110 1
144 184 -5
144 117 14
144 160 -1
144 214 -6
144 27 -3
144 16 -8
145 173 -1
145 72 2
145 220 7
145 1 11
145 153 1
145 41 3
145 103 2
145 78 -2
145 227 -1
145 219 8
145 202 12
145 37 6
145 213 12
145 96 -2
145 164 -4
145 211 16
146 77 7
146 163 10
146 234 19
146 106 5
146 34 -3
146 79 18
146 49 -3
146 157 18
146 101 6
146 34 -6
146 171 6
146 219 -8
146 191 7
147 233 4
147 6 1
147 157 2
147 189 -9
147 235 9
147 193 1
147 113 9
147 67 16
147 167 -8
147 188 3
147 126 7
147 159 -4
147 96 10
147 237 18
147 188 11
147 84 2
147 174 -5
147 206 -6
147 221 2
147 185 3
147 229 6
148 135 14
148 163 10
148 158 -1
148 198 10
148 236 18
148 151 11
148 186 -10
148 62 15
148 123 -9
148 200 -9
148 236 20
148 192 1
148 206 3
148 51 17
148 127 8
148 163 -3
148 227 -1
148 118 8
148 128 11
148 55 -1
149 200 4
149 137 -7
149 8 -2
149 28 -5
149 177 14
149 87 -9
149 160 -10
149 61 10
149 153 6
149 199 1
149 93 -4
149 84 -3
149 45 -4
149 169 -6
149 86 15
149 217 17
149 176 -5
149 166 20
149 119 -6
150 27 1
150 79 -3
150 187 -5
150 188 4
150 101 -3
150 160 11
150 22 9
150 130 15
150 51 16
150 48 -3
150 114 19
150 40 10
150 98 5
150 71 6
150 81 11
150 44 -6
150 203 18
150 204 -3
150 236 -5
150 74 14
150 47 6
151 225 -4
151 61 -9
151 215 3
151 80 12
151 175 8
151 18 -3
151 203 16
151 71 5
151 201 14
151 47 13
151 73 2
151 172 14
151 2 -7
151 199 -8
151 93 8
151 57 10
151 37 13
151 57 14
151 171 15
151 29 -7
151 85 15
151 25 12
152 157 12
152 33 14
152 46 -2
152 116 -3
152 211 -8
152 222 14
152 155 -6
152 51 9
152 143 8
152 211 -7
152 104 -2
152 138 9
152 54 13
152 164 3
152 229 12
152 138 19
152 4 11
152 132 6
152 185 16
152 191 11
153 33 16
153 60 1
153 212 2
153 111 -1
153 120 -3
153 188 7
153 171 -4
153 122 -2
153 230 13
153 125 6
153 123 -2
153 9 -6
153 44 -3
153 22 8
153 211 6
153 120 13
153 113 7
153 235 20
153 99 17
153 71 -5
153 235 20
154 120 2
154 121 4
154 89 -8
154 127 -8
154 200 -3
154 97 14
154 141 -3
154 193 -8
154 85 -10
154 56 8
154 1 2
154 18 10
154 147 3
154 189 18
154 71 -10
154 181 -7
154 22 1
154 167 18
154 156 12
154 97 19
154 6 7
154 155 10
154 115 -2
154 193 4
154 98 11
154 62 16
154 17 6
154 224 -10
155 222 7
155 34 12
155 25 9
155 217 10
155 198 5
155 145 -1
155 201 5
155 176 -2
155 112 2
155 221 13
155 92 7
155 14 1
155 230 -5
155 43 11
155 185 17
155 142 20
156 31 19
156 112 13
156 214 6
156 197 19
156 218 6
156 122 4
156 173 -1
156 218 20
156 8 11
156 143 -3
156 235 -10
156 80 4
156 36 19
156 77 -4
156 215 9
156 3 5
156 147 8
156 80 2
156 63 10
156 9 11
157 95 20
157 62 -7
157 77 -9
157 64 8
157 66 4
157 136 3
157 114 14
157 74 -9
157 27 12
157 113 19
157 96 13
157 25 11
157 187 -10
157 197 12
157 132 -2
157 35 -4
157 184 16
157 5 16
157 11 2
157 71 16
157 56 -8
158 29 20
158 110 2
158 173 10
158 9 -1
158 143 14
158 99 20
158 85 -6
158 107 3
158 50 7
158 231 -3
158 145 -10
158 2 5
158 118 -5
158 50 16
159 226 19
159 217 -7
159 114 7
159 110 -7
159 150 13
159 105 16
159 116 17
159 85 18
159 202 12
159 149 17
159 71 3
159 134 16
159 60 20
159 31 10
159 79 -9
159 49 1
159 16 12
159 84 17
159 10 12
159 81 14
159 63 -6
159 71 13
159 198 -7
159 130 6
159 38 19
159 75 5
160 196 10
160 178 -10
160 17 -2
160 178 -6
160 31 14
160 109 8
160 236 -10
160 231 1
160 126 7
160 137 -9
160 72 18
160 72 20
160 174 18
160 49 5
160 192 18
160 87 19
160 113 16
160 189 9
160 8 18
160 58 -9
160 180 1
160 62 9
161 76 17
161 233 -1
161 78 -1
161 1 12
161 133 11
161 222 -7
161 120 19
161 63 3
161 210 1
161 9 7
161 178 -9
161 153 16
161 211 11
161 148 7
161 136 11
161 190 -5
161 76 1
161 8 18
161 215 -2
161 53 16
161 45 -4
161 144 5
161 102 -1
162 7 13
162 121 7
162 10 -5
162 25 18
162 43 -6
162 171 12
162 233 10
162 211 17
162 143 -4
162 139 8
162 146 -1
162 59 13
162 47 18
162 76 16
162 8 4
162 105 8
162 30 6
163 167 4
163 195 4
163 60 9
163 123 -4
163 15 20
163 89 -9
163 1 7
163 224 20
163 119 15
163 213 1
163 75 -5
163 151 -7
163 117 4
163 55 12
163 215 14
163 68 4
163 191 12
163 97 -9
163 87 -1
164 144 -3
164 14 -9
164 82 10
164 147 12
164 75 -8
164 182 -8
164 226 8
164 195 18
164 124 -10
164 96 9
164 51 6
164 192 -7
164 112 19
164 91 -8
165 230 4
165 202 20
165 125 13
165 117 19
165 45 -1
165 183 -10
165 228 3
165 234 16
165 78 18
165 29 5
165 145 -1
165 158 -9
165 39 8
165 2 18
165 217 -8
165 36 2
165 110 -4
165 125 6
165 19 15
166 105 8
166 28 3
166 5 -4
166 215 6
166 149 -2
166 158 3
166 226 9
166 65 -7
166 3 8
166 171 11
166 196 -10
166 230 1
166 73 6
166 74 18
166 189 16
166 183 -8
166 31 15
166 77 -8
166 228 -3
166 184 9
166 200 12
166 185 8
166 147 7
166 160 -10
167 29 -10
167 177 20
167 89 3
167 4 -10
167 181 12
167 34 4
167 129 10
167 217 19
167 157 -5
167 14 20
167 57 -1
167 162 18
167 1 6
167 56 12
167 159 -9
167 99 -6
167 151 -9
167 205 17
167 165 -7
167 228 5
167 111 -5
167 214 18
168 164 14
168 155 10
168 138 16
168 206 3
168 83 4
168 70 10
168 224 -10
168 6 -8
168 230 8
168 218 -4
168 99 -6
168 13 -5
168 40 -6
168 191 6
168 178 10
168 152 7
168 48 -5
168 40 8
168 170 -2
168 130 -2
168 37 -3
168 24 15
168 104 -10
169 215 -4
169 7 1
169 202 -6
169 235 9
169 230 -3
169 227 14
169 97 -4
169 140 -8
169 213 7
169 112 7
169 226 -4
169 122 15
169 184 -7
169 119 10
169 156 -4
169 200 15
169 209 11
169 113 2
169 170 -7
169 208 10
169 195 -2
169 175 10
169 36 7
169 84 10
169 54 3
169 90 16
170 49 18
170 225 15
170 59 -1
170 140 15
170 35 12
170 83 13
170 97 19
170 175 -9
170 233 -3
170 22 -2
170 12 -5
170 139 18
170 21 12
170 95 -8
170 176 14
170 36 4
171 177 4
171 36 14
171 163 3
171 204 5
171 144 3
171 186 2
171 84 18
171 228 14
171 100 15
171 168 3
171 8 15
171 35 7
171 149 3
171 8 19
171 56 1
171 218 17
171 172 6
171 11 2
171 38 7
172 155 12
172 187 4
172 99 11
172 41 7
172 181 -7
172 61 16
172 153 20
172 205 2
172 164 16
172 165 -6
172 210 20
172 135 14
172 37 8
172 199 5
172 207 -3
172 136 -8
172 115 -2
172 101 11
172 175 3
172 222 3
172 227 15
172 143 11
172 217 4
172 61 2
172 59 5
172 185 -8
173 143 -8
173 153 17
173 29 14
173 170 -5
173 158 -5
173 65 15
173 224 5
173 18 3
173 131 3
173 199 7
173 34 3
173 155 -1
173 187 -3
173 38 8
173 197 4
173 8 10
173 75 12
174 213 18
174 29 18
174 85 13
174 101 14
174 201 9
174 154 -1
174 183 5
174 160 19
174 222 -1
174 127 10
174 116 13
174 126 7
174 188 -2
174 137 12
174 202 13
174 23 4
174 170 -5
174 153 10
174 94 5
174 39 -5
175 44 5
175 174 -2
175 225 3
175 219 16
175 209 18
175 46 7
175 227 -3
175 166 7
175 192 11
175 69 20
175 16 6
175 145 11
175 214 17
175 115 15
175 51 -9
175 222 13
175 136 -3
175 131 16
175 35 -5
175 177 -4
176 172 13
176 49 2
176 228 15
176 162 5
176 103 -9
176 166 4
176 107 -7
176 31 -5
176 183 -4
176 63 5
176 20 -1
176 146 -4
176 76 -2
176 189 6
176 54 12
176 163 -4
176 25 3
176 165 14
176 200 5
176 74 -9
176 58 -1
176 122 1
176 15 9
176 26 -9
176 191 -2
177 114 14
177 218 9
177 22 -6
177 140 -6
177 26 9
177 59 16
177 104 -7
177 34 20
177 229 9
177 53 -9
177 109 19
177 204 12
177 146 20
177 104 12
177 16 16
177 186 1
177 192 8
178 60 15
178 57 8
178 138 3
178 113 4
178 84 19
178 4 14
178 161 -3
178 82 -2
178 109 1
178 40 -5
178 37 13
178 43 16
178 69 -3
178 206 -7
178 230 6
178 47 -8
178 14 13
178 102 -1
178 210 -4
178 34 -4
178 123 4
179 163 9
179 8 20
179 108 13
179 5 18
179 119 1
179 223 -8
179 106 8
179 30 5
179 132 15
179 6 18
179 10 -2
179 211 3
179 51 -8
179 8 15
179 230 5
179 65 15
179 88 -10
179 12 19
179 68 -1
179 74 -8
179 177 -7
179 196 9
179 173 8
179 86 8
179 91 10
179 45 2
180 214 -4
180 133 1
180 232 -4
180 128 -10
180 191 4
180 103 13
180 13 19
180 165 -10
180 120 14
180 49 6
180 144 3
180 118 3
181 105 9
181 12 -4
181 41 13
181 54 6
181 50 7
181 140 7
181 164 19
181 157 15
181 150 4
181 191 19
181 43 16
181 27 7
181 170 -7
181 212 6
181 56 5
181 128 16
181 186 14
181 159 6
181 115 7
181 158 6
181 125 5
182 155 20
182 14 12
182 160 -9
182 133 7
182 50 9
182 77 1
182 157 -1
182 219 -10
182 32 4
183 178 18
183 181 -8
183 98 5
183 182 9
183 134 -9
183 47 2
183 160 15
183 118 16
183 211 -10
183 57 -6
183 233 -5
183 181 18
183 214 -4
183 127 3
183 143 18
183 204 5
183 98 -5
183 37 2
183 179 -10
183 132 15
183 93 8
183 144 -1
184 91 7
184 123 5
184 48 17
184 153 -10
184 31 3
184 144 15
184 123 11
184 161 -9
184 126 4
184 138 -8
184 139 13
184 155 12
184 170 17
184 210 -5
184 53 -3
184 195 -7
184 121 -10
184 79 -9
184 37 4
184 69 11
184 21 14
184 185 2
184 51 20
184 15 19
185 209 12
185 70 -8
185 67 2
185 91 6
185 203 17
185 82 -3
185 67 12
185 53 11
185 65 -6
185 219 6
185 123 -8
185 154 3
185 158 8
185 213 -5
185 171 9
185 152 4
185 34 2
185 167 -5
185 156 16
185 73 13
185 35 -8
185 125 -8
185 124 18
186 207 -9
186 59 -8
186 93 4
186 172 14
186 12 -10
186 72 -6
186 103 -1
186 61 -10
186 134 17
186 38 18
186 171 14
187 176 8
187 235 16
187 71 -2
187 236 2
187 52 14
187 161 -4
187 89 -8
187 184 14
187 215 -6
187 144 2
187 139 -4
187 205 -4
187 167 10
187 222 16
187 178 3
187 2 12
187 89 2
187 93 -5
187 82 -8
188 56 13
188 183 -5
188 74 9
188 42 5
188 42 16
188 23 -4
188 110 1
188 142 13
188 154 5
188 127 15
188 98 19
188 191 -2
188 24 -1
188 83 -2
188 12 -4
188 76 -6
188 193 3
188 48 12
189 113 17
189 135 6
189 33 14
189 14 11
189 33 10
189 182 2
189 238 6
189 70 -8
189 43 9
189 224 -1
189 224 11
189 181 15
189 97 -7
189 77 -9
189 1 -9
189 87 4
189 197 7
189 15 20
189 233 -3
189 140 7
189 59 15
189 147 -3
189 211 -3
189 170 3
189 71 14
189 165 -5
189 236 5
189 31 16
190 220 -2
190 74 -9
190 129 19
190 230 6
190 205 -9
190 72 18
190 171 -5
190 212 6
190 157 9
190 49 3
190 1 4
190 103 15
190 43 20
190 203 19
190 207 -5
190 189 20
190 163 -4
190 141 15
190 192 8
190 3 2
190 139 -2
190 13 6
191 94 6
191 118 15
191 30 8
191 89 12
191 188 16
191 165 20
191 108 18
191 153 19
191 237 16
191 100 2
191 131 18
191 185 18
191 41 19
191 158 3
191 53 4
191 85 6
191 168 2
191 151 12
191 61 11
191 21 1
191 193 15
191 22 5
191 123 18
191 66 -2
192 71 -4
192 96 5
192 126 12
192 97 13
192 17 -8
192 235 -6
192 171 5
192 178 -4
192 71 1
192 198 4
192 155 13
192 9 8
192 161 20
192 9 -10
192 54 17
192 139 19
192 160 20
192 74 -3
192 121 18
192 54 -7
192 103 3
192 202 20
192 149 2
192 140 -10
193 63 -1
193 80 2
193 198 6
193 95 3
193 58 20
193 100 5
193 134 6
193 76 16
193 223 -3
193 84 11
193 200 20
193 135 -7
193 226 -2
193 12 18
193 199 18
194 165 7
194 53 -2
194 208 16
194 21 -8
194 17 7
194 130 17
194 235 -2
194 143 -4
194 68 19
194 47 -9
194 235 17
194 207 -6
194 133 11
194 77 19
194 236 -3
194 187 -8
194 188 17
194 91 11
195 218 4
195 28 12
195 204 -2
195 178 -1
195 100 18
195 58 10
195 3 10
195 135 16
195 102 6
195 49 4
195 156 17
195 160 -8
195 194 -4
195 238 -9
195 196 -4
195 32 6
195 31 2
196 201 19
196 3 17
196 107 15
196 172 3
196 194 9
196 167 -7
196 238 -8
196 120 -10
196 62 4
196 31 7
196 10 -10
196 153 3
196 76 1
196 189 3
196 205 11
196 53 16
196 63 -4
196 123 10
196 95 -1
197 139 13
197 46 4
197 186 -4
197 9 15
197 49 -8
197 111 2
197 6 -8
197 57 -3
197 138 14
197 108 8
197 213 14
197 165 4
197 114 9
198 113 13
198 205 5
198 90 8
198 64 9
198 94 18
198 123 -5
198 5 -9
198 6 -9
198 82 6
198 118 -6
198 199 4
198 190 17
198 82 9
198 161 3
198 155 17
198 127 10
198 192 -1
198 201 -7
198 161 11
198 151 12
198 105 -3
198 150 17
198 225 7
198 211 1
198 202 10
198 61 17
198 217 7
198 223 5
199 145 13
199 63 1
199 112 12
199 136 -6
199 180 18
199 57 2
199 153 20
199 155 3
199 122 -8
199 235 12
199 131 2
199 9 1
199 143 14
199 187 18
199 191 7
199 95 1
199 194 17
199 164 -9
199 157 15
199 208 19
199 74 6
199 157 -9
200 106 -6
200 49 -6
200 155 4
200 89 -9
200 170 -6
200 72 4
200 24 3
200 208 -2
200 65 16
200 80 4
200 232 13
200 85 -4
200 171 -1
200 232 14
200 171 -1
200 214 8
200 49 -6
200 67 14
200 47 12
200 190 12
200 143 -7
201 229 6
201 23 -5
201 220 2
201 143 4
201 196 12
201 208 5
201 19 17
201 186 2
201 167 12
201 43 1
201 49 10
201 57 -2
201 131 -8
201 43 8
201 95 15
201 15 6
201 173 13
201 221 17
202 20 5
202 124 18
202 182 15
202 185 -3
202 93 20
202 114 14
202 3 15
202 150 2
202 236 6
202 228 -1
202 26 -9
202 211 6
202 114 -7
202 93 3
202 54 18
202 174 16
202 198 4
202 231 15
202 189 4
202 121 -7
202 164 6
202 28 -7
202 126 15
203 136 11
203 142 7
203 177 6
203 107 1
203 19 4
203 234 -3
203 40 16
203 153 -2
203 141 14
203 42 13
203 132 15
203 63 -9
203 204 -7
203 130 -6
203 52 -3
203 61 -2
203 167 -8
203 212 1
203 60 3
203 179 14
203 102 -5
203 138 8
203 57 15
203 65 -7
203 231 -5
204 48 6
204 220 -1
204 53 3
204 143 7
204 57 11
204 187 18
204 194 -8
204 182 16
204 107 8
204 181 -8
204 10 16
204 27 -3
204 74 -4
204 13 -10
204 180 16
204 104 -1
204 127 14
204 33 1
204 53 4
204 222 11
204 107 -2
204 37 -8
204 63 -10
204 95 15
204 168 19
205 31 14
205 192 10
205 44 16
205 122 18
205 13 -4
205 154 -4
205 169 19
205 79 12
205 5 -7
205 139 1
205 4 19
205 141 -8
205 147 19
205 36 16
205 105 4
205 138 12
205 139 2
205 191 17
205 29 4
205 152 11
205 214 -6
205 112 -8
205 58 11
205 24 8
205 127 7
205 223 -9
205 173 12
205 71 12
205 49 4
205 31 5
205 194 16
205 162 -10
205 22 -2
205 106 9
206 41 19
206 189 6
206 36 20
206 131 5
206 153 -2
206 33 5
206 188 19
206 80 8
206 82 12
206 227 20
206 101 5
206 78 17
206 211 9
206 103 3
206 10 16
206 145 -4
206 146 4
206 86 -6
206 7 11
206 165 -6
206 177 15
206 147 10
206 221 4
206 111 13
207 123 15
207 235 17
207 152 14
207 94 15
207 98 6
207 30 19
207 234 4
207 179 15
207 20 13
207 157 8
207 52 10
207 90 -2
207 230 19
207 234 6
207 141 17
207 47 19
207 154 5
207 187 14
208 181 4
208 36 18
208 191 2
208 234 5
208 203 -8
208 101 12
208 100 15
208 157 4
208 143 -7
208 95 1
208 135 10
208 96 12
208 4 10
208 4 -5
208 225 12
208 166 -8
208 162 10
208 217 16
208 171 17
209 111 9
209 80 -6
209 41 4
209 215 10
209 204 14
209 134 -8
209 58 10
209 155 13
209 158 11
209 49 1
209 81 7
209 41 14
209 66 1
209 203 -7
209 84 -10
209 54 9
209 93 2
209 105 14
210 180 1
210 35 -1
210 139 10
210 227 16
210 8 15
210 122 7
210 211 -7
210 182 20
210 34 -1
210 221 8
210 61 8
210 45 4
210 74 13
210 214 3
210 75 5
210 34 3
210 67 12
210 229 1
210 137 4
210 38 8
211 226 -8
211 102 6
211 59 -10
211 220 8
211 234 15
211 86 3
211 14 6
211 195 10
211 171 -1
211 81 7
211 77 18
211 154 -5
211 98 3
211 208 19
211 111 -8
211 223 13
211 123 14
211 176 16
212 21 8
212 51 9
212 5 -9
212 234 12
212 127 12
212 65 -1
212 156 8
212 161 1
212 226 -6
212 40 10
212 59 -7
212 231 11
212 181 -3
213 52 13
213 78 4
213 143 3
213 214 13
213 6 -1
213 170 8
213 72 10
213 155 -2
213 136 -6
213 199 5
213 215 1
213 190 -1
213 237 10
213 115 11
213 212 5
213 28 8
213 214 3
213 50 -7
213 2 7
213 232 4
213 23 15
213 164 1
213 12 -5
213 13 14
213 67 -6
213 201 -4
213 89 -10
214 147 10
214 231 11
214 65 -9
214 85 -2
214 211 -9
214 15 17
214 226 14
214 194 7
214 188 6
214 47 8
214 175 5
214 109 -5
214 229 7
214 206 -8
214 136 8
214 88 10
215 182 3
215 31 -5
215 5 4
215 158 -4
215 38 -4
215 158 14
215 137 -4
215 180 -10
215 142 -1
215 202 2
215 163 -4
215 113 10
215 17 20
215 229 -3
215 190 2
215 121 -7
215 101 -9
215 131 14
215 33 16
215 35 17
215 53 5
216 24 6
216 1 7
216 104 15
216 211 -3
216 177 1
216 234 10
216 184 15
216 89 9
216 23 14
216 116 -2
216 22 -1
216 127 19
216 237 2
216 150 -1
216 86 6
216 127 -5
216 104 4
216 212 11
216 102 16
216 104 13
216 85 -6
216 2 11
217 167 20
217 27 3
217 222 -8
217 214 -1
217 172 -10
217 45 -6
217 75 -6
217 203 19
217 230 7
217 210 19
217 227 13
217 14 -4
217 141 16
217 150 4
217 37 1
217 38 18
217 210 -3
217 142 9
217 19 16
217 238 -1
218 127 -10
218 203 5
218 98 5
218 69 -1
218 189 -6
218 238 -9
218 103 -10
218 193 15
218 164 4
218 225 17
218 102 7
218 18 -6
218 173 2
218 146 17
219 84 17
219 4 20
219 7 11
219 71 6
219 60 16
219 108 11
219 136 5
219 215 4
219 235 15
219 17 1
219 232 -7
219 111 5
219 150 16
219 14 -4
219 39 14
219 7 7
219 29 -1
219 89 19
219 125 20
219 154 12
219 176 -1
220 26 17
220 113 14
220 81 7
220 61 16
220 140 -2
220 61 9
220 59 15
220 100 -6
220 131 -10
220 215 1
220 166 -10
220 93 14
220 30 15
220 234 -7
220 134 14
220 187 2
221 51 2
221 207 20
221 211 16
221 153 -7
221 83 17
221 112 -6
221 60 -1
221 102 5
221 32 2
221 149 5
221 2 19
221 143 4
221 124 4
221 101 3
221 112 18
221 42 -5
221 172 19
221 192 6
221 27 5
221 193 7
221 143 8
221 178 16
221 134 2
222 75 -6
222 187 18
222 7 2
222 178 -3
222 166 4
222 215 -6
222 102 8
222 112 9
222 142 18
222 98 -9
222 188 -6
222 105 -7
222 110 10
222 163 11
222 229 -4
222 57 8
222 168 13
222 151 17
222 88 16
222 232 15
222 63 6
223 190 3
223 181 -7
223 185 5
223 77 15
223 199 16
223 3 14
223 152 19
223 96 15
223 14 12
223 105 -8
223 153 -5
223 191 3
223 208 11
223 178 -7
223 231 18
223 7 3
223 27 9
223 101 15
223 4 -10
223 172 9
223 160 -2
223 176 -8
224 227 -2
224 32 16
224 69 -10
224 54 -6
224 120 3
224 179 -3
224 170 -7
224 157 -7
224 231 3
224 217 10
224 220 6
224 9 11
224 205 20
224 107 17
224 135 8
224 40 13
224 72 16
224 118 7
224 97 1
224 124 -2
224 123 -2
224 112 11
225 82 -10
225 213 14
225 85 18
225 161 1
225 50 -7
225 169 4
225 194 1
225 26 -9
225 60 14
225 182 5
225 32 -4
225 6 20
225 213 6
225 206 -9
225 136 -3
225 180 9
225 176 1
225 95 -8
226 115 2
226 50 -6
226 43 3
226 198 -2
226 202 1
226 70 5
226 168 14
226 62 18
226 132 -7
226 170 19
226 144 10
226 200 -5
226 156 18
226 198 14
226 81 -10
226 152 1
226 29 -4
226 198 14
226 67 19
226 205 -9
226 44 15
226 100 4
226 232 13
226 174 1
226 71 3
226 53 -3
226 37 -7
227 156 19
227 34 4
227 64 20
227 226 19
227 93 10
227 147 -10
227 80 -5
227 75 -6
227 130 11
227 103 16
227 126 -4
227 216 12
227 1 -6
227 37 5
227 131 15
227 36 7
227 19 14
227 126 14
228 231 11
228 168 14
228 167 2
228 72 7
228 129 5
228 120 14
228 67 -7
228 137 17
228 58 1
228 4 9
228 40 -5
228 60 2
228 71 10
228 19 13
228 27 -1
228 26 18
228 59 6
228 41 -4
228 197 15
228 158 -2
228 144 1
228 134 1
228 216 10
228 41 12
228 35 19
229 235 -1
229 186 6
229 37 -6
229 40 -2
229 203 6
229 102 16
229 142 4
229 71 3
229 207 -5
229 137 15
229 76 12
229 101 6
229 88 -9
229 149 3
229 12 5
229 130 20
229 221 8
229 120 5
229 40 7
229 201 15
229 171 12
229 227 9
229 112 15
229 87 9
229 198 9
229 185 6
229 58 10
229 65 13
229 4 3
229 26 -6
230 223 17
230 196 15
230 11 9
230 124 16
230 54 12
230 65 -9
230 81 13
230 85 11
230 3 -5
230 98 13
230 91 12
230 4 20
230 215 -5
230 185 -10
230 205 14
230 114 -9
230 76 -3
230 236 4
230 64 19
230 125 5
231 46 5
231 104 1
231 199 18
231 25 1
231 72 15
231 121 6
231 114 1
231 237 10
231 232 9
231 110 2
231 205 1
231 190 -1
231 144 10
231 1 14
231 235 -8
231 28 15
231 156 -1
231 106 18
231 18 11
231 79 11
231 135 -4
231 23 -1
232 127 2
232 132 4
232 136 15
232 115 -8
232 28 -6
232 110 1
232 201 19
232 131 -1
232 169 -9
232 21 -8
232 16 3
232 39 3
233 133 -10
233 82 10
233 79 4
233 212 -1
233 113 4
233 57 11
233 39 4
233 133 1
233 84 2
233 188 -3
233 84 -1
233 33 5
233 24 -10
233 98 -2
233 160 6
233 143 20
233 57 12
233 191 5
233 208 9
233 15 11
234 14 11
234 31 8
234 80 1
234 22 9
234 79 13
234 24 9
234 168 13
234 150 17
234 117 15
234 204 15
234 173 20
234 229 16
234 77 -5
234 22 -4
234 177 4
234 49 17
234 79 -3
234 212 19
234 163 -6
234 108 3
234 170 -10
234 91 -5
234 69 -9
234 189 12
235 195 12
235 67 17
235 6 6
235 172 8
235 71 18
235 128 17
235 48 11
235 202 -6
235 120 -7
235 81 11
235 151 20
235 158 19
235 236 -10
235 146 7
235 8 4
235 60 4
235 66 -4
235 77 8
236 81 1
236 226 7
236 155 -8
236 226 18
236 141 20
236 78 -6
236 207 3
236 151 -3
236 230 10
236 209 -5
236 235 16
236 88 4
236 121 10
236 133 -5
236 10 -6
236 203 9
236 140 -1
236 80 -8
236 44 -7
237 132 6
237 210 5
237 214 10
237 98 12
237 50 6
237 144 -1
237 136 9
237 143 20
237 149 -3
238 213 8
238 135 8
238 112 7
238 200 -1
238 78 -2
